0.0,0.0,3.74,0.0,0.0,0.0,0.0,0.0,0.0,22.88,101.09,92.07,62.92,87.78,160.93,237.93,189.31
0.01,0.0,3.74,0.0,0.0,0.0,0.0,0.0,0.0,22.88,101.09,92.07,62.92,87.78,160.93,237.93,189.31
0.02,6.16,3.74,0.0,0.0,0.0,0.0,0.0,0.0,22.88,92.51,85.47,65.45,90.31,165.99,242.77,191.73
0.03,39.27,3.74,0.0,0.0,0.0,0.0,0.0,0.0,22.88,81.95,78.98,67.98,90.31,171.05,247.61,196.79
0.04,68.75,3.74,0.0,0.0,0.0,0.0,0.0,0.0,20.57,71.28,72.49,70.4,92.84,173.36,252.34,199.32
0.05,79.64,3.74,0.0,0.0,0.0,0.0,0.0,0.0,20.57,60.72,63.8,70.4,92.84,178.09,254.76,204.27
0.06,101.42,3.74,3.85,0.0,0.0,0.0,0.0,0.0,18.26,48.07,57.2,72.93,92.84,182.82,257.18,206.8
0.07,120.34,3.74,3.85,0.0,0.0,0.0,0.0,0.0,18.26,35.53,47.41,75.46,95.37,185.13,262.02,209.33
0.08,150.15,5.61,3.85,0.0,0.0,0.0,0.0,0.0,15.95,25.08,37.95,75.46,92.84,187.44,264.33,214.39
0.09,192.39,5.61,3.85,0.0,0.0,0.0,0.0,0.0,13.64,18.81,26.51,72.93,90.31,189.86,264.33,216.81
0.1,240.9,7.48,3.85,0.0,0.0,0.0,0.0,0.0,11.44,14.63,18.92,67.98,85.25,189.86,266.75,221.87
0.11,275.22,32.01,5.83,0.0,0.0,0.0,0.0,0.0,9.13,12.54,15.18,60.39,75.24,192.17,264.33,229.24
0.12,255.09,106.15,7.81,0.0,0.0,4.18,0.0,0.0,6.82,10.45,13.2,52.91,65.12,189.86,262.02,233.86
0.13,210.65,192.28,13.75,0.0,0.0,4.18,0.0,0.0,4.51,8.36,13.2,42.79,52.91,189.86,257.18,240.9
0.14,158.07,244.31,39.27,16.72,0.0,8.47,0.0,0.0,4.51,8.36,11.33,32.67,42.35,187.44,249.92,245.63
0.15,130.24,273.57,59.51,33.44,0.0,25.41,0.0,4.51,4.51,8.36,9.46,20.13,31.79,180.4,240.35,250.36
0.16,120.34,281.93,70.62,39.71,0.0,42.35,6.71,9.02,4.51,6.27,9.46,7.48,19.03,171.05,228.36,252.67
0.17,112.42,286.11,79.53,43.89,0.0,55.11,9.02,13.53,4.51,6.27,7.59,0.0,8.47,148.28,211.42,254.98
0.18,108.02,292.27,84.04,45.98,4.29,62.15,11.22,13.53,0.0,6.27,7.59,0.0,6.27,118.03,184.58,254.98
0.19,108.02,300.52,86.24,48.07,6.49,66.77,13.53,15.73,0.0,6.27,7.59,0.0,6.27,86.68,153.56,254.98
0.2,108.02,306.79,86.24,48.07,6.49,69.19,13.53,15.73,0.0,4.18,7.59,0.0,4.18,62.7,116.27,257.4
0.21,112.42,315.04,86.24,48.07,6.49,69.19,15.73,15.73,0.0,4.18,7.59,0.0,4.18,42.79,78.1,252.67
0.22,116.38,321.2,84.04,48.07,6.49,69.19,15.73,15.73,0.0,4.18,5.61,0.0,4.18,22.66,44.33,245.63
0.23,120.34,329.45,81.84,48.07,6.49,69.19,13.53,15.73,0.0,4.18,5.61,0.0,4.18,7.48,18.15,219.34
0.24,124.3,338.03,79.53,48.07,4.29,69.19,13.53,15.73,0.0,4.18,5.61,0.0,4.18,4.95,10.01,161.59
0.25,128.26,344.74,77.33,50.16,4.29,66.77,13.53,15.73,0.0,4.18,5.61,0.0,4.18,4.95,8.03,116.05
0.26,132.22,353.76,75.13,50.16,4.29,66.77,13.53,13.53,0.0,4.18,5.61,0.0,0.0,0.0,6.05,87.67
0.27,136.18,360.47,75.13,50.16,4.29,69.19,13.53,15.73,0.0,4.18,5.61,0.0,4.18,0.0,6.05,73.15
0.28,142.23,367.18,75.13,52.25,4.29,69.19,13.53,15.73,0.0,4.18,5.61,0.0,0.0,0.0,3.96,58.63
0.29,144.21,373.89,77.33,52.25,6.49,71.5,13.53,15.73,0.0,4.18,5.61,0.0,0.0,0.0,0.0,50.16
0.3,148.17,378.4,81.84,52.25,6.49,71.5,15.73,15.73,0.0,4.18,5.61,0.0,0.0,0.0,0.0,39.05
0.31,152.13,380.6,86.24,52.25,6.49,73.81,18.04,15.73,0.0,4.18,5.61,0.0,0.0,0.0,0.0,22.33
0.32,156.09,380.6,92.95,54.34,8.58,76.23,20.24,18.04,0.0,4.18,5.61,0.0,0.0,0.0,0.0,0.0
0.33,160.05,382.91,99.66,54.34,10.78,78.54,22.55,18.04,0.0,4.18,5.61,0.0,0.0,0.0,0.0,0.0
0.34,164.01,382.91,106.37,54.34,12.98,78.54,24.75,20.24,0.0,4.18,5.61,0.0,0.0,0.0,0.0,0.0
0.35,166.1,382.91,110.77,54.34,12.98,80.85,29.26,20.24,0.0,4.18,5.61,0.0,0.0,0.0,0.0,0.0
0.36,168.08,380.6,117.48,54.34,15.18,83.27,31.57,20.24,0.0,4.18,5.61,0.0,0.0,0.0,0.0,0.0
0.37,172.15,376.2,121.88,54.34,17.27,83.27,33.77,20.24,0.0,0.0,5.61,0.0,0.0,0.0,0.0,0.0
0.38,172.15,371.69,126.28,54.34,19.47,85.58,38.28,20.24,0.0,0.0,5.61,0.0,0.0,0.0,0.0,0.0
0.39,174.13,367.18,132.88,54.34,19.47,85.58,40.59,22.55,0.0,4.18,5.61,0.0,0.0,0.0,0.0,0.0
0.4,174.13,360.47,137.28,52.25,21.67,88.0,42.79,22.55,0.0,0.0,5.61,0.0,0.0,0.0,0.0,0.0
0.41,174.13,353.76,139.48,52.25,23.87,88.0,45.1,22.55,0.0,4.18,5.61,0.0,0.0,0.0,0.0,0.0
0.42,174.13,349.25,141.68,52.25,23.87,88.0,47.3,24.75,0.0,0.0,5.61,0.0,0.0,0.0,0.0,0.0
0.43,172.15,344.74,143.88,52.25,25.96,90.31,49.61,24.75,0.0,0.0,5.61,0.0,0.0,0.0,0.0,0.0
0.44,170.06,340.34,143.88,54.34,25.96,92.62,54.12,27.06,0.0,0.0,5.61,0.0,0.0,0.0,0.0,0.0
0.45,166.1,335.83,146.08,54.34,28.16,95.04,56.32,27.06,0.0,0.0,5.61,0.0,0.0,0.0,0.0,0.0
0.46,162.03,331.54,146.08,54.34,30.36,97.35,60.94,29.26,0.0,0.0,3.74,0.0,0.0,0.0,0.0,0.0
0.47,156.09,329.45,146.08,56.54,30.36,102.08,63.36,31.57,0.0,0.0,5.61,0.0,0.0,0.0,0.0,0.0
0.48,152.13,325.27,143.88,58.63,32.56,104.39,68.09,33.77,0.0,0.0,3.74,0.0,0.0,0.0,0.0,0.0
0.49,144.21,323.29,141.68,60.72,32.56,109.12,70.4,33.77,0.0,0.0,5.61,0.0,0.0,0.0,0.0,0.0
0.5,138.16,321.2,139.48,62.81,34.65,113.85,75.13,36.08,0.0,0.0,5.61,0.0,0.0,0.0,0.0,0.0
0.51,130.24,319.11,137.28,65.01,36.85,118.58,79.86,38.28,0.0,0.0,3.74,0.0,0.0,0.0,0.0,0.0
0.52,124.3,315.04,132.88,67.1,39.05,121.0,84.59,38.28,0.0,0.0,3.74,0.0,0.0,0.0,0.0,0.0
0.53,118.36,310.86,130.68,69.19,41.25,125.73,89.32,40.59,0.0,0.0,5.61,0.0,0.0,0.0,0.0,0.0
0.54,110.22,306.79,126.28,73.48,43.34,130.57,91.74,42.79,0.0,0.0,5.61,0.0,0.0,0.0,0.0,0.0
0.55,103.62,302.61,124.08,75.57,45.54,135.41,96.47,45.1,0.0,0.0,5.61,0.0,0.0,0.0,0.0,0.0
0.56,94.93,300.52,119.68,79.75,47.74,140.14,103.51,47.3,0.0,0.0,5.61,0.0,0.0,0.0,0.0,0.0
0.57,88.44,294.36,113.08,84.04,47.74,147.29,108.24,51.81,0.0,0.0,3.74,0.0,0.0,0.0,0.0,0.0
0.58,81.84,290.18,106.37,90.42,52.03,152.13,113.08,54.12,0.0,0.0,5.61,0.0,0.0,0.0,0.0,0.0
0.59,73.15,286.11,99.66,94.6,52.03,159.28,117.59,56.32,0.0,0.0,5.61,0.0,0.0,0.0,0.0,0.0
0.6,66.66,281.93,92.95,100.98,54.23,164.12,119.79,58.63,0.0,0.0,5.61,0.0,0.0,0.0,0.0,0.0
0.61,60.06,275.66,84.04,107.36,56.43,171.16,124.41,62.92,0.0,0.0,5.61,0.0,0.0,0.0,0.0,0.0
0.62,53.79,269.39,72.93,115.72,58.63,180.4,128.92,67.32,0.0,0.0,5.61,0.0,0.0,0.0,0.0,0.0
0.63,47.52,263.12,59.51,123.97,60.72,187.22,131.23,69.41,0.0,0.0,5.61,0.0,0.0,0.0,0.0,0.0
0.64,43.45,252.67,49.17,132.33,60.72,194.15,135.74,73.81,0.0,0.0,5.61,0.0,0.0,0.0,0.0,0.0
0.65,39.27,240.13,39.27,142.67,62.92,200.97,140.25,78.21,0.0,0.0,5.61,0.0,0.0,0.0,0.0,0.0
0.66,35.09,225.5,31.46,150.92,65.01,210.21,144.76,80.3,0.0,0.0,5.61,0.0,0.0,0.0,0.0,0.0
0.67,33.11,210.98,23.54,161.26,67.21,217.03,147.07,84.7,0.0,0.0,5.61,0.0,0.0,0.0,0.0,0.0
0.68,28.93,192.28,19.58,169.62,67.21,226.27,151.58,86.9,0.0,0.0,5.61,0.0,0.0,0.0,0.0,0.0
0.69,26.84,173.69,15.73,182.38,69.3,235.4,156.09,89.1,0.0,0.0,5.61,0.0,0.0,0.0,0.0,0.0
0.7,24.75,152.02,13.75,192.94,67.21,242.33,158.4,91.19,0.0,0.0,3.74,0.0,0.0,0.0,0.0,0.0
0.71,22.77,130.02,13.75,203.61,67.21,251.57,160.71,91.19,0.0,0.0,3.74,0.0,0.0,0.0,0.0,0.0
0.7199,22.77,108.13,11.77,216.26,65.01,260.81,162.91,93.39,0.0,0.0,3.74,0.0,0.0,0.0,0.0,0.0
0.7299,20.68,88.33,11.77,226.71,62.92,272.36,162.91,95.59,0.0,0.0,3.74,0.0,0.0,0.0,0.0,0.0
0.7399,18.59,70.4,11.77,238.15,60.72,281.49,165.22,95.59,0.0,0.0,3.74,0.0,0.0,0.0,0.0,0.0
0.7499,16.5,52.69,9.79,245.85,58.63,290.29,165.22,97.79,0.0,0.0,3.74,0.0,0.0,0.0,0.0,0.0
0.7599,16.5,37.62,9.79,253.44,58.63,299.09,167.53,97.79,4.51,0.0,3.74,0.0,0.0,0.0,0.0,0.0
0.7699,14.41,26.29,9.79,255.31,54.23,308.0,167.53,99.99,6.82,0.0,3.74,0.0,0.0,0.0,0.0,0.0
0.7799,12.32,20.68,7.81,253.44,49.94,316.8,169.84,104.28,20.57,0.0,3.74,0.0,0.0,0.0,0.0,0.0
0.7899,10.34,16.94,7.81,247.72,45.54,325.6,169.84,110.88,45.76,0.0,3.74,0.0,0.0,0.0,0.0,0.0
0.7999,8.25,15.07,5.83,238.15,39.05,334.73,169.84,117.59,85.8,0.0,3.74,0.0,0.0,0.0,0.0,0.0
0.8099,8.25,13.09,3.85,226.71,32.56,341.77,172.15,126.83,104.94,0.0,5.61,0.0,0.0,0.0,0.0,0.0
0.8199,6.16,11.22,3.85,212.08,25.96,346.5,172.15,135.96,114.51,0.0,5.61,0.0,0.0,0.0,0.0,0.0
0.8299,4.07,9.35,3.85,197.23,19.47,351.23,172.15,145.09,116.71,0.0,5.61,0.0,0.0,0.0,0.0,0.0
0.8399,4.07,9.35,0.0,178.09,12.98,355.85,172.15,154.33,128.04,4.18,5.61,0.0,0.0,0.0,0.0,0.0
0.8499,4.07,7.48,0.0,155.1,8.58,358.27,167.53,163.46,155.32,4.18,5.61,0.0,0.0,0.0,0.0,0.0
0.8599,0.0,7.48,0.0,130.24,6.49,358.27,160.71,170.39,206.47,6.27,9.46,0.0,0.0,0.0,0.0,0.0
0.8699,0.0,5.61,0.0,105.27,6.49,353.54,147.07,179.85,257.51,22.99,15.18,0.0,0.0,0.0,0.0,0.0
0.8799,0.0,5.61,0.0,77.66,6.49,344.19,126.61,187.0,201.74,81.95,85.47,0.0,0.0,0.0,0.0,0.0
0.8899,0.0,5.61,0.0,43.89,6.49,323.4,103.51,198.88,143.99,139.92,134.53,10.01,10.56,7.48,20.13,11.11
0.8999,0.0,5.61,0.0,20.9,8.58,281.49,79.86,210.76,123.53,159.39,169.07,15.07,12.65,22.66,36.3,16.72
0.9099,0.0,5.61,0.0,16.72,8.58,196.46,51.81,220.22,116.71,161.59,185.46,15.07,16.94,30.14,54.45,22.33
0.9199,0.0,5.61,0.0,14.63,8.58,116.16,29.26,217.8,109.67,159.39,194.81,17.6,19.03,35.2,68.42,25.08
0.9299,0.0,5.61,0.0,12.54,8.58,66.77,22.55,182.16,104.94,163.79,204.16,17.6,21.12,40.26,82.83,30.69
0.9399,0.0,3.74,0.0,10.45,8.58,31.79,18.04,135.96,104.94,170.28,213.51,17.6,25.41,45.32,94.82,33.44
0.9499,0.0,3.74,0.0,10.45,6.49,21.12,15.73,95.59,104.94,172.37,225.06,20.13,27.5,47.85,104.39,39.05
0.9599,0.0,3.74,0.0,8.36,6.49,16.94,11.22,73.81,104.94,176.55,231.77,20.13,29.59,52.91,113.96,44.66
0.9699,0.0,3.74,0.0,6.27,4.29,12.65,9.02,58.63,104.94,180.73,238.59,20.13,31.79,55.44,123.2,47.41
0.9799,0.0,3.74,0.0,6.27,0.0,8.47,4.51,36.08,107.25,184.91,243.1,22.66,33.88,60.28,127.93,53.02
0.9899,0.0,3.74,0.0,4.18,0.0,6.27,0.0,13.53,104.94,191.18,243.1,22.66,35.97,62.7,132.55,58.63
0.9999,0.0,3.74,0.0,4.18,0.0,4.18,0.0,0.0,104.94,195.36,240.9,25.19,38.06,67.54,139.59,61.49
1.0099,0.0,3.74,0.0,0.0,0.0,4.18,0.0,0.0,100.1,199.54,236.28,25.19,38.06,69.85,144.21,67.32
1.0199,0.0,3.74,0.0,0.0,0.0,4.18,0.0,0.0,97.79,203.72,231.77,27.72,40.26,74.69,148.83,70.18
1.0299,0.0,3.74,0.0,0.0,0.0,4.18,0.0,0.0,92.95,205.81,225.06,30.14,42.35,77.11,151.14,76.01
1.0399,0.0,3.74,0.0,0.0,0.0,4.18,0.0,0.0,88.22,205.81,218.13,30.14,44.44,81.84,155.87,78.98
1.0499,0.0,3.74,0.0,0.0,0.0,4.18,0.0,0.0,83.38,203.72,211.09,32.67,46.53,84.26,160.49,81.84
1.0599,0.0,3.74,0.0,0.0,0.0,4.18,0.0,0.0,78.65,199.54,204.16,32.67,46.53,86.68,162.8,87.67
1.0699,0.0,3.74,0.0,0.0,0.0,0.0,0.0,0.0,71.5,195.36,197.12,35.2,48.73,91.41,167.53,90.53
1.0799,0.0,0.0,0.0,0.0,0.0,0.0,0.0,0.0,66.66,191.18,187.77,37.73,50.82,93.83,172.37,93.5
1.0899,0.0,0.0,0.0,0.0,0.0,0.0,0.0,0.0,61.93,187.0,180.73,37.73,52.91,96.25,174.79,96.36
1.0999,0.0,0.0,0.0,0.0,0.0,0.0,0.0,0.0,57.2,180.73,173.69,40.26,52.91,101.09,179.63,102.19
1.1099,0.0,0.0,0.0,0.0,0.0,0.0,0.0,0.0,52.58,176.55,169.07,42.79,55.11,103.4,184.58,105.16
1.1199,0.0,0.0,0.0,0.0,0.0,0.0,0.0,0.0,50.27,172.37,164.45,42.79,57.53,105.82,189.42,110.99
1.1299,0.0,0.0,0.0,0.0,0.0,0.0,0.0,0.0,47.96,168.19,157.52,45.32,60.06,110.66,194.37,113.52
1.1399,0.0,0.0,0.0,0.0,0.0,0.0,0.0,0.0,43.45,163.79,152.9,47.85,62.59,113.08,199.21,116.05
1.1499,0.0,0.0,0.0,0.0,0.0,0.0,0.0,0.0,41.14,157.3,150.59,47.85,65.12,115.5,206.47,121.11
1.1599,0.0,0.0,0.0,0.0,0.0,0.0,0.0,0.0,38.83,150.7,145.97,50.38,67.65,120.56,211.42,126.17
1.1699,0.0,0.0,0.0,0.0,0.0,0.0,0.0,0.0,36.52,144.21,143.66,52.91,70.18,123.09,218.68,128.7
1.1799,0.0,0.0,0.0,0.0,0.0,0.0,0.0,0.0,34.32,139.92,139.15,55.44,72.71,125.62,223.52,133.76
1.1899,0.0,0.0,0.0,0.0,0.0,0.0,0.0,0.0,32.01,131.23,134.53,55.44,72.71,130.68,230.78,138.82
1.1999,0.0,0.0,0.0,0.0,0.0,0.0,0.0,0.0,29.7,124.63,129.91,57.97,75.24,135.74,237.93,143.88
1.2099,0.0,0.0,0.0,0.0,0.0,0.0,0.0,0.0,29.7,118.14,125.29,60.39,77.77,138.27,242.77,148.94
1.2199,0.0,0.0,0.0,0.0,0.0,0.0,0.0,0.0,27.39,109.56,118.36,62.92,80.3,143.22,249.92,154.0
1.2299,0.0,0.0,0.0,0.0,0.0,0.0,0.0,0.0,27.39,103.18,109.45,65.45,82.83,148.28,254.76,159.06
1.2399,0.0,0.0,0.0,0.0,0.0,0.0,0.0,0.0,25.08,98.89,102.96,70.4,87.78,153.34,262.02,164.12
1.2499,0.0,0.0,0.0,0.0,0.0,0.0,0.0,0.0,25.08,90.42,94.27,72.93,90.31,160.93,269.17,169.18
1.2599,0.0,0.0,0.0,0.0,0.0,0.0,0.0,0.0,22.88,84.04,83.38,75.46,92.84,165.99,274.01,174.24
1.2699,0.0,0.0,0.0,0.0,0.0,0.0,0.0,0.0,22.88,77.66,74.69,77.99,92.84,171.05,280.94,179.19
1.2799,0.0,0.0,0.0,0.0,0.0,0.0,0.0,0.0,22.88,69.19,65.89,80.41,95.37,175.67,287.87,184.25
1.2899,0.0,0.0,0.0,0.0,0.0,0.0,0.0,0.0,20.57,60.72,57.2,82.94,97.9,182.82,292.49,189.31
1.2999,0.0,0.0,0.0,0.0,0.0,0.0,0.0,0.0,20.57,52.25,47.41,85.47,97.9,187.44,299.31,194.26
1.3099,0.0,0.0,0.0,0.0,0.0,0.0,0.0,0.0,20.57,41.8,39.82,88.0,97.9,192.17,303.93,199.32
1.3199,0.0,0.0,0.0,0.0,0.0,0.0,0.0,0.0,18.26,33.44,32.23,90.53,97.9,199.32,308.55,204.27
1.3299,0.0,0.0,0.0,0.0,0.0,0.0,0.0,0.0,15.95,22.99,22.77,92.95,97.9,203.94,313.17,209.33
1.3399,0.0,0.0,0.0,0.0,0.0,0.0,0.0,0.0,13.64,16.72,18.92,90.53,95.37,211.09,315.37,216.81
1.3499,6.16,0.0,0.0,0.0,0.0,0.0,0.0,0.0,9.13,14.63,15.18,88.0,90.31,215.82,319.99,224.4
1.3599,10.34,0.0,0.0,0.0,0.0,0.0,0.0,0.0,6.82,10.45,13.2,82.94,85.25,220.55,322.3,231.55
1.3699,26.84,0.0,0.0,0.0,0.0,0.0,0.0,0.0,6.82,10.45,11.33,77.99,77.77,225.39,324.61,238.59
1.3799,41.36,0.0,0.0,0.0,0.0,0.0,0.0,0.0,4.51,8.36,9.46,70.4,67.65,230.34,324.61,247.94
1.3899,84.04,0.0,0.0,0.0,0.0,0.0,0.0,0.0,4.51,6.27,9.46,62.92,57.53,232.76,324.61,254.98
1.3999,134.2,3.74,0.0,0.0,0.0,0.0,0.0,0.0,4.51,6.27,7.59,55.44,46.53,237.6,324.61,264.44
1.4099,156.09,3.74,0.0,0.0,0.0,0.0,0.0,0.0,4.51,6.27,5.61,45.32,38.06,240.13,322.3,271.48
1.4199,186.34,3.74,0.0,0.0,0.0,0.0,0.0,0.0,4.51,4.18,5.61,32.67,27.5,237.6,317.68,278.52
1.4299,246.95,5.61,0.0,0.0,0.0,0.0,0.0,0.0,0.0,4.18,5.61,17.6,16.94,235.18,306.24,286.0
1.4399,275.22,60.5,0.0,0.0,0.0,0.0,0.0,0.0,0.0,4.18,5.61,7.48,10.56,222.97,290.18,291.06
1.4499,216.7,194.37,3.85,0.0,0.0,0.0,0.0,0.0,0.0,4.18,5.61,4.95,8.47,201.63,262.02,298.65
1.4599,148.17,290.18,11.77,8.36,0.0,4.18,0.0,0.0,0.0,0.0,3.74,0.0,8.47,168.52,218.68,303.71
1.4699,90.53,308.77,110.77,54.34,8.58,59.73,13.53,13.53,0.0,0.0,3.74,0.0,8.47,125.62,165.11,308.77
1.4799,81.84,317.02,143.88,58.63,19.47,83.27,29.26,20.24,0.0,0.0,3.74,4.95,8.47,91.41,109.23,313.83
1.4899,70.95,308.77,159.28,60.72,28.16,102.08,51.81,24.75,0.0,0.0,3.74,4.95,8.47,57.97,52.47,306.24
1.4999,64.46,298.43,170.5,62.81,32.56,113.85,65.67,29.26,0.0,0.0,3.74,4.95,8.47,17.6,22.11,250.36
1.5099,60.06,292.27,175.23,65.01,36.85,123.42,77.55,31.57,0.0,0.0,3.74,4.95,8.47,10.01,18.15,151.47
1.5199,55.88,292.27,179.96,65.01,39.05,130.57,84.59,36.08,0.0,0.0,3.74,0.0,6.27,7.48,16.06,110.99
1.5299,55.88,294.36,179.96,67.1,41.25,137.72,91.74,40.59,0.0,0.0,0.0,4.95,6.27,4.95,12.1,96.36
1.5399,53.79,296.45,177.54,69.19,43.34,144.98,98.78,42.79,0.0,0.0,0.0,0.0,4.18,0.0,8.03,81.84
1.5499,51.7,296.45,172.81,71.28,45.54,149.71,103.51,47.3,0.0,0.0,3.74,0.0,0.0,0.0,3.96,41.8
1.5599,51.7,298.43,170.5,73.48,45.54,152.13,108.24,49.61,0.0,0.0,3.74,0.0,0.0,0.0,0.0,8.36
1.5699,49.61,298.43,168.19,73.48,47.74,156.97,113.08,54.12,0.0,0.0,3.74,0.0,0.0,0.0,0.0,0.0
1.5799,49.61,296.45,168.19,75.57,49.94,159.28,115.28,56.32,0.0,0.0,3.74,0.0,0.0,0.0,0.0,0.0
1.5899,47.52,290.18,168.19,75.57,49.94,161.7,119.79,58.63,0.0,0.0,3.74,0.0,0.0,0.0,0.0,0.0
1.5999,45.54,281.93,168.19,75.57,52.03,161.7,122.1,60.72,0.0,0.0,3.74,0.0,0.0,0.0,0.0,0.0
1.6099,43.45,269.39,165.88,77.66,54.23,164.12,124.41,62.92,0.0,0.0,3.74,0.0,0.0,0.0,0.0,0.0
1.6199,41.36,256.85,163.68,77.66,54.23,164.12,128.92,65.12,0.0,0.0,3.74,0.0,0.0,0.0,0.0,0.0
1.6299,39.27,246.4,159.28,79.75,56.43,166.54,131.23,67.32,0.0,0.0,3.74,0.0,0.0,0.0,0.0,0.0
1.6399,39.27,235.95,154.88,79.75,58.63,166.54,131.23,69.41,0.0,0.0,3.74,0.0,0.0,0.0,0.0,0.0
1.6499,37.18,227.59,150.48,81.95,58.63,168.96,133.43,69.41,0.0,0.0,3.74,0.0,0.0,0.0,0.0,0.0
1.6599,35.09,219.23,146.08,81.95,60.72,168.96,135.74,71.61,0.0,0.0,3.74,0.0,0.0,0.0,0.0,0.0
1.6699,35.09,210.98,141.68,81.95,60.72,171.16,137.94,71.61,0.0,0.0,3.74,0.0,0.0,0.0,0.0,0.0
1.6799,33.11,200.64,139.48,84.04,62.92,171.16,140.25,73.81,0.0,0.0,3.74,0.0,0.0,0.0,0.0,0.0
1.6899,33.11,192.28,137.28,86.13,62.92,173.47,142.56,76.01,0.0,0.0,3.74,0.0,0.0,0.0,0.0,0.0
1.6999,33.11,186.12,139.48,88.33,65.01,175.78,144.76,78.21,0.0,0.0,3.74,0.0,0.0,0.0,0.0,0.0
1.7099,31.02,179.85,137.28,88.33,67.21,178.09,149.38,80.3,0.0,0.0,3.74,0.0,0.0,0.0,0.0,0.0
1.7199,31.02,173.69,135.08,90.42,69.3,180.4,151.58,82.5,0.0,0.0,3.74,0.0,0.0,0.0,0.0,0.0
1.7299,31.02,167.53,132.88,92.51,69.3,182.71,153.89,84.7,0.0,0.0,3.74,0.0,0.0,0.0,0.0,0.0
1.7399,28.93,158.62,128.48,94.6,71.5,184.91,158.4,89.1,0.0,0.0,3.74,0.0,0.0,0.0,0.0,0.0
1.7499,28.93,152.02,121.88,98.89,75.79,189.53,162.91,91.19,0.0,0.0,3.74,0.0,0.0,0.0,0.0,0.0
1.7599,26.84,143.22,113.08,103.07,77.88,191.84,167.53,93.39,0.0,0.0,3.74,0.0,0.0,0.0,0.0,0.0
1.7699,26.84,138.82,104.06,107.36,80.08,198.66,172.15,97.79,0.0,0.0,3.74,0.0,0.0,0.0,0.0,0.0
1.7799,24.75,134.42,90.75,115.72,82.17,203.28,174.46,102.08,0.0,0.0,3.74,0.0,0.0,0.0,0.0,0.0
1.7899,24.75,130.02,77.33,121.99,84.37,210.21,179.08,104.28,0.0,0.0,3.74,0.0,0.0,0.0,0.0,0.0
1.7999,24.75,125.62,64.02,130.24,84.37,217.03,181.5,106.48,0.0,0.0,3.74,0.0,0.0,0.0,0.0,0.0
1.8099,22.77,123.42,49.17,140.58,86.57,223.96,183.81,110.88,0.0,0.0,3.74,0.0,0.0,0.0,0.0,0.0
1.8199,22.77,119.02,35.42,150.92,84.37,233.09,181.5,110.88,0.0,0.0,3.74,0.0,0.0,0.0,0.0,0.0
1.8299,22.77,112.42,23.54,163.35,82.17,242.33,181.5,113.08,0.0,0.0,3.74,0.0,0.0,0.0,0.0,0.0
1.8399,20.68,98.23,17.71,176.0,80.08,249.26,181.5,115.28,0.0,0.0,3.74,0.0,0.0,0.0,0.0,0.0
1.8499,18.59,84.37,13.75,188.65,77.88,258.5,179.08,115.28,0.0,0.0,3.74,0.0,0.0,0.0,0.0,0.0
1.8599,18.59,66.44,11.77,201.41,73.59,267.74,176.77,115.28,0.0,0.0,3.74,0.0,0.0,0.0,0.0,0.0
1.8699,16.5,50.82,11.77,212.08,71.5,276.98,176.77,115.28,0.0,0.0,3.74,0.0,0.0,0.0,0.0,0.0
1.8799,14.41,37.62,9.79,218.46,69.3,283.69,179.08,115.28,0.0,0.0,3.74,0.0,0.0,0.0,0.0,0.0
1.8899,12.32,26.29,7.81,222.64,69.3,292.49,181.5,119.9,0.0,0.0,3.74,0.0,0.0,0.0,0.0,0.0
1.8999,12.32,18.81,7.81,220.55,67.21,299.09,183.81,122.21,0.0,0.0,3.74,0.0,0.0,0.0,0.0,0.0
1.9099,10.34,16.94,7.81,216.26,62.92,305.8,186.12,126.83,0.0,0.0,3.74,0.0,0.0,0.0,0.0,0.0
1.9199,8.25,13.09,5.83,209.88,56.43,312.4,188.43,131.34,0.0,0.0,0.0,0.0,0.0,0.0,0.0,0.0
1.9299,6.16,11.22,5.83,203.61,52.03,319.0,188.43,138.27,0.0,0.0,3.74,0.0,0.0,0.0,0.0,0.0
1.9399,6.16,9.35,3.85,195.03,45.54,327.8,188.43,142.78,4.51,0.0,3.74,0.0,0.0,0.0,0.0,0.0
1.9499,4.07,9.35,3.85,188.65,39.05,332.42,188.43,147.4,18.26,0.0,0.0,0.0,0.0,0.0,0.0,0.0
1.9599,4.07,7.48,0.0,178.09,32.56,339.46,188.43,152.02,78.65,0.0,3.74,0.0,0.0,0.0,0.0,0.0
1.9699,4.07,7.48,0.0,167.53,25.96,346.5,186.12,158.84,141.68,0.0,3.74,0.0,0.0,0.0,0.0,0.0
1.9799,0.0,5.61,0.0,153.01,19.47,348.81,183.81,163.46,173.69,0.0,3.74,0.0,0.0,0.0,0.0,0.0
1.9899,0.0,5.61,0.0,134.31,12.98,351.23,183.81,170.39,192.39,0.0,3.74,0.0,0.0,0.0,0.0,0.0
1.9999,0.0,5.61,0.0,113.63,8.58,348.81,179.08,177.43,201.74,0.0,5.61,0.0,0.0,0.0,0.0,0.0
2.0099,0.0,3.74,0.0,90.42,8.58,344.19,172.15,187.0,215.82,0.0,5.61,0.0,0.0,0.0,0.0,0.0
2.0199,0.0,3.74,0.0,65.01,6.49,332.42,162.91,194.04,236.72,4.18,5.61,0.0,0.0,0.0,0.0,0.0
2.0299,0.0,3.74,0.0,35.53,8.58,314.6,144.76,203.61,297.55,6.27,7.59,0.0,0.0,0.0,0.0,0.0
2.0399,0.0,3.74,0.0,18.81,8.58,281.49,122.1,215.49,347.38,45.98,17.05,0.0,0.0,0.0,0.0,0.0
2.0499,0.0,3.74,0.0,14.63,8.58,214.72,94.05,231.99,271.37,131.23,94.27,0.0,0.0,0.0,0.0,0.0
2.0599,0.0,3.74,0.0,12.54,10.78,137.72,63.36,243.65,180.73,203.72,143.66,4.95,0.0,0.0,0.0,0.0
2.0699,0.0,3.74,0.0,12.54,10.78,78.54,38.28,241.34,107.25,236.83,185.46,25.19,8.47,35.2,20.13,19.47
2.0799,0.0,3.74,0.0,10.45,8.58,38.06,22.55,194.04,95.37,244.97,206.47,27.72,12.65,50.38,36.3,25.08
2.0899,0.0,3.74,0.0,8.36,8.58,23.21,18.04,124.52,83.38,244.97,220.55,30.14,14.74,60.28,52.47,33.44
2.0999,0.0,3.74,0.0,8.36,6.49,19.03,15.73,82.5,76.23,253.22,225.06,32.67,19.03,72.27,66.11,36.19
2.1099,0.0,0.0,0.0,6.27,4.29,14.74,11.22,60.72,73.81,261.36,227.26,35.2,21.12,81.84,75.68,41.8
2.1199,0.0,0.0,0.0,6.27,4.29,12.65,9.02,56.32,69.08,267.41,225.06,37.73,23.21,89.1,82.83,44.66
2.1299,0.0,0.0,0.0,4.18,0.0,8.47,6.71,33.77,66.66,275.66,222.75,40.26,23.21,93.83,87.67,47.41
2.1399,0.0,0.0,0.0,4.18,0.0,6.27,0.0,9.02,64.35,281.82,215.82,42.79,25.41,101.09,89.98,50.16
2.1498,0.0,0.0,0.0,0.0,0.0,4.18,0.0,0.0,61.93,287.98,206.47,45.32,25.41,105.82,92.4,53.02
2.1598,0.0,0.0,0.0,0.0,0.0,4.18,0.0,0.0,59.51,294.25,199.43,47.85,27.5,110.66,94.82,53.02
2.1698,0.0,0.0,0.0,0.0,0.0,4.18,0.0,0.0,54.89,294.25,190.08,50.38,29.59,115.5,99.66,55.77
2.1798,0.0,0.0,0.0,0.0,0.0,4.18,0.0,0.0,50.27,294.25,180.73,52.91,29.59,120.56,101.97,55.77
2.1898,0.0,0.0,0.0,0.0,0.0,0.0,0.0,0.0,47.96,290.07,171.38,55.44,31.79,123.09,104.39,58.63
2.1998,0.0,0.0,0.0,0.0,0.0,0.0,0.0,0.0,43.45,286.0,162.14,57.97,31.79,128.15,109.23,61.49
2.2098,0.0,0.0,0.0,0.0,0.0,0.0,0.0,0.0,41.14,279.73,155.21,60.39,33.88,130.68,111.65,64.35
2.2198,0.0,0.0,0.0,0.0,0.0,0.0,0.0,0.0,38.83,273.57,148.28,62.92,35.97,133.21,113.96,64.35
2.2298,0.0,0.0,0.0,0.0,0.0,0.0,0.0,0.0,36.52,267.41,141.35,65.45,35.97,138.27,116.27,67.32
2.2398,0.0,0.0,0.0,0.0,0.0,0.0,0.0,0.0,34.32,261.36,134.53,67.98,38.06,140.8,118.58,70.18
2.2498,0.0,0.0,0.0,0.0,0.0,0.0,0.0,0.0,32.01,255.2,125.29,70.4,38.06,143.22,118.58,70.18
2.2598,0.0,0.0,0.0,0.0,0.0,0.0,0.0,0.0,29.7,249.04,118.36,72.93,40.26,148.28,120.89,73.15
2.2698,0.0,0.0,0.0,0.0,0.0,0.0,0.0,0.0,29.7,242.99,109.45,75.46,40.26,150.81,123.2,73.15
2.2798,0.0,0.0,0.0,0.0,0.0,0.0,0.0,0.0,27.39,238.92,105.05,75.46,42.35,153.34,125.62,76.01
2.2898,0.0,0.0,0.0,0.0,0.0,0.0,0.0,0.0,27.39,232.76,98.56,80.41,42.35,155.87,127.93,78.98
2.2998,0.0,0.0,0.0,0.0,0.0,0.0,0.0,0.0,25.08,226.71,96.36,80.41,44.44,158.4,132.55,78.98
2.3098,0.0,0.0,0.0,0.0,0.0,0.0,0.0,0.0,25.08,222.64,92.07,82.94,46.53,160.93,134.86,84.81
2.3198,0.0,0.0,0.0,0.0,0.0,0.0,0.0,0.0,25.08,218.35,92.07,85.47,46.53,163.46,137.17,84.81
2.3298,0.0,0.0,0.0,0.0,0.0,0.0,0.0,0.0,25.08,212.08,89.87,88.0,48.73,165.99,141.9,87.67
2.3398,0.0,0.0,0.0,0.0,0.0,0.0,0.0,0.0,22.88,207.9,87.67,90.53,50.82,168.52,146.52,90.53
2.3498,0.0,0.0,0.0,0.0,0.0,0.0,0.0,0.0,22.88,201.63,87.67,90.53,52.91,171.05,148.83,93.5
2.3598,0.0,0.0,0.0,0.0,0.0,0.0,0.0,0.0,22.88,197.45,85.47,92.95,55.11,175.67,153.56,96.36
2.3698,0.0,0.0,0.0,0.0,0.0,0.0,0.0,0.0,22.88,191.18,83.38,95.48,55.11,178.09,158.18,99.33
2.3798,0.0,0.0,0.0,0.0,0.0,0.0,0.0,0.0,22.88,184.91,81.18,100.54,57.53,182.82,162.8,105.16
2.3898,0.0,0.0,0.0,0.0,0.0,0.0,0.0,0.0,22.88,180.73,76.78,102.96,60.06,185.13,167.53,108.02
2.3998,0.0,0.0,0.0,0.0,0.0,0.0,0.0,0.0,20.57,174.46,72.49,105.49,62.59,189.86,172.37,113.52
2.4098,0.0,0.0,0.0,0.0,0.0,0.0,0.0,0.0,20.57,168.19,68.09,108.02,65.12,192.17,177.21,118.58
2.4198,0.0,0.0,0.0,0.0,0.0,0.0,0.0,0.0,20.57,159.39,61.6,113.08,67.65,199.32,184.58,123.64
2.4298,0.0,0.0,0.0,0.0,0.0,0.0,0.0,0.0,20.57,150.7,55.11,118.03,67.65,203.94,189.42,128.7
2.4398,0.0,0.0,0.0,0.0,0.0,0.0,0.0,0.0,20.57,142.01,47.41,120.45,70.18,211.09,196.79,133.76
2.4498,0.0,0.0,0.0,0.0,0.0,0.0,0.0,0.0,20.57,131.23,41.8,125.51,72.71,215.82,201.63,138.82
2.4598,0.0,0.0,0.0,0.0,0.0,0.0,0.0,0.0,18.26,120.34,34.1,130.46,75.24,222.97,209.0,146.41
2.4698,0.0,0.0,0.0,0.0,0.0,0.0,0.0,0.0,18.26,109.56,28.49,135.41,77.77,227.81,216.26,154.0
2.4798,0.0,0.0,0.0,0.0,0.0,0.0,0.0,0.0,18.26,94.71,22.77,140.36,77.77,235.18,223.52,159.06
2.4898,0.0,0.0,0.0,0.0,0.0,0.0,0.0,0.0,18.26,77.66,20.9,145.42,77.77,242.55,228.36,166.76
2.4998,8.25,0.0,0.0,0.0,0.0,0.0,0.0,0.0,15.95,56.43,17.05,150.37,75.24,249.92,233.2,171.71
2.5098,18.59,0.0,0.0,0.0,0.0,0.0,0.0,0.0,13.64,39.71,15.18,155.32,75.24,259.71,237.93,176.77
2.5198,28.93,0.0,0.0,0.0,0.0,0.0,0.0,0.0,11.44,25.08,13.2,157.85,72.71,266.97,242.77,184.25
2.5298,37.18,0.0,0.0,0.0,0.0,0.0,0.0,0.0,9.13,18.81,11.33,155.32,67.65,276.76,245.19,191.73
2.5398,45.54,0.0,0.0,0.0,0.0,0.0,0.0,0.0,4.51,12.54,9.46,150.37,60.06,284.13,247.61,199.32
2.5498,84.04,0.0,0.0,0.0,0.0,0.0,0.0,0.0,4.51,10.45,7.59,140.36,52.91,289.08,249.92,209.33
2.5598,126.28,0.0,0.0,0.0,0.0,0.0,0.0,0.0,4.51,8.36,7.59,130.46,44.44,296.34,252.34,216.81
2.5698,158.07,3.74,0.0,0.0,0.0,0.0,0.0,0.0,0.0,8.36,5.61,118.03,35.97,301.29,249.92,226.93
2.5798,224.84,5.61,0.0,0.0,0.0,0.0,0.0,0.0,0.0,6.27,5.61,102.96,29.59,303.71,245.19,233.86
2.5898,269.17,68.42,3.85,0.0,0.0,0.0,0.0,0.0,0.0,6.27,3.74,85.47,19.03,306.24,237.93,243.32
2.5998,216.7,198.55,15.73,0.0,0.0,4.18,0.0,0.0,0.0,6.27,3.74,67.98,12.65,306.24,223.52,247.94
2.6098,126.28,252.67,117.48,29.26,0.0,8.47,0.0,0.0,0.0,4.18,3.74,45.32,10.56,301.29,199.21,254.98
2.6198,86.24,281.93,168.19,48.07,8.58,48.73,20.24,11.22,0.0,4.18,3.74,22.66,10.56,281.71,160.49,257.4
2.6298,77.55,279.95,187.0,50.16,17.27,66.77,42.79,15.73,0.0,4.18,3.74,12.54,10.56,232.76,113.96,269.06
2.6398,68.75,267.3,196.46,52.25,23.87,78.54,58.63,20.24,0.0,0.0,0.0,10.01,10.56,160.93,63.69,273.79
2.6498,64.46,263.12,198.77,52.25,28.16,88.0,72.82,22.55,0.0,0.0,0.0,10.01,10.56,96.25,30.25,257.4
2.6598,60.06,263.12,203.5,54.34,30.36,92.62,84.59,24.75,0.0,0.0,0.0,10.01,10.56,47.85,24.2,196.79
2.6698,60.06,265.21,210.65,54.34,32.56,97.35,94.05,27.06,0.0,0.0,0.0,7.48,8.47,17.6,20.13,138.82
2.6798,62.26,265.21,217.69,54.34,36.85,99.66,101.2,29.26,0.0,0.0,0.0,7.48,6.27,12.54,14.08,108.02
2.6898,62.26,267.3,220.11,54.34,39.05,102.08,105.93,31.57,0.0,0.0,0.0,7.48,4.18,7.48,10.01,87.67
2.6998,62.26,269.39,220.11,54.34,41.25,106.7,110.66,33.77,0.0,0.0,0.0,4.95,4.18,4.95,6.05,58.63
2.7098,64.46,273.57,217.69,56.54,41.25,109.12,115.28,33.77,0.0,0.0,0.0,4.95,0.0,0.0,0.0,19.47
2.7198,62.26,273.57,215.38,56.54,43.34,111.43,119.79,36.08,0.0,0.0,0.0,0.0,0.0,0.0,0.0,0.0
2.7298,62.26,273.57,212.96,58.63,45.54,113.85,122.1,38.28,0.0,0.0,3.74,0.0,0.0,0.0,0.0,0.0
2.7398,60.06,269.39,208.23,58.63,47.74,116.16,128.92,40.59,0.0,0.0,3.74,0.0,0.0,0.0,0.0,0.0
2.7498,57.97,263.12,205.92,60.72,49.94,118.58,133.43,42.79,0.0,0.0,3.74,0.0,0.0,0.0,0.0,0.0
2.7598,53.79,252.67,201.19,62.81,49.94,123.42,137.94,45.1,0.0,0.0,0.0,0.0,0.0,0.0,0.0,0.0
2.7698,49.61,242.22,196.46,65.01,52.03,125.73,140.25,47.3,0.0,0.0,0.0,0.0,0.0,0.0,0.0,0.0
2.7798,47.52,231.77,189.42,67.1,54.23,128.15,144.76,49.61,0.0,0.0,0.0,0.0,0.0,0.0,0.0,0.0
2.7898,45.54,221.32,184.69,67.1,56.43,130.57,149.38,51.81,0.0,0.0,3.74,0.0,0.0,0.0,0.0,0.0
2.7998,43.45,212.96,179.96,69.19,58.63,132.99,151.58,54.12,0.0,0.0,0.0,0.0,0.0,0.0,0.0,0.0
2.8098,41.36,204.71,172.81,71.28,60.72,137.72,156.09,56.32,0.0,0.0,0.0,0.0,0.0,0.0,0.0,0.0
2.8198,39.27,194.37,168.19,73.48,62.92,140.14,160.71,58.63,0.0,0.0,3.74,0.0,0.0,0.0,0.0,0.0
2.8298,37.18,186.12,163.68,75.57,67.21,144.98,167.53,62.92,0.0,0.0,0.0,0.0,0.0,0.0,0.0,0.0
2.8398,35.09,175.78,161.48,77.66,69.3,147.29,172.15,65.12,0.0,0.0,0.0,0.0,0.0,0.0,0.0,0.0
2.8498,35.09,167.53,157.08,81.95,71.5,152.13,179.08,69.41,0.0,0.0,0.0,0.0,0.0,0.0,0.0,0.0
2.8598,33.11,158.62,154.88,84.04,75.79,156.97,183.81,73.81,0.0,0.0,0.0,0.0,0.0,0.0,0.0,0.0
2.8698,33.11,149.82,148.28,88.33,77.88,159.28,190.74,76.01,0.0,0.0,0.0,0.0,0.0,0.0,0.0,0.0
2.8798,31.02,141.02,143.88,90.42,80.08,164.12,195.47,80.3,0.0,0.0,0.0,0.0,0.0,0.0,0.0,0.0
2.8898,31.02,132.22,137.28,94.6,84.37,168.96,200.09,84.7,0.0,0.0,0.0,0.0,0.0,0.0,0.0,0.0
2.8998,28.93,123.42,130.68,98.89,86.57,175.78,207.02,89.1,0.0,0.0,0.0,0.0,0.0,0.0,0.0,0.0
2.9098,28.93,116.82,124.08,103.07,90.86,180.4,211.75,93.39,0.0,0.0,0.0,0.0,0.0,0.0,0.0,0.0
2.9198,26.84,110.22,117.48,109.45,92.95,184.91,218.68,95.59,0.0,0.0,0.0,0.0,0.0,0.0,0.0,0.0
2.9298,26.84,106.15,106.37,115.72,95.15,189.53,223.41,99.99,0.0,0.0,0.0,0.0,0.0,0.0,0.0,0.0
2.9398,26.84,100.21,95.15,121.99,99.44,196.46,227.92,102.08,0.0,0.0,0.0,0.0,0.0,0.0,0.0,0.0
2.9498,24.75,96.25,81.84,128.15,99.44,203.28,232.54,106.48,0.0,0.0,0.0,0.0,0.0,0.0,0.0,0.0
2.9598,24.75,90.31,66.22,136.4,101.53,210.21,234.85,110.88,0.0,0.0,0.0,0.0,0.0,0.0,0.0,0.0
2.9698,24.75,82.28,51.15,144.76,103.73,217.03,237.16,113.08,0.0,0.0,0.0,0.0,0.0,0.0,0.0,0.0
2.9798,22.77,74.36,39.27,153.01,103.73,223.96,239.47,117.59,0.0,0.0,0.0,0.0,0.0,0.0,0.0,0.0
2.9898,22.77,62.48,27.5,161.26,103.73,233.09,241.78,119.9,0.0,0.0,0.0,0.0,0.0,0.0,0.0,0.0
2.9998,20.68,52.69,19.58,169.62,101.53,240.02,241.78,119.9,0.0,0.0,0.0,0.0,0.0,0.0,0.0,0.0
3.0098,18.59,39.49,15.73,180.18,99.44,249.26,241.78,122.21,0.0,0.0,0.0,0.0,0.0,0.0,0.0,0.0
3.0198,16.5,28.16,13.75,188.65,97.24,256.19,239.47,124.52,0.0,0.0,0.0,0.0,0.0,0.0,0.0,0.0
3.0298,14.41,20.68,9.79,195.03,92.95,265.43,239.47,126.83,0.0,0.0,0.0,0.0,0.0,0.0,0.0,0.0
3.0398,10.34,16.94,9.79,195.03,86.57,274.67,237.16,131.34,0.0,0.0,0.0,0.0,0.0,0.0,0.0,0.0
3.0498,8.25,13.09,7.81,195.03,80.08,281.49,234.85,133.65,0.0,0.0,0.0,0.0,0.0,0.0,0.0,0.0
3.0598,8.25,11.22,5.83,192.94,71.5,290.29,234.85,140.58,6.82,0.0,0.0,0.0,0.0,0.0,0.0,0.0
3.0698,6.16,9.35,5.83,186.56,62.92,296.89,232.54,145.09,15.95,0.0,0.0,0.0,0.0,0.0,0.0,0.0
3.0798,6.16,9.35,3.85,180.18,54.23,303.49,230.23,149.71,43.45,0.0,0.0,0.0,0.0,0.0,0.0,0.0
3.0898,4.07,7.48,3.85,169.62,45.54,310.2,230.23,154.33,88.22,0.0,0.0,0.0,0.0,0.0,0.0,0.0
3.0998,4.07,5.61,3.85,159.17,39.05,314.6,227.92,158.84,171.38,0.0,3.74,0.0,0.0,0.0,0.0,0.0
3.1098,0.0,5.61,3.85,142.67,28.16,316.8,227.92,165.77,190.08,0.0,3.74,0.0,0.0,0.0,0.0,0.0
3.1198,0.0,5.61,0.0,123.97,19.47,316.8,227.92,172.7,201.74,0.0,3.74,0.0,0.0,0.0,0.0,0.0
3.1298,0.0,3.74,0.0,103.07,12.98,314.6,223.41,177.43,208.78,0.0,3.74,0.0,0.0,0.0,0.0,0.0
3.1398,0.0,3.74,0.0,79.75,10.78,308.0,218.68,184.58,229.79,4.18,5.61,0.0,0.0,0.0,0.0,0.0
3.1498,0.0,3.74,0.0,52.25,8.58,294.69,207.02,194.04,285.45,4.18,5.61,0.0,0.0,0.0,0.0,0.0
3.1598,0.0,3.74,0.0,25.08,8.58,274.67,188.43,203.61,338.14,41.8,7.59,0.0,0.0,0.0,0.0,0.0
3.1698,0.0,3.74,0.0,14.63,8.58,228.47,162.91,217.8,314.38,137.72,22.77,0.0,0.0,0.0,0.0,0.0
3.1798,0.0,3.74,0.0,12.54,10.78,164.12,128.92,231.99,222.86,212.08,78.98,0.0,0.0,0.0,0.0,0.0
3.1898,0.0,3.74,0.0,10.45,10.78,104.39,94.05,243.65,146.3,261.36,122.98,27.72,4.18,20.13,3.96,8.36
3.1998,0.0,0.0,0.0,10.45,10.78,62.15,51.81,243.65,116.71,271.48,152.9,35.2,8.47,47.85,20.13,19.47
3.2098,0.0,3.74,0.0,8.36,8.58,31.79,24.75,196.46,107.25,269.5,166.76,37.73,12.65,60.28,36.3,22.33
3.2198,0.0,0.0,0.0,8.36,8.58,21.12,20.24,124.52,97.79,269.5,178.42,37.73,14.74,69.85,48.4,30.69
3.2298,0.0,0.0,0.0,6.27,8.58,16.94,18.04,80.3,95.37,271.48,185.46,40.26,19.03,77.11,61.27,36.19
3.2398,0.0,0.0,0.0,6.27,6.49,14.74,13.53,56.32,92.95,271.48,190.08,40.26,21.12,81.84,70.84,39.05
3.2498,0.0,0.0,0.0,6.27,4.29,10.56,9.02,51.81,90.53,271.48,192.39,40.26,21.12,86.68,78.1,44.66
3.2598,0.0,0.0,0.0,4.18,0.0,8.47,4.51,38.28,90.53,273.57,192.39,40.26,23.21,89.1,85.25,47.41
3.2698,0.0,0.0,0.0,0.0,0.0,4.18,4.51,13.53,92.95,273.57,194.81,40.26,25.41,91.41,89.98,50.16
3.2798,0.0,0.0,0.0,0.0,0.0,4.18,0.0,0.0,92.95,273.57,194.81,40.26,27.5,91.41,94.82,53.02
3.2898,0.0,0.0,0.0,0.0,0.0,4.18,0.0,0.0,90.53,273.57,192.39,37.73,27.5,93.83,99.66,55.77
3.2998,0.0,0.0,0.0,0.0,0.0,0.0,0.0,0.0,90.53,269.5,190.08,40.26,29.59,93.83,104.39,58.63
3.3098,0.0,0.0,0.0,0.0,0.0,0.0,0.0,0.0,85.8,263.34,187.77,37.73,31.79,96.25,106.81,64.35
3.3198,0.0,0.0,0.0,0.0,0.0,0.0,0.0,0.0,81.07,259.27,185.46,40.26,31.79,96.25,111.65,67.32
3.3298,0.0,0.0,0.0,0.0,0.0,0.0,0.0,0.0,78.65,251.13,185.46,40.26,33.88,96.25,116.27,73.15
3.3398,0.0,0.0,0.0,0.0,0.0,0.0,0.0,0.0,73.81,242.99,183.04,40.26,35.97,98.67,120.89,78.98
3.3498,0.0,0.0,0.0,0.0,0.0,0.0,0.0,0.0,69.08,232.76,180.73,40.26,38.06,101.09,125.62,84.81
3.3598,0.0,0.0,0.0,0.0,0.0,0.0,0.0,0.0,66.66,224.62,178.42,40.26,40.26,103.4,132.55,90.53
3.3698,0.0,0.0,0.0,0.0,0.0,0.0,0.0,0.0,61.93,218.35,176.11,42.79,42.35,103.4,139.59,93.5
3.3798,0.0,0.0,0.0,0.0,0.0,0.0,0.0,0.0,57.2,209.99,171.38,42.79,44.44,105.82,144.21,99.33
3.3898,0.0,0.0,0.0,0.0,0.0,0.0,0.0,0.0,52.58,203.72,169.07,45.32,46.53,108.24,151.14,105.16
3.3998,0.0,0.0,0.0,0.0,0.0,0.0,0.0,0.0,50.27,195.36,164.45,45.32,48.73,110.66,155.87,110.99
3.4098,0.0,0.0,0.0,0.0,0.0,0.0,0.0,0.0,45.76,191.18,162.14,47.85,48.73,113.08,160.49,116.05
3.4198,0.0,0.0,0.0,0.0,0.0,0.0,0.0,0.0,43.45,182.82,159.83,50.38,52.91,115.5,167.53,118.58
3.4298,0.0,0.0,0.0,0.0,0.0,0.0,0.0,0.0,41.14,178.64,155.21,50.38,52.91,120.56,174.79,123.64
3.4398,0.0,0.0,0.0,0.0,0.0,0.0,0.0,0.0,38.83,170.28,150.59,52.91,57.53,123.09,179.63,128.7
3.4498,0.0,0.0,0.0,0.0,0.0,0.0,0.0,0.0,36.52,163.79,148.28,52.91,60.06,125.62,187.0,133.76
3.4598,0.0,0.0,0.0,0.0,0.0,0.0,0.0,0.0,34.32,157.3,141.35,55.44,62.59,130.68,194.37,141.35
3.4698,0.0,0.0,0.0,0.0,0.0,0.0,0.0,0.0,32.01,148.61,136.84,57.97,65.12,135.74,199.21,146.41
3.4798,0.0,0.0,0.0,0.0,0.0,0.0,0.0,0.0,32.01,142.01,129.91,60.39,67.65,138.27,204.05,148.94
3.4898,0.0,0.0,0.0,0.0,0.0,0.0,0.0,0.0,29.7,135.52,125.29,62.92,70.18,143.22,211.42,154.0
3.4998,0.0,0.0,0.0,0.0,0.0,0.0,0.0,0.0,29.7,126.83,116.05,65.45,72.71,148.28,216.26,159.06
3.5098,0.0,0.0,0.0,0.0,0.0,0.0,0.0,0.0,27.39,120.34,109.45,67.98,75.24,153.34,223.52,164.12
3.5198,0.0,0.0,0.0,0.0,0.0,0.0,0.0,0.0,25.08,111.65,102.96,70.4,77.77,158.4,230.78,169.18
3.5298,0.0,0.0,0.0,0.0,0.0,0.0,0.0,0.0,25.08,103.18,94.27,72.93,80.3,163.46,235.51,174.24
3.5398,0.0,0.0,0.0,0.0,0.0,0.0,0.0,0.0,25.08,96.8,87.67,75.46,82.83,168.52,242.77,179.19
3.5498,0.0,0.0,0.0,0.0,0.0,0.0,0.0,0.0,22.88,86.13,78.98,77.99,85.25,171.05,249.92,184.25
3.5598,0.0,0.0,0.0,0.0,0.0,0.0,0.0,0.0,22.88,77.66,70.29,80.41,87.78,178.09,254.76,189.31
3.5698,0.0,0.0,0.0,0.0,0.0,0.0,0.0,0.0,22.88,69.19,61.6,82.94,87.78,180.4,259.6,194.26
3.5797,0.0,0.0,0.0,0.0,0.0,0.0,0.0,0.0,22.88,58.63,53.13,85.47,90.31,187.44,266.75,199.32
3.5897,0.0,0.0,0.0,0.0,0.0,0.0,0.0,0.0,20.57,48.07,43.67,88.0,92.84,192.17,274.01,206.8
3.5997,0.0,0.0,0.0,0.0,0.0,0.0,0.0,0.0,20.57,39.71,34.1,90.53,92.84,199.32,280.94,211.86
3.6097,4.07,0.0,0.0,0.0,0.0,0.0,0.0,0.0,18.26,27.17,26.51,92.95,95.37,206.36,285.56,216.81
3.6197,6.16,0.0,0.0,0.0,0.0,0.0,0.0,0.0,15.95,18.81,18.92,92.95,92.84,211.09,290.18,224.4
3.6297,22.77,0.0,0.0,0.0,0.0,0.0,0.0,0.0,13.64,14.63,15.18,92.95,90.31,218.13,294.8,231.55
3.6397,35.09,0.0,0.0,0.0,0.0,0.0,0.0,0.0,9.13,12.54,13.2,88.0,85.25,222.97,297.0,238.59
3.6497,55.88,0.0,0.0,0.0,0.0,0.0,0.0,0.0,6.82,8.36,9.46,82.94,77.77,230.34,297.0,247.94
3.6597,124.3,0.0,0.0,0.0,0.0,0.0,0.0,0.0,6.82,8.36,7.59,75.46,70.18,235.18,299.31,254.98
3.6697,150.15,0.0,0.0,0.0,0.0,0.0,0.0,0.0,6.82,6.27,7.59,67.98,60.06,237.6,301.62,262.02
3.6797,178.2,0.0,0.0,0.0,0.0,0.0,0.0,0.0,4.51,6.27,5.61,57.97,50.82,237.6,301.62,269.06
3.6897,236.94,3.74,0.0,0.0,0.0,0.0,0.0,0.0,4.51,4.18,5.61,45.32,40.26,237.6,299.31,273.79
3.6997,302.72,28.16,0.0,0.0,0.0,0.0,0.0,0.0,4.51,4.18,5.61,30.14,31.79,232.76,297.0,278.52
3.7097,259.16,167.53,5.83,0.0,0.0,0.0,0.0,0.0,4.51,4.18,3.74,15.07,19.03,220.55,290.18,280.94
3.7197,192.39,286.11,13.75,0.0,0.0,4.18,0.0,0.0,4.51,0.0,3.74,4.95,10.56,199.32,271.59,283.47
3.7297,118.36,327.36,88.55,33.44,0.0,10.56,0.0,0.0,0.0,0.0,3.74,0.0,8.47,168.52,240.35,283.47
3.7397,81.84,344.74,128.48,54.34,0.0,48.73,6.71,9.02,0.0,0.0,3.74,0.0,6.27,125.62,194.37,286.0
3.7497,68.75,344.74,137.28,62.81,6.49,71.5,13.53,15.73,0.0,0.0,3.74,0.0,8.47,89.1,139.59,288.53
3.7597,57.97,338.03,143.88,67.1,12.98,88.0,22.55,20.24,4.51,0.0,3.74,0.0,8.47,60.28,82.83,286.0
3.7697,51.7,335.83,143.88,69.19,17.27,97.35,31.57,22.55,0.0,0.0,3.74,4.95,8.47,25.19,36.3,264.44
3.7797,49.61,333.63,148.28,69.19,19.47,104.39,40.59,24.75,0.0,0.0,0.0,0.0,6.27,12.54,18.15,184.25
3.7897,47.52,329.45,154.88,69.19,23.87,109.12,47.3,27.06,0.0,0.0,0.0,0.0,6.27,10.01,14.08,118.58
3.7997,49.61,327.36,159.28,69.19,25.96,111.43,54.12,27.06,0.0,0.0,0.0,0.0,6.27,7.48,12.1,93.5
3.8097,49.61,327.36,163.68,69.19,30.36,111.43,60.94,29.26,0.0,0.0,0.0,0.0,4.18,4.95,10.01,84.81
3.8197,49.61,327.36,163.68,69.19,32.56,113.85,65.67,29.26,0.0,0.0,0.0,0.0,4.18,0.0,8.03,73.15
3.8297,47.52,327.36,161.48,69.19,34.65,118.58,70.4,31.57,0.0,0.0,0.0,0.0,0.0,0.0,3.96,41.8
3.8397,47.52,327.36,154.88,71.28,36.85,121.0,75.13,31.57,0.0,0.0,0.0,0.0,0.0,0.0,0.0,13.86
3.8497,45.54,323.29,152.68,73.48,39.05,125.73,82.28,33.77,0.0,0.0,3.74,0.0,0.0,0.0,0.0,5.5
3.8597,43.45,317.02,152.68,73.48,41.25,128.15,89.32,33.77,4.51,0.0,3.74,0.0,0.0,0.0,0.0,0.0
3.8697,43.45,308.77,154.88,73.48,43.34,130.57,94.05,36.08,0.0,0.0,0.0,0.0,0.0,0.0,0.0,0.0
3.8797,41.36,298.43,157.08,73.48,45.54,130.57,101.2,36.08,0.0,0.0,0.0,0.0,0.0,0.0,0.0,0.0
3.8897,41.36,288.2,161.48,73.48,47.74,132.99,105.93,38.28,0.0,0.0,3.74,0.0,0.0,0.0,0.0,0.0
3.8997,41.36,277.75,165.88,71.28,47.74,132.99,110.66,40.59,0.0,0.0,0.0,0.0,0.0,0.0,0.0,0.0
3.9097,39.27,267.3,170.5,71.28,49.94,135.41,117.59,40.59,0.0,0.0,3.74,0.0,0.0,0.0,0.0,0.0
3.9197,39.27,258.94,172.81,71.28,52.03,137.72,122.1,42.79,0.0,0.0,0.0,0.0,0.0,0.0,0.0,0.0
3.9297,39.27,252.67,170.5,73.48,54.23,137.72,124.41,45.1,0.0,0.0,0.0,0.0,0.0,0.0,0.0,0.0
3.9397,37.18,244.31,170.5,75.57,56.43,142.56,128.92,45.1,0.0,0.0,0.0,0.0,0.0,0.0,0.0,0.0
3.9497,35.09,238.04,168.19,75.57,58.63,144.98,133.43,47.3,0.0,0.0,3.74,0.0,0.0,0.0,0.0,0.0
3.9597,35.09,229.68,165.88,77.66,60.72,147.29,137.94,49.61,0.0,0.0,0.0,0.0,0.0,0.0,0.0,0.0
3.9697,33.11,223.41,165.88,79.75,62.92,149.71,142.56,51.81,0.0,0.0,0.0,0.0,0.0,0.0,0.0,0.0
3.9797,33.11,217.14,161.48,84.04,65.01,154.55,147.07,54.12,0.0,0.0,0.0,0.0,0.0,0.0,0.0,0.0
3.9897,31.02,208.89,159.28,86.13,67.21,156.97,151.58,56.32,0.0,0.0,0.0,0.0,0.0,0.0,0.0,0.0
3.9997,31.02,200.64,154.88,88.33,69.3,161.7,156.09,58.63,0.0,0.0,0.0,0.0,0.0,0.0,0.0,0.0
4.0097,28.93,192.28,150.48,92.51,71.5,166.54,162.91,62.92,0.0,0.0,0.0,0.0,0.0,0.0,0.0,0.0
4.0197,28.93,184.03,146.08,94.6,73.59,171.16,167.53,65.12,0.0,0.0,0.0,0.0,0.0,0.0,0.0,0.0
4.0297,28.93,175.78,139.48,98.89,77.88,175.78,174.46,67.32,0.0,0.0,0.0,0.0,0.0,0.0,0.0,0.0
4.0397,26.84,169.51,132.88,103.07,80.08,180.4,179.08,71.61,0.0,0.0,0.0,0.0,0.0,0.0,0.0,0.0
4.0497,26.84,160.82,126.28,107.36,82.17,184.91,183.81,73.81,0.0,0.0,0.0,0.0,0.0,0.0,0.0,0.0
4.0597,24.75,152.02,117.48,111.65,84.37,189.53,188.43,76.01,0.0,0.0,0.0,0.0,0.0,0.0,0.0,0.0
4.0697,24.75,143.22,108.57,115.72,88.66,194.15,195.47,80.3,0.0,0.0,0.0,0.0,0.0,0.0,0.0,0.0
4.0797,24.75,136.62,99.66,121.99,90.86,200.97,200.09,82.5,0.0,0.0,0.0,0.0,0.0,0.0,0.0,0.0
4.0897,22.77,130.02,88.55,126.06,92.95,205.59,204.71,86.9,0.0,0.0,0.0,0.0,0.0,0.0,0.0,0.0
4.0997,22.77,123.42,75.13,132.33,95.15,212.41,209.44,89.1,0.0,0.0,0.0,0.0,0.0,0.0,0.0,0.0
4.1097,22.77,116.82,59.51,138.49,97.24,217.03,214.06,93.39,0.0,0.0,0.0,0.0,0.0,0.0,0.0,0.0
4.1197,22.77,110.22,47.19,146.74,97.24,223.96,216.37,95.59,0.0,0.0,0.0,0.0,0.0,0.0,0.0,0.0
4.1297,20.68,102.19,35.42,155.1,99.44,233.09,218.68,99.99,0.0,0.0,0.0,0.0,0.0,0.0,0.0,0.0
4.1397,20.68,94.27,23.54,163.35,97.24,240.02,218.68,102.08,0.0,0.0,0.0,0.0,0.0,0.0,0.0,0.0
4.1497,20.68,82.28,17.71,173.8,95.15,249.26,218.68,104.28,0.0,0.0,0.0,0.0,0.0,0.0,0.0,0.0
4.1597,18.59,68.42,13.75,184.47,90.86,258.5,216.37,106.48,0.0,0.0,0.0,0.0,0.0,0.0,0.0,0.0
4.1697,16.5,54.56,11.77,197.23,86.57,267.74,211.75,108.68,0.0,0.0,0.0,0.0,0.0,0.0,0.0,0.0
4.1797,14.41,41.36,9.79,207.79,82.17,276.98,209.44,110.88,0.0,0.0,0.0,0.0,0.0,0.0,0.0,0.0
4.1897,12.32,28.16,9.79,212.08,77.88,285.89,209.44,115.28,0.0,0.0,0.0,0.0,0.0,0.0,0.0,0.0
4.1997,10.34,16.94,7.81,212.08,73.59,292.49,211.75,119.9,0.0,0.0,0.0,0.0,0.0,0.0,0.0,0.0
4.2097,8.25,15.07,5.83,205.7,69.3,299.09,214.06,124.52,0.0,0.0,0.0,0.0,0.0,0.0,0.0,0.0
4.2197,8.25,11.22,5.83,197.23,62.92,305.8,216.37,131.34,0.0,0.0,0.0,0.0,0.0,0.0,0.0,0.0
4.2297,6.16,9.35,3.85,188.65,56.43,314.6,216.37,138.27,0.0,0.0,0.0,0.0,0.0,0.0,0.0,0.0
4.2397,4.07,7.48,3.85,180.18,49.94,319.0,218.68,145.09,0.0,0.0,0.0,0.0,0.0,0.0,0.0,0.0
4.2497,4.07,7.48,0.0,171.71,43.34,325.6,218.68,152.02,0.0,0.0,0.0,0.0,0.0,0.0,0.0,0.0
4.2597,4.07,5.61,0.0,163.35,39.05,332.42,218.68,156.53,29.7,0.0,0.0,0.0,0.0,0.0,0.0,0.0
4.2697,0.0,5.61,0.0,153.01,30.36,337.15,218.68,163.46,73.81,0.0,3.74,0.0,0.0,0.0,0.0,0.0
4.2797,0.0,3.74,0.0,140.58,23.87,341.77,218.68,168.08,139.48,0.0,3.74,0.0,0.0,0.0,0.0,0.0
4.2897,0.0,3.74,0.0,123.97,15.18,344.19,216.37,172.7,153.12,0.0,3.74,0.0,0.0,0.0,0.0,0.0
4.2997,0.0,3.74,0.0,107.36,10.78,346.5,211.75,179.85,173.69,0.0,3.74,0.0,0.0,0.0,0.0,0.0
4.3097,0.0,3.74,0.0,88.33,8.58,339.46,204.71,187.0,194.81,0.0,5.61,0.0,0.0,0.0,0.0,0.0
4.3197,0.0,3.74,0.0,65.01,8.58,334.73,190.74,191.73,232.1,4.18,5.61,0.0,0.0,0.0,0.0,0.0
4.3297,0.0,3.74,0.0,39.71,8.58,323.4,172.15,198.88,269.06,60.72,7.59,0.0,0.0,0.0,0.0,0.0
4.3397,0.0,3.74,0.0,18.81,8.58,299.09,151.58,210.76,248.27,139.92,13.2,0.0,0.0,0.0,0.0,0.0
4.3497,0.0,3.74,0.0,14.63,10.78,242.33,122.1,224.95,187.77,195.36,72.49,0.0,0.0,0.0,0.0,0.0
4.3597,0.0,0.0,0.0,12.54,10.78,164.12,91.74,238.92,128.04,236.83,116.05,25.19,4.18,20.13,6.05,11.11
4.3697,0.0,0.0,0.0,10.45,10.78,102.08,56.32,248.27,104.94,247.06,145.97,32.67,8.47,45.32,18.15,16.72
4.3797,0.0,3.74,0.0,8.36,10.78,50.82,29.26,220.22,90.53,253.22,152.9,35.2,12.65,60.28,32.23,19.47
4.3897,0.0,0.0,0.0,8.36,8.58,25.41,22.55,145.09,78.65,257.29,159.83,37.73,14.74,72.27,44.33,22.33
4.3997,0.0,0.0,0.0,8.36,8.58,19.03,18.04,93.39,69.08,265.43,162.14,40.26,16.94,86.68,54.45,27.83
4.4097,0.0,0.0,0.0,6.27,6.49,14.74,13.53,67.32,61.93,275.66,162.14,42.79,19.03,98.67,61.27,33.44
4.4197,0.0,0.0,0.0,4.18,4.29,12.65,9.02,56.32,57.2,283.91,159.83,47.85,21.12,108.24,68.42,36.19
4.4297,0.0,0.0,0.0,4.18,4.29,8.47,6.71,36.08,52.58,294.25,155.21,52.91,23.21,115.5,73.26,39.05
4.4397,0.0,0.0,0.0,0.0,0.0,6.27,4.51,11.22,47.96,302.5,148.28,55.44,23.21,123.09,78.1,41.8
4.4497,0.0,0.0,0.0,0.0,0.0,4.18,0.0,0.0,45.76,310.75,139.15,57.97,25.41,130.68,80.41,44.66
4.4597,0.0,0.0,0.0,0.0,0.0,4.18,0.0,0.0,41.14,314.93,129.91,62.92,25.41,138.27,82.83,47.41
4.4697,0.0,0.0,0.0,0.0,0.0,4.18,0.0,0.0,38.83,317.02,118.36,65.45,25.41,143.22,85.25,47.41
4.4797,0.0,0.0,0.0,0.0,0.0,0.0,0.0,0.0,36.52,317.02,109.45,70.4,25.41,148.28,85.25,53.02
4.4897,0.0,0.0,0.0,0.0,0.0,0.0,0.0,0.0,32.01,312.84,100.76,72.93,25.41,153.34,89.98,53.02
4.4997,0.0,0.0,0.0,0.0,0.0,0.0,0.0,0.0,29.7,306.68,94.27,75.46,27.5,158.4,92.4,55.77
4.5097,0.0,0.0,0.0,0.0,0.0,0.0,0.0,0.0,27.39,300.41,87.67,80.41,29.59,163.46,94.82,58.63
4.5197,0.0,0.0,0.0,0.0,0.0,0.0,0.0,0.0,27.39,292.16,81.18,82.94,29.59,165.99,97.24,61.49
4.5297,0.0,0.0,0.0,0.0,0.0,0.0,0.0,0.0,25.08,286.0,74.69,85.47,31.79,171.05,99.66,61.49
4.5397,0.0,0.0,0.0,0.0,0.0,0.0,0.0,0.0,25.08,279.73,68.09,88.0,31.79,175.67,101.97,64.35
4.5497,0.0,0.0,0.0,0.0,0.0,0.0,0.0,0.0,25.08,273.57,61.6,92.95,31.79,180.4,104.39,67.32
4.5597,0.0,0.0,0.0,0.0,0.0,0.0,0.0,0.0,22.88,267.41,57.2,95.48,33.88,182.82,106.81,70.18
4.5697,0.0,0.0,0.0,0.0,0.0,0.0,0.0,0.0,22.88,261.36,53.13,98.01,33.88,185.13,111.65,73.15
4.5797,0.0,0.0,0.0,0.0,0.0,0.0,0.0,0.0,22.88,257.29,51.26,98.01,35.97,187.44,113.96,78.98
4.5897,0.0,0.0,0.0,0.0,0.0,0.0,0.0,0.0,20.57,251.13,49.39,100.54,38.06,189.86,116.27,81.84
4.5997,0.0,0.0,0.0,0.0,0.0,0.0,0.0,0.0,20.57,244.97,49.39,102.96,38.06,192.17,120.89,84.81
4.6097,0.0,0.0,0.0,0.0,0.0,0.0,0.0,0.0,20.57,240.9,49.39,102.96,40.26,194.59,123.2,87.67
4.6197,0.0,0.0,0.0,0.0,0.0,0.0,0.0,0.0,20.57,236.83,47.41,105.49,40.26,194.59,125.62,90.53
4.6297,0.0,0.0,0.0,0.0,0.0,0.0,0.0,0.0,20.57,230.78,47.41,105.49,42.35,196.9,127.93,93.5
4.6397,0.0,0.0,0.0,0.0,0.0,0.0,0.0,0.0,20.57,224.62,47.41,105.49,44.44,196.9,132.55,96.36
4.6497,0.0,0.0,0.0,0.0,0.0,0.0,0.0,0.0,20.57,218.35,45.54,105.49,44.44,199.32,137.17,99.33
4.6597,0.0,0.0,0.0,0.0,0.0,0.0,0.0,0.0,20.57,209.99,45.54,108.02,48.73,201.63,139.59,102.19
4.6697,0.0,0.0,0.0,0.0,0.0,0.0,0.0,0.0,20.57,201.63,45.54,108.02,48.73,201.63,144.21,108.02
4.6797,0.0,0.0,0.0,0.0,0.0,0.0,0.0,0.0,18.26,193.27,43.67,108.02,50.82,203.94,151.14,113.52
4.6897,0.0,0.0,0.0,0.0,0.0,0.0,0.0,0.0,18.26,184.91,43.67,110.55,52.91,203.94,153.56,118.58
4.6997,0.0,0.0,0.0,0.0,0.0,0.0,0.0,0.0,18.26,176.55,43.67,110.55,55.11,206.36,160.49,121.11
4.7097,0.0,0.0,0.0,0.0,0.0,0.0,0.0,0.0,18.26,168.19,41.8,113.08,55.11,208.67,165.11,128.7
4.7197,0.0,0.0,0.0,0.0,0.0,0.0,0.0,0.0,18.26,161.59,39.82,115.5,57.53,211.09,169.95,133.76
4.7297,0.0,0.0,0.0,0.0,0.0,0.0,0.0,0.0,18.26,150.7,37.95,115.5,60.06,215.82,174.79,138.82
4.7397,0.0,0.0,0.0,0.0,0.0,0.0,0.0,0.0,18.26,142.01,36.08,118.03,65.12,218.13,182.16,143.88
4.7497,0.0,0.0,0.0,0.0,0.0,0.0,0.0,0.0,15.95,131.23,34.1,120.45,65.12,222.97,189.42,151.47
4.7597,0.0,0.0,0.0,0.0,0.0,0.0,0.0,0.0,18.26,120.34,30.36,122.98,67.65,225.39,196.79,159.06
4.7697,0.0,0.0,0.0,0.0,0.0,0.0,0.0,0.0,15.95,109.56,26.51,125.51,70.18,230.34,204.05,164.12
4.7797,0.0,0.0,0.0,0.0,0.0,0.0,0.0,0.0,15.95,96.8,24.64,127.93,72.71,235.18,211.42,171.71
4.7897,0.0,0.0,0.0,0.0,0.0,0.0,0.0,0.0,15.95,81.95,20.9,132.88,72.71,240.13,218.68,179.19
4.7997,0.0,0.0,0.0,0.0,0.0,0.0,0.0,0.0,15.95,64.9,18.92,135.41,72.71,247.39,223.52,184.25
4.8097,0.0,0.0,0.0,0.0,0.0,0.0,0.0,0.0,13.64,48.07,17.05,137.94,72.71,252.34,230.78,194.26
4.8197,8.25,0.0,0.0,0.0,0.0,0.0,0.0,0.0,13.64,33.44,15.18,137.94,72.71,259.71,235.51,199.32
4.8297,28.93,0.0,0.0,0.0,0.0,0.0,0.0,0.0,9.13,22.99,13.2,137.94,72.71,264.55,240.35,209.33
4.8397,53.79,0.0,0.0,0.0,0.0,0.0,0.0,0.0,6.82,16.72,9.46,132.88,67.65,271.92,247.61,219.34
4.8497,97.13,0.0,0.0,0.0,0.0,0.0,0.0,0.0,6.82,12.54,9.46,125.51,62.59,276.76,252.34,229.24
4.8597,124.3,0.0,0.0,0.0,0.0,0.0,0.0,0.0,4.51,10.45,7.59,113.08,55.11,279.29,259.6,240.9
4.8697,150.15,0.0,0.0,0.0,0.0,0.0,0.0,0.0,4.51,8.36,5.61,100.54,48.73,279.29,264.33,250.36
4.8797,184.25,0.0,0.0,0.0,0.0,0.0,0.0,0.0,0.0,6.27,5.61,85.47,40.26,279.29,266.75,257.4
4.8897,257.07,5.61,0.0,0.0,0.0,0.0,0.0,0.0,0.0,6.27,5.61,67.98,31.79,276.76,269.17,266.75
4.8997,279.29,68.42,0.0,0.0,0.0,0.0,0.0,0.0,0.0,6.27,3.74,47.85,23.21,271.92,266.75,273.79
4.9097,220.77,190.19,5.83,0.0,0.0,0.0,0.0,0.0,0.0,4.18,3.74,27.72,12.65,264.55,257.18,278.52
4.9197,162.03,273.57,29.48,6.27,0.0,0.0,0.0,0.0,0.0,4.18,3.74,12.54,8.47,244.97,237.93,283.47
4.9297,103.62,306.79,79.53,39.71,0.0,12.65,0.0,0.0,0.0,4.18,0.0,4.95,8.47,208.67,201.63,291.06
4.9397,81.84,317.02,104.06,54.34,0.0,42.35,4.51,6.71,0.0,0.0,0.0,4.95,8.47,160.93,153.56,293.59
4.9497,68.75,315.04,115.28,62.81,0.0,64.46,9.02,13.53,0.0,0.0,0.0,4.95,10.56,110.66,99.66,298.65
4.9597,60.06,315.04,121.88,65.01,8.58,78.54,13.53,15.73,0.0,0.0,0.0,4.95,10.56,69.85,48.4,291.06
4.9697,55.88,319.11,124.08,69.19,12.98,88.0,18.04,20.24,0.0,0.0,0.0,7.48,8.47,27.72,22.11,236.28
4.9797,53.79,323.29,128.48,71.28,17.27,95.04,24.75,22.55,0.0,0.0,0.0,4.95,8.47,12.54,18.15,143.88
4.9897,53.79,329.45,135.08,71.28,19.47,99.66,29.26,22.55,0.0,0.0,0.0,4.95,6.27,10.01,16.06,105.16
4.9997,53.79,333.63,141.68,73.48,21.67,102.08,33.77,24.75,0.0,0.0,0.0,4.95,6.27,7.48,12.1,93.5
5.0096,55.88,340.34,146.08,73.48,23.87,104.39,38.28,24.75,0.0,0.0,0.0,4.95,4.18,4.95,8.03,87.67
5.0196,57.97,344.74,150.48,73.48,25.96,106.7,40.59,24.75,0.0,0.0,0.0,0.0,0.0,0.0,3.96,55.77
5.0296,57.97,351.56,152.68,73.48,28.16,109.12,42.79,27.06,0.0,0.0,0.0,0.0,0.0,0.0,0.0,19.47
5.0396,57.97,353.76,152.68,75.57,28.16,111.43,45.1,27.06,0.0,0.0,0.0,0.0,0.0,0.0,0.0,5.5
5.0496,57.97,353.76,152.68,75.57,30.36,113.85,49.61,27.06,0.0,0.0,0.0,0.0,0.0,0.0,0.0,0.0
5.0596,57.97,349.25,150.48,77.66,32.56,116.16,51.81,29.26,0.0,0.0,0.0,0.0,0.0,0.0,0.0,0.0
5.0696,55.88,344.74,150.48,77.66,34.65,118.58,56.32,29.26,0.0,0.0,0.0,0.0,0.0,0.0,0.0,0.0
5.0796,53.79,338.03,150.48,79.75,34.65,123.42,60.94,31.57,0.0,0.0,0.0,0.0,0.0,0.0,0.0,0.0
5.0896,51.7,329.45,150.48,81.95,36.85,125.73,63.36,31.57,0.0,0.0,0.0,0.0,0.0,0.0,0.0,0.0
5.0996,49.61,323.29,150.48,84.04,39.05,128.15,68.09,33.77,0.0,0.0,0.0,0.0,0.0,0.0,0.0,0.0
5.1096,47.52,317.02,148.28,86.13,41.25,132.99,70.4,33.77,0.0,0.0,0.0,0.0,0.0,0.0,0.0,0.0
5.1196,45.54,310.86,146.08,88.33,41.25,135.41,72.82,36.08,0.0,0.0,0.0,0.0,0.0,0.0,0.0,0.0
5.1296,43.45,304.7,141.68,90.42,43.34,137.72,77.55,36.08,0.0,0.0,0.0,0.0,0.0,0.0,0.0,0.0
5.1396,41.36,298.43,137.28,94.6,45.54,142.56,79.86,38.28,0.0,0.0,0.0,0.0,0.0,0.0,0.0,0.0
5.1496,39.27,292.27,130.68,98.89,45.54,147.29,84.59,40.59,0.0,0.0,0.0,0.0,0.0,0.0,0.0,0.0
5.1596,37.18,288.2,124.08,103.07,47.74,152.13,87.01,40.59,0.0,0.0,0.0,0.0,0.0,0.0,0.0,0.0
5.1696,35.09,279.95,115.28,109.45,49.94,156.97,89.32,42.79,0.0,0.0,0.0,0.0,0.0,0.0,0.0,0.0
5.1796,33.11,269.39,108.57,113.63,52.03,161.7,96.47,45.1,0.0,0.0,0.0,0.0,0.0,0.0,0.0,0.0
5.1896,33.11,261.03,104.06,117.81,54.23,166.54,98.78,47.3,0.0,0.0,0.0,0.0,0.0,0.0,0.0,0.0
5.1996,31.02,252.67,97.46,123.97,56.43,171.16,103.51,49.61,0.0,0.0,0.0,0.0,0.0,0.0,0.0,0.0
5.2096,31.02,244.31,90.75,128.15,60.72,175.78,110.66,51.81,0.0,0.0,0.0,0.0,0.0,0.0,0.0,0.0
5.2196,28.93,233.86,84.04,132.33,60.72,180.4,115.28,56.32,0.0,0.0,0.0,0.0,0.0,0.0,0.0,0.0
5.2296,26.84,225.5,75.13,138.49,65.01,187.22,119.79,58.63,0.0,0.0,0.0,0.0,0.0,0.0,0.0,0.0
5.2396,26.84,217.14,66.22,144.76,67.21,191.84,124.41,60.72,0.0,0.0,0.0,0.0,0.0,0.0,0.0,0.0
5.2496,26.84,208.89,59.51,150.92,69.3,198.66,131.23,65.12,0.0,0.0,0.0,0.0,0.0,0.0,0.0,0.0
5.2596,24.75,200.64,51.15,157.08,71.5,203.28,135.74,67.32,0.0,0.0,0.0,0.0,0.0,0.0,0.0,0.0
5.2696,24.75,192.28,43.23,163.35,73.59,210.21,140.25,71.61,0.0,0.0,0.0,0.0,0.0,0.0,0.0,0.0
5.2796,24.75,184.03,37.29,171.71,77.88,217.03,147.07,73.81,0.0,0.0,0.0,0.0,0.0,0.0,0.0,0.0
5.2896,22.77,173.69,29.48,180.18,77.88,221.65,151.58,78.21,0.0,0.0,0.0,0.0,0.0,0.0,0.0,0.0
5.2996,22.77,163.02,23.54,186.56,80.08,228.47,153.89,82.5,0.0,0.0,0.0,0.0,0.0,0.0,0.0,0.0
5.3096,22.77,152.02,19.58,197.23,80.08,235.4,158.4,84.7,0.0,0.0,0.0,0.0,0.0,0.0,0.0,0.0
5.3196,20.68,136.62,15.73,205.7,80.08,244.64,162.91,89.1,0.0,0.0,0.0,0.0,0.0,0.0,0.0,0.0
5.3296,20.68,116.82,13.75,214.17,80.08,251.57,165.22,93.39,0.0,0.0,0.0,0.0,0.0,0.0,0.0,0.0
5.3396,18.59,98.23,11.77,224.84,80.08,260.81,167.53,97.79,0.0,0.0,0.0,0.0,0.0,0.0,0.0,0.0
5.3496,18.59,80.3,11.77,232.43,80.08,267.74,172.15,99.99,0.0,0.0,0.0,0.0,0.0,0.0,0.0,0.0
5.3596,16.5,60.5,9.79,238.15,77.88,274.67,174.46,104.28,0.0,0.0,0.0,0.0,0.0,0.0,0.0,0.0
5.3696,14.41,45.21,9.79,243.87,77.88,283.69,176.77,106.48,0.0,0.0,0.0,0.0,0.0,0.0,0.0,0.0
5.3796,12.32,32.01,7.81,245.85,77.88,290.29,181.5,110.88,0.0,0.0,0.0,0.0,0.0,0.0,0.0,0.0
5.3896,10.34,20.68,7.81,243.87,75.79,296.89,183.81,115.28,0.0,0.0,0.0,0.0,0.0,0.0,0.0,0.0
5.3996,8.25,16.94,5.83,236.28,71.5,305.8,188.43,122.21,0.0,0.0,0.0,0.0,0.0,0.0,0.0,0.0
5.4096,8.25,15.07,3.85,228.58,65.01,312.4,190.74,131.34,15.95,0.0,0.0,0.0,0.0,0.0,0.0,0.0
5.4196,6.16,11.22,3.85,218.46,58.63,319.0,193.05,138.27,25.08,0.0,0.0,0.0,0.0,0.0,0.0,0.0
5.4296,4.07,9.35,3.85,205.7,52.03,325.6,195.47,145.09,43.45,0.0,0.0,0.0,0.0,0.0,0.0,0.0
5.4396,4.07,9.35,0.0,192.94,45.54,332.42,195.47,152.02,61.93,0.0,0.0,0.0,0.0,0.0,0.0,0.0
5.4496,0.0,7.48,0.0,180.18,39.05,337.15,195.47,158.84,130.35,0.0,3.74,0.0,0.0,0.0,0.0,0.0
5.4596,0.0,5.61,0.0,165.44,30.36,339.46,195.47,165.77,141.68,0.0,3.74,0.0,0.0,0.0,0.0,0.0
5.4696,0.0,5.61,0.0,146.74,19.47,341.77,193.05,172.7,162.14,0.0,3.74,0.0,0.0,0.0,0.0,0.0
5.4796,0.0,5.61,0.0,126.06,12.98,341.77,188.43,179.85,215.82,4.18,5.61,0.0,0.0,0.0,0.0,0.0
5.4896,0.0,3.74,0.0,100.98,10.78,337.15,181.5,189.31,255.2,50.16,9.46,0.0,0.0,0.0,0.0,0.0
5.4996,0.0,3.74,0.0,71.28,8.58,325.6,165.22,196.46,178.42,131.23,72.49,0.0,0.0,0.0,0.0,0.0
5.5096,0.0,3.74,0.0,37.62,8.58,305.8,135.74,205.92,116.71,199.54,120.67,0.0,0.0,0.0,0.0,0.0
5.5196,0.0,3.74,0.0,18.81,8.58,256.19,105.93,220.22,61.93,224.62,157.52,12.54,0.0,15.07,6.05,11.11
5.5296,0.0,3.74,0.0,14.63,10.78,171.16,70.4,234.3,41.14,232.76,178.42,20.13,8.47,42.79,26.18,19.47
5.5396,0.0,3.74,0.0,12.54,10.78,99.66,36.08,236.61,36.52,234.85,190.08,22.66,14.74,55.44,42.35,25.08
5.5496,0.0,3.74,0.0,10.45,8.58,50.82,22.55,196.46,32.01,232.76,197.12,25.19,16.94,67.54,58.85,33.44
5.5596,0.0,3.74,0.0,10.45,8.58,25.41,18.04,129.03,29.7,234.85,201.74,27.72,19.03,77.11,73.26,41.8
5.5696,0.0,3.74,0.0,8.36,6.49,16.94,15.73,86.9,27.39,234.85,206.47,30.14,23.21,86.68,87.67,50.16
5.5796,0.0,0.0,0.0,8.36,6.49,12.65,11.22,65.12,25.08,236.83,206.47,30.14,25.41,91.41,97.24,58.63
5.5896,0.0,0.0,0.0,6.27,4.29,10.56,6.71,51.81,25.08,240.9,206.47,32.67,27.5,98.67,104.39,70.18
5.5996,0.0,0.0,0.0,4.18,0.0,6.27,4.51,29.26,25.08,244.97,204.16,35.2,31.79,105.82,111.65,78.98
5.6096,0.0,0.0,0.0,4.18,0.0,4.18,0.0,6.71,22.88,247.06,199.43,37.73,33.88,110.66,118.58,87.67
5.6196,0.0,0.0,0.0,0.0,0.0,4.18,0.0,0.0,22.88,247.06,194.81,40.26,33.88,115.5,123.2,96.36
5.6296,0.0,0.0,0.0,0.0,0.0,4.18,0.0,0.0,22.88,244.97,187.77,42.79,38.06,120.56,130.24,105.16
5.6396,0.0,0.0,0.0,0.0,0.0,4.18,0.0,0.0,20.57,242.99,183.04,45.32,40.26,125.62,134.86,110.99
5.6496,0.0,0.0,0.0,0.0,0.0,4.18,0.0,0.0,20.57,236.83,176.11,47.85,42.35,130.68,139.59,118.58
5.6596,0.0,0.0,0.0,0.0,0.0,0.0,0.0,0.0,20.57,232.76,169.07,47.85,42.35,133.21,144.21,123.64
5.6696,0.0,0.0,0.0,0.0,0.0,0.0,0.0,0.0,20.57,224.62,166.76,50.38,44.44,135.74,148.83,128.7
5.6796,0.0,0.0,0.0,0.0,0.0,0.0,0.0,0.0,20.57,218.35,162.14,50.38,46.53,135.74,153.56,131.23
5.6896,0.0,0.0,0.0,0.0,0.0,0.0,0.0,0.0,18.26,209.99,159.83,52.91,48.73,135.74,158.18,133.76
5.6996,0.0,0.0,0.0,0.0,0.0,0.0,0.0,0.0,18.26,201.63,157.52,50.38,50.82,138.27,160.49,136.29
5.7096,0.0,0.0,0.0,0.0,0.0,0.0,0.0,0.0,20.57,197.45,155.21,50.38,50.82,138.27,165.11,138.82
5.7196,0.0,0.0,0.0,0.0,0.0,0.0,0.0,0.0,18.26,189.09,152.9,50.38,52.91,138.27,167.53,141.35
5.7296,0.0,0.0,0.0,0.0,0.0,0.0,0.0,0.0,18.26,184.91,152.9,50.38,52.91,138.27,169.95,143.88
5.7396,0.0,0.0,0.0,0.0,0.0,0.0,0.0,0.0,18.26,178.64,152.9,50.38,55.11,135.74,172.37,143.88
5.7496,0.0,0.0,0.0,0.0,0.0,0.0,0.0,0.0,18.26,172.37,150.59,50.38,55.11,135.74,177.21,146.41
5.7596,0.0,0.0,0.0,0.0,0.0,0.0,0.0,0.0,18.26,165.99,148.28,50.38,57.53,135.74,179.63,148.94
5.7696,0.0,0.0,0.0,0.0,0.0,0.0,0.0,0.0,18.26,161.59,148.28,50.38,60.06,135.74,182.16,154.0
5.7796,0.0,0.0,0.0,0.0,0.0,0.0,0.0,0.0,18.26,155.1,145.97,50.38,60.06,135.74,187.0,156.53
5.7896,0.0,0.0,0.0,0.0,0.0,0.0,0.0,0.0,18.26,148.61,143.66,50.38,62.59,138.27,191.84,159.06
5.7996,0.0,0.0,0.0,0.0,0.0,0.0,0.0,0.0,18.26,144.21,143.66,52.91,62.59,138.27,194.37,164.12
5.8096,0.0,0.0,0.0,0.0,0.0,0.0,0.0,0.0,18.26,137.72,139.15,52.91,65.12,138.27,199.21,166.76
5.8196,0.0,0.0,0.0,0.0,0.0,0.0,0.0,0.0,18.26,131.23,139.15,52.91,65.12,140.8,204.05,171.71
5.8296,0.0,0.0,0.0,0.0,0.0,0.0,0.0,0.0,15.95,126.83,134.53,55.44,70.18,143.22,209.0,176.77
5.8396,0.0,0.0,0.0,0.0,0.0,0.0,0.0,0.0,18.26,122.54,129.91,57.97,70.18,148.28,213.84,179.19
5.8496,0.0,0.0,0.0,0.0,0.0,0.0,0.0,0.0,18.26,115.94,122.98,57.97,72.71,150.81,218.68,181.72
5.8596,0.0,0.0,0.0,0.0,0.0,0.0,0.0,0.0,15.95,109.56,118.36,60.39,75.24,155.87,223.52,186.78
5.8696,0.0,0.0,0.0,0.0,0.0,0.0,0.0,0.0,15.95,103.18,111.65,62.92,77.77,158.4,228.36,191.73
5.8796,0.0,0.0,0.0,0.0,0.0,0.0,0.0,0.0,15.95,96.8,105.05,65.45,80.3,163.46,233.2,196.79
5.8896,0.0,0.0,0.0,0.0,0.0,0.0,0.0,0.0,15.95,90.42,98.56,67.98,82.83,165.99,240.35,201.85
5.8996,0.0,0.0,0.0,0.0,0.0,0.0,0.0,0.0,15.95,81.95,89.87,70.4,85.25,171.05,245.19,204.27
5.9096,0.0,0.0,0.0,0.0,0.0,0.0,0.0,0.0,15.95,73.48,83.38,72.93,87.78,175.67,252.34,209.33
5.9196,0.0,0.0,0.0,0.0,0.0,0.0,0.0,0.0,15.95,64.9,74.69,75.46,90.31,182.82,259.6,214.39
5.9296,0.0,0.0,0.0,0.0,0.0,0.0,0.0,0.0,15.95,54.34,63.8,77.99,92.84,185.13,266.75,221.87
5.9396,0.0,0.0,0.0,0.0,0.0,0.0,0.0,0.0,15.95,43.89,55.11,80.41,95.37,192.17,271.59,226.93
5.9496,0.0,0.0,0.0,0.0,0.0,0.0,0.0,0.0,13.64,33.44,47.41,82.94,95.37,196.9,278.63,231.55
5.9596,18.59,0.0,0.0,0.0,0.0,0.0,0.0,0.0,13.64,25.08,36.08,85.47,97.9,203.94,285.56,236.28
5.9696,28.93,0.0,0.0,0.0,0.0,0.0,0.0,0.0,11.44,16.72,22.77,85.47,95.37,208.67,290.18,240.9
5.9796,35.09,0.0,0.0,0.0,0.0,0.0,0.0,0.0,9.13,12.54,15.18,82.94,92.84,215.82,294.8,250.36
5.9896,45.54,0.0,0.0,0.0,0.0,0.0,0.0,0.0,6.82,10.45,11.33,77.99,85.25,220.55,297.0,257.4
5.9996,81.84,0.0,0.0,0.0,0.0,0.0,0.0,0.0,4.51,8.36,9.46,70.4,77.77,225.39,301.62,266.75
6.0096,116.38,0.0,0.0,0.0,0.0,0.0,0.0,0.0,4.51,6.27,7.59,62.92,70.18,230.34,306.24,276.1
6.0196,170.06,3.74,0.0,0.0,0.0,0.0,0.0,0.0,4.51,6.27,7.59,52.91,60.06,232.76,306.24,286.0
6.0296,222.75,20.68,0.0,0.0,0.0,0.0,0.0,0.0,0.0,4.18,5.61,42.79,48.73,232.76,306.24,293.59
6.0396,192.39,125.62,5.83,0.0,0.0,0.0,0.0,0.0,0.0,4.18,5.61,27.72,38.06,232.76,303.93,301.18
6.0496,124.3,196.46,75.13,27.17,0.0,4.18,0.0,0.0,0.0,4.18,3.74,15.07,25.41,227.81,297.0,308.77
6.0596,84.04,242.22,113.08,50.16,10.78,21.12,9.02,9.02,0.0,4.18,3.74,4.95,12.65,215.82,285.56,311.3
6.0696,77.55,254.76,128.48,58.63,19.47,40.26,18.04,13.53,0.0,0.0,0.0,0.0,8.47,189.86,257.18,316.36
6.0796,64.46,252.67,141.68,62.81,25.96,57.42,29.26,18.04,0.0,0.0,3.74,0.0,8.47,153.34,213.84,316.36
6.0896,57.97,256.85,141.68,67.1,28.16,66.77,38.28,20.24,0.0,0.0,0.0,0.0,8.47,110.66,155.87,318.89
6.0996,53.79,265.21,141.68,69.19,32.56,76.23,45.1,20.24,0.0,0.0,0.0,0.0,8.47,77.11,97.24,321.42
6.1096,51.7,273.57,143.88,71.28,32.56,80.85,49.61,22.55,0.0,0.0,0.0,0.0,8.47,37.73,40.37,303.71
6.1196,51.7,279.95,148.28,73.48,34.65,85.58,54.12,24.75,0.0,0.0,0.0,4.95,6.27,12.54,18.15,209.33
6.1296,51.7,286.11,150.48,73.48,36.85,90.31,58.63,24.75,0.0,0.0,0.0,4.95,6.27,10.01,16.06,128.7
6.1396,51.7,292.27,150.48,77.66,39.05,95.04,63.36,24.75,0.0,0.0,0.0,0.0,4.18,7.48,12.1,99.33
6.1496,49.61,300.52,146.08,81.95,41.25,99.66,65.67,27.06,0.0,0.0,0.0,0.0,4.18,4.95,10.01,93.5
6.1596,47.52,308.77,137.28,86.13,43.34,106.7,70.4,27.06,0.0,0.0,0.0,0.0,0.0,0.0,6.05,67.32
6.1696,45.54,312.95,128.48,90.42,43.34,111.43,72.82,29.26,0.0,0.0,0.0,0.0,0.0,0.0,0.0,25.08
6.1796,43.45,312.95,124.08,94.6,45.54,118.58,77.55,29.26,0.0,0.0,0.0,0.0,0.0,0.0,0.0,8.36
6.1896,41.36,308.77,121.88,98.89,49.94,123.42,84.59,31.57,0.0,0.0,0.0,0.0,0.0,0.0,0.0,0.0
6.1996,41.36,302.61,121.88,103.07,54.23,130.57,89.32,33.77,0.0,0.0,0.0,0.0,0.0,0.0,0.0,0.0
6.2096,39.27,292.27,119.68,107.36,56.43,135.41,96.47,33.77,0.0,0.0,0.0,0.0,0.0,0.0,0.0,0.0
6.2196,37.18,281.93,119.68,109.45,60.72,140.14,101.2,36.08,0.0,0.0,0.0,0.0,0.0,0.0,0.0,0.0
6.2296,35.09,271.48,117.48,113.63,62.92,147.29,108.24,36.08,0.0,0.0,3.74,0.0,0.0,0.0,0.0,0.0
6.2396,33.11,261.03,110.77,117.81,65.01,152.13,113.08,38.28,0.0,0.0,0.0,0.0,0.0,0.0,0.0,0.0
6.2496,31.02,248.49,106.37,121.99,67.21,156.97,117.59,40.59,0.0,0.0,0.0,0.0,0.0,0.0,0.0,0.0
6.2596,31.02,235.95,101.86,126.06,71.5,161.7,124.41,42.79,0.0,0.0,3.74,0.0,0.0,0.0,0.0,0.0
6.2696,28.93,223.41,95.15,130.24,73.59,166.54,128.92,45.1,0.0,0.0,0.0,0.0,0.0,0.0,0.0,0.0
6.2796,28.93,212.96,90.75,136.4,75.79,171.16,133.43,47.3,0.0,0.0,0.0,0.0,0.0,0.0,0.0,0.0
6.2896,26.84,202.62,81.84,140.58,77.88,178.09,137.94,49.61,0.0,0.0,0.0,0.0,0.0,0.0,0.0,0.0
6.2996,26.84,192.28,75.13,146.74,80.08,182.71,144.76,51.81,0.0,0.0,0.0,0.0,0.0,0.0,0.0,0.0
6.3096,24.75,179.85,68.42,153.01,82.17,189.53,149.38,54.12,0.0,0.0,0.0,0.0,0.0,0.0,0.0,0.0
6.3196,24.75,169.51,59.51,157.08,84.37,196.46,153.89,58.63,0.0,0.0,0.0,0.0,0.0,0.0,0.0,0.0
6.3296,24.75,156.42,51.15,163.35,86.57,200.97,158.4,60.72,0.0,0.0,0.0,0.0,0.0,0.0,0.0,0.0
6.3396,22.77,145.42,45.21,167.53,88.66,205.59,162.91,62.92,0.0,0.0,0.0,0.0,0.0,0.0,0.0,0.0
6.3496,22.77,134.42,37.29,173.8,90.86,210.21,167.53,67.32,0.0,0.0,0.0,0.0,0.0,0.0,0.0,0.0
6.3596,22.77,123.42,31.46,178.09,92.95,217.03,172.15,69.41,0.0,0.0,0.0,0.0,0.0,0.0,0.0,0.0
6.3696,20.68,110.22,25.52,184.47,92.95,223.96,176.77,73.81,0.0,0.0,0.0,0.0,0.0,0.0,0.0,0.0
6.3796,20.68,98.23,19.58,190.85,95.15,230.78,181.5,76.01,0.0,0.0,0.0,0.0,0.0,0.0,0.0,0.0
6.3896,18.59,84.37,15.73,199.32,95.15,235.4,186.12,80.3,0.0,0.0,0.0,0.0,0.0,0.0,0.0,0.0
6.3996,18.59,70.4,13.75,205.7,95.15,244.64,190.74,84.7,0.0,0.0,0.0,0.0,0.0,0.0,0.0,0.0
6.4096,18.59,58.52,11.77,214.17,95.15,251.57,193.05,89.1,0.0,0.0,0.0,0.0,0.0,0.0,0.0,0.0
6.4196,16.5,45.21,9.79,220.55,95.15,258.5,195.47,91.19,0.0,0.0,0.0,0.0,0.0,0.0,0.0,0.0
6.4295,14.41,33.88,9.79,226.71,92.95,265.43,197.78,95.59,0.0,0.0,0.0,0.0,0.0,0.0,0.0,0.0
6.4395,12.32,24.42,7.81,228.58,92.95,274.67,200.09,97.79,0.0,0.0,0.0,0.0,0.0,0.0,0.0,0.0
6.4495,10.34,18.81,7.81,228.58,90.86,281.49,204.71,104.28,0.0,0.0,0.0,0.0,0.0,0.0,0.0,0.0
6.4595,8.25,15.07,5.83,222.64,86.57,285.89,207.02,110.88,0.0,0.0,0.0,0.0,0.0,0.0,0.0,0.0
6.4695,8.25,13.09,5.83,214.17,82.17,292.49,209.44,115.28,0.0,0.0,0.0,0.0,0.0,0.0,0.0,0.0
6.4795,6.16,11.22,3.85,205.7,77.88,299.09,211.75,122.21,0.0,0.0,0.0,0.0,0.0,0.0,0.0,0.0
6.4895,4.07,9.35,3.85,195.03,71.5,303.49,216.37,129.03,0.0,0.0,0.0,0.0,0.0,0.0,0.0,0.0
6.4995,4.07,7.48,0.0,184.47,67.21,308.0,216.37,135.96,0.0,0.0,0.0,0.0,0.0,0.0,0.0,0.0
6.5095,0.0,7.48,0.0,173.8,60.72,312.4,218.68,142.78,11.44,0.0,0.0,0.0,0.0,0.0,0.0,0.0
6.5195,0.0,5.61,0.0,163.35,54.23,316.8,220.99,149.71,18.26,0.0,0.0,0.0,0.0,0.0,0.0,0.0
6.5295,0.0,5.61,0.0,153.01,45.54,323.4,220.99,156.53,36.52,0.0,0.0,0.0,0.0,0.0,0.0,0.0
6.5395,0.0,5.61,0.0,140.58,39.05,327.8,220.99,161.15,61.93,0.0,0.0,0.0,0.0,0.0,0.0,0.0
6.5495,0.0,3.74,0.0,128.15,30.36,332.42,218.68,168.08,102.52,0.0,0.0,0.0,0.0,0.0,0.0,0.0
6.5595,0.0,3.74,0.0,113.63,19.47,334.73,216.37,172.7,180.73,0.0,3.74,0.0,0.0,0.0,0.0,0.0
6.5695,0.0,3.74,0.0,96.8,12.98,334.73,209.44,177.43,180.73,0.0,3.74,0.0,0.0,0.0,0.0,0.0
6.5795,0.0,3.74,0.0,77.66,10.78,330.11,202.4,184.58,192.39,0.0,3.74,0.0,0.0,0.0,0.0,0.0
6.5895,0.0,3.74,0.0,54.34,10.78,321.2,193.05,189.31,213.51,0.0,5.61,0.0,0.0,0.0,0.0,0.0
6.5995,0.0,0.0,0.0,27.17,10.78,303.49,176.77,198.88,287.87,12.54,7.59,0.0,0.0,0.0,0.0,0.0
6.6095,0.0,3.74,0.0,16.72,10.78,267.74,149.38,210.76,283.03,96.8,41.8,0.0,0.0,0.0,0.0,0.0
6.6195,0.0,3.74,0.0,14.63,10.78,203.28,117.59,253.0,166.76,184.91,122.98,0.0,0.0,0.0,0.0,0.0
6.6295,0.0,0.0,0.0,12.54,10.78,132.99,79.86,238.92,97.79,226.71,180.73,25.19,8.47,42.79,22.11,19.47
6.6395,0.0,3.74,0.0,10.45,10.78,80.85,40.59,238.92,85.8,228.69,206.47,27.72,10.56,57.97,42.35,27.83
6.6495,0.0,0.0,0.0,8.36,10.78,35.97,24.75,194.04,71.5,224.62,218.13,30.14,14.74,72.27,63.69,33.44
6.6595,0.0,0.0,0.0,8.36,8.58,21.12,20.24,122.21,59.51,228.69,222.75,32.67,16.94,86.68,80.41,44.66
6.6695,0.0,0.0,0.0,8.36,6.49,16.94,18.04,82.5,52.58,230.78,222.75,37.73,21.12,98.67,94.82,55.77
6.6795,0.0,0.0,0.0,6.27,6.49,12.65,13.53,60.72,45.76,236.83,220.55,40.26,23.21,108.24,106.81,70.18
6.6895,0.0,0.0,0.0,4.18,4.29,10.56,11.22,49.61,41.14,240.9,215.82,42.79,27.5,115.5,113.96,81.84
6.6995,0.0,0.0,0.0,4.18,0.0,6.27,6.71,29.26,36.52,247.06,208.78,47.85,29.59,123.09,120.89,93.5
6.7095,0.0,0.0,0.0,0.0,0.0,4.18,4.51,6.71,34.32,251.13,197.12,50.38,29.59,130.68,125.62,102.19
6.7195,0.0,0.0,0.0,0.0,0.0,4.18,0.0,0.0,32.01,253.22,187.77,55.44,31.79,135.74,130.24,108.02
6.7295,0.0,0.0,0.0,0.0,0.0,0.0,0.0,0.0,29.7,253.22,178.42,57.97,33.88,140.8,134.86,113.52
6.7395,0.0,0.0,0.0,0.0,0.0,0.0,0.0,0.0,27.39,249.04,169.07,60.39,35.97,143.22,137.17,116.05
6.7495,0.0,0.0,0.0,0.0,0.0,0.0,0.0,0.0,27.39,244.97,159.83,62.92,38.06,148.28,139.59,118.58
6.7595,0.0,0.0,0.0,0.0,0.0,0.0,0.0,0.0,25.08,240.9,150.59,62.92,40.26,150.81,144.21,123.64
6.7695,0.0,0.0,0.0,0.0,0.0,0.0,0.0,0.0,25.08,232.76,145.97,65.45,40.26,153.34,148.83,126.17
6.7795,0.0,0.0,0.0,0.0,0.0,0.0,0.0,0.0,25.08,226.71,141.35,65.45,42.35,153.34,151.14,128.7
6.7895,0.0,0.0,0.0,0.0,0.0,0.0,0.0,0.0,22.88,218.35,136.84,67.98,42.35,155.87,153.56,131.23
6.7995,0.0,0.0,0.0,0.0,0.0,0.0,0.0,0.0,22.88,212.08,132.22,67.98,44.44,155.87,155.87,133.76
6.8095,0.0,0.0,0.0,0.0,0.0,0.0,0.0,0.0,22.88,203.72,125.29,67.98,44.44,158.4,160.49,133.76
6.8195,0.0,0.0,0.0,0.0,0.0,0.0,0.0,0.0,20.57,195.36,118.36,70.4,46.53,158.4,162.8,138.82
6.8295,0.0,0.0,0.0,0.0,0.0,0.0,0.0,0.0,20.57,189.09,113.85,70.4,46.53,160.93,165.11,141.35
6.8395,0.0,0.0,0.0,0.0,0.0,0.0,0.0,0.0,20.57,180.73,109.45,72.93,48.73,160.93,169.95,143.88
6.8495,0.0,0.0,0.0,0.0,0.0,0.0,0.0,0.0,20.57,174.46,105.05,72.93,50.82,163.46,172.37,146.41
6.8595,0.0,0.0,0.0,0.0,0.0,0.0,0.0,0.0,20.57,170.28,102.96,75.46,52.91,163.46,177.21,148.94
6.8695,0.0,0.0,0.0,0.0,0.0,0.0,0.0,0.0,20.57,163.79,100.76,75.46,52.91,165.99,179.63,154.0
6.8795,0.0,0.0,0.0,0.0,0.0,0.0,0.0,0.0,20.57,159.39,96.36,77.99,55.11,168.52,182.16,156.53
6.8895,0.0,0.0,0.0,0.0,0.0,0.0,0.0,0.0,18.26,155.1,92.07,80.41,55.11,171.05,187.0,159.06
6.8995,0.0,0.0,0.0,0.0,0.0,0.0,0.0,0.0,18.26,148.61,87.67,80.41,57.53,171.05,189.42,161.59
6.9095,0.0,0.0,0.0,0.0,0.0,0.0,0.0,0.0,18.26,144.21,83.38,82.94,60.06,173.36,194.37,166.76
6.9195,0.0,0.0,0.0,0.0,0.0,0.0,0.0,0.0,18.26,137.72,81.18,85.47,60.06,178.09,196.79,169.18
6.9295,0.0,0.0,0.0,0.0,0.0,0.0,0.0,0.0,18.26,133.32,74.69,88.0,62.59,180.4,201.63,171.71
6.9395,0.0,0.0,0.0,0.0,0.0,0.0,0.0,0.0,18.26,129.03,70.29,90.53,65.12,182.82,206.47,176.77
6.9495,0.0,0.0,0.0,0.0,0.0,0.0,0.0,0.0,18.26,124.63,63.8,92.95,65.12,187.44,209.0,179.19
6.9595,0.0,0.0,0.0,0.0,0.0,0.0,0.0,0.0,18.26,120.34,57.2,95.48,67.65,192.17,213.84,184.25
6.9695,0.0,0.0,0.0,0.0,0.0,0.0,0.0,0.0,18.26,115.94,53.13,100.54,70.18,194.59,216.26,186.78
6.9795,0.0,0.0,0.0,0.0,0.0,0.0,0.0,0.0,15.95,111.65,47.41,102.96,70.18,199.32,218.68,189.31
6.9895,0.0,0.0,0.0,0.0,0.0,0.0,0.0,0.0,15.95,105.27,41.8,108.02,70.18,203.94,223.52,194.26
6.9995,0.0,0.0,0.0,0.0,0.0,0.0,0.0,0.0,15.95,98.89,34.1,110.55,72.71,208.67,225.94,196.79
7.0095,0.0,0.0,0.0,0.0,0.0,0.0,0.0,0.0,15.95,90.42,28.49,113.08,72.71,213.4,230.78,199.32
7.0195,0.0,0.0,0.0,0.0,0.0,0.0,0.0,0.0,15.95,81.95,22.77,118.03,72.71,218.13,235.51,201.85
7.0295,0.0,0.0,0.0,0.0,0.0,0.0,0.0,0.0,15.95,69.19,18.92,120.45,75.24,222.97,240.35,206.8
7.0395,0.0,0.0,0.0,0.0,0.0,0.0,0.0,0.0,15.95,56.43,17.05,125.51,72.71,230.34,245.19,211.86
7.0495,0.0,0.0,0.0,0.0,0.0,0.0,0.0,0.0,15.95,43.89,15.18,127.93,72.71,235.18,247.61,214.39
7.0595,0.0,0.0,0.0,0.0,0.0,0.0,0.0,0.0,13.64,31.35,15.18,130.46,72.71,242.55,254.76,219.34
7.0695,0.0,0.0,0.0,0.0,0.0,0.0,0.0,0.0,11.44,20.9,13.2,130.46,72.71,249.92,257.18,224.4
7.0795,0.0,0.0,0.0,0.0,0.0,0.0,0.0,0.0,9.13,14.63,9.46,130.46,67.65,254.76,262.02,231.55
7.0895,0.0,0.0,0.0,0.0,0.0,0.0,0.0,0.0,6.82,12.54,7.59,125.51,62.59,262.13,264.33,238.59
7.0995,10.34,0.0,0.0,0.0,0.0,0.0,0.0,0.0,4.51,10.45,7.59,120.45,57.53,269.5,269.17,245.63
7.1095,43.45,0.0,0.0,0.0,0.0,0.0,0.0,0.0,4.51,8.36,5.61,113.08,52.91,274.34,271.59,252.67
7.1195,73.15,0.0,0.0,0.0,0.0,0.0,0.0,0.0,4.51,6.27,5.61,105.49,46.53,281.71,276.43,259.71
7.1295,101.42,0.0,0.0,0.0,0.0,0.0,0.0,0.0,0.0,6.27,3.74,98.01,40.26,286.55,276.43,266.75
7.1395,130.24,0.0,0.0,0.0,0.0,0.0,0.0,0.0,0.0,6.27,3.74,88.0,33.88,293.92,276.43,273.79
7.1495,156.09,0.0,0.0,0.0,0.0,0.0,0.0,0.0,0.0,4.18,3.74,75.46,25.41,296.34,271.59,280.94
7.1595,198.44,3.74,0.0,0.0,0.0,0.0,0.0,0.0,0.0,4.18,3.74,60.39,16.94,298.87,264.33,286.0
7.1695,261.14,20.68,0.0,0.0,0.0,0.0,0.0,0.0,0.0,4.18,0.0,42.79,12.65,298.87,247.61,291.06
7.1795,226.82,141.02,3.85,0.0,0.0,0.0,0.0,0.0,0.0,4.18,0.0,25.19,10.56,291.5,218.68,296.12
7.1895,172.15,244.31,9.79,16.72,0.0,0.0,0.0,0.0,0.0,0.0,0.0,10.01,10.56,269.5,177.21,301.18
7.1995,134.2,265.21,106.37,56.54,6.49,29.59,6.71,9.02,0.0,0.0,0.0,7.48,10.56,218.13,123.2,306.24
7.2095,132.22,271.48,150.48,60.72,19.47,55.11,18.04,13.53,0.0,0.0,0.0,10.01,10.56,158.4,73.26,306.24
7.2195,116.38,277.75,163.68,62.81,28.16,73.81,38.28,18.04,0.0,0.0,0.0,7.48,12.65,98.67,34.32,288.53
7.2295,108.02,281.93,170.5,67.1,32.56,88.0,49.61,22.55,0.0,0.0,0.0,7.48,10.56,45.32,26.18,221.87
7.2395,99.33,292.27,170.5,71.28,34.65,99.66,58.63,22.55,0.0,0.0,0.0,7.48,8.47,17.6,22.11,159.06
7.2495,92.73,302.61,170.5,75.57,36.85,109.12,65.67,27.06,0.0,0.0,0.0,7.48,6.27,12.54,18.15,131.23
7.2595,88.44,315.04,165.88,81.95,36.85,116.16,70.4,29.26,0.0,0.0,0.0,4.95,6.27,7.48,12.1,110.99
7.2695,86.24,329.45,157.08,86.13,39.05,123.42,72.82,31.57,0.0,0.0,0.0,4.95,4.18,4.95,8.03,78.98
7.2795,81.84,342.54,146.08,94.6,39.05,130.57,75.13,31.57,0.0,0.0,0.0,0.0,0.0,0.0,3.96,30.69
7.2895,75.35,353.76,130.68,100.98,39.05,137.72,75.13,33.77,0.0,0.0,0.0,0.0,0.0,0.0,0.0,5.5
7.2995,70.95,362.67,115.28,109.45,39.05,144.98,75.13,33.77,0.0,0.0,0.0,0.0,0.0,0.0,0.0,0.0
7.3095,64.46,367.18,101.86,113.63,39.05,149.71,77.55,33.77,0.0,0.0,0.0,0.0,0.0,0.0,0.0,0.0
7.3195,60.06,364.98,88.55,119.9,39.05,152.13,77.55,36.08,0.0,0.0,0.0,0.0,0.0,0.0,0.0,0.0
7.3295,55.88,358.27,79.53,121.99,41.25,156.97,79.86,36.08,0.0,0.0,0.0,0.0,0.0,0.0,0.0,0.0
7.3395,51.7,347.05,75.13,126.06,41.25,159.28,82.28,36.08,0.0,0.0,0.0,0.0,0.0,0.0,0.0,0.0
7.3495,47.52,333.63,70.62,128.15,43.34,159.28,84.59,38.28,0.0,0.0,0.0,0.0,0.0,0.0,0.0,0.0
7.3595,45.54,321.2,66.22,130.24,45.54,161.7,87.01,38.28,0.0,0.0,0.0,0.0,0.0,0.0,0.0,0.0
7.3695,43.45,308.77,61.71,132.33,47.74,164.12,89.32,38.28,0.0,0.0,0.0,0.0,0.0,0.0,0.0,0.0
7.3795,39.27,300.52,55.11,136.4,47.74,166.54,91.74,38.28,0.0,0.0,0.0,0.0,0.0,0.0,0.0,0.0
7.3895,37.18,290.18,49.17,138.49,49.94,168.96,94.05,40.59,0.0,0.0,0.0,0.0,0.0,0.0,0.0,0.0
7.3995,35.09,277.75,43.23,142.67,52.03,171.16,98.78,40.59,0.0,0.0,0.0,0.0,0.0,0.0,0.0,0.0
7.4095,33.11,267.3,41.25,144.76,54.23,173.47,101.2,40.59,0.0,0.0,0.0,0.0,0.0,0.0,0.0,0.0
7.4195,33.11,256.85,39.27,146.74,56.43,175.78,103.51,42.79,0.0,0.0,0.0,0.0,0.0,0.0,0.0,0.0
7.4295,31.02,248.49,37.29,148.83,56.43,178.09,108.24,42.79,0.0,0.0,0.0,0.0,0.0,0.0,0.0,0.0
7.4395,31.02,242.22,37.29,150.92,58.63,180.4,110.66,45.1,0.0,0.0,0.0,0.0,0.0,0.0,0.0,0.0
7.4495,31.02,233.86,37.29,150.92,60.72,182.71,115.28,45.1,0.0,0.0,0.0,0.0,0.0,0.0,0.0,0.0
7.4595,28.93,227.59,37.29,153.01,62.92,184.91,119.79,47.3,0.0,0.0,0.0,0.0,0.0,0.0,0.0,0.0
7.4695,28.93,221.32,39.27,150.92,65.01,187.22,124.41,47.3,0.0,0.0,0.0,0.0,0.0,0.0,0.0,0.0
7.4795,28.93,212.96,43.23,150.92,67.21,187.22,128.92,49.61,0.0,0.0,0.0,0.0,0.0,0.0,0.0,0.0
7.4895,28.93,206.8,49.17,150.92,69.3,189.53,133.43,51.81,0.0,0.0,0.0,0.0,0.0,0.0,0.0,0.0
7.4995,28.93,198.55,53.13,150.92,71.5,194.15,140.25,54.12,0.0,0.0,0.0,0.0,0.0,0.0,0.0,0.0
7.5095,28.93,192.28,55.11,153.01,75.79,196.46,144.76,56.32,0.0,0.0,0.0,0.0,0.0,0.0,0.0,0.0
7.5195,28.93,184.03,55.11,157.08,77.88,198.66,149.38,60.72,0.0,0.0,0.0,0.0,0.0,0.0,0.0,0.0
7.5295,26.84,177.87,53.13,159.17,80.08,203.28,153.89,62.92,0.0,0.0,0.0,0.0,0.0,0.0,0.0,0.0
7.5395,26.84,171.6,49.17,165.44,82.17,207.9,160.71,65.12,0.0,0.0,0.0,0.0,0.0,0.0,0.0,0.0
7.5495,26.84,163.02,45.21,169.62,84.37,214.72,165.22,69.41,0.0,0.0,0.0,0.0,0.0,0.0,0.0,0.0
7.5595,24.75,156.42,39.27,178.09,86.57,219.34,169.84,71.61,0.0,0.0,0.0,0.0,0.0,0.0,0.0,0.0
7.5695,24.75,145.42,33.44,184.47,90.86,226.27,174.46,73.81,0.0,0.0,0.0,0.0,0.0,0.0,0.0,0.0
7.5795,22.77,134.42,25.52,190.85,90.86,233.09,181.5,78.21,0.0,0.0,0.0,0.0,0.0,0.0,0.0,0.0
7.5895,22.77,119.02,19.58,199.32,92.95,240.02,186.12,82.5,0.0,0.0,0.0,0.0,0.0,0.0,0.0,0.0
7.5995,20.68,100.21,15.73,205.7,92.95,246.95,190.74,84.7,0.0,0.0,0.0,0.0,0.0,0.0,0.0,0.0
7.6095,20.68,80.3,11.77,212.08,92.95,253.88,193.05,89.1,0.0,0.0,0.0,0.0,0.0,0.0,0.0,0.0
7.6195,18.59,60.5,9.79,216.26,92.95,260.81,197.78,91.19,0.0,0.0,0.0,0.0,0.0,0.0,0.0,0.0
7.6295,16.5,43.34,9.79,220.55,90.86,267.74,200.09,95.59,4.51,0.0,0.0,0.0,0.0,0.0,0.0,0.0
7.6395,14.41,30.14,7.81,222.64,92.95,274.67,204.71,99.99,11.44,0.0,0.0,0.0,0.0,0.0,0.0,0.0
7.6495,12.32,18.81,5.83,218.46,90.86,281.49,209.44,104.28,20.57,0.0,0.0,0.0,0.0,0.0,0.0,0.0
7.6595,8.25,15.07,5.83,209.88,86.57,285.89,214.06,113.08,27.39,0.0,0.0,0.0,0.0,0.0,0.0,0.0
7.6695,8.25,13.09,3.85,199.32,80.08,292.49,218.68,119.9,34.32,0.0,0.0,0.0,0.0,0.0,0.0,0.0
7.6795,6.16,11.22,3.85,188.65,73.59,299.09,220.99,129.03,41.14,0.0,0.0,0.0,0.0,0.0,0.0,0.0
7.6895,4.07,9.35,0.0,176.0,67.21,303.49,225.61,135.96,52.58,0.0,0.0,0.0,0.0,0.0,0.0,0.0
7.6995,4.07,7.48,0.0,163.35,60.72,308.0,225.61,145.09,107.25,0.0,0.0,0.0,0.0,0.0,0.0,0.0
7.7095,0.0,7.48,0.0,150.92,52.03,312.4,225.61,152.02,123.53,0.0,3.74,0.0,0.0,0.0,0.0,0.0
7.7195,0.0,5.61,0.0,136.4,43.34,314.6,225.61,158.84,141.68,0.0,3.74,0.0,0.0,0.0,0.0,0.0
7.7295,0.0,5.61,0.0,117.81,34.65,316.8,225.61,163.46,204.16,6.27,7.59,0.0,0.0,0.0,0.0,0.0
7.7395,0.0,3.74,0.0,98.89,23.87,314.6,225.61,170.39,206.47,48.07,53.13,0.0,0.0,0.0,0.0,0.0
7.7495,0.0,3.74,0.0,75.57,15.18,308.0,220.99,177.43,137.17,126.83,96.36,4.95,0.0,0.0,0.0,5.5
7.7595,0.0,3.74,0.0,48.07,10.78,296.89,211.75,184.58,95.37,159.39,134.53,17.6,10.56,20.13,20.13,11.11
7.7695,0.0,3.74,0.0,20.9,10.78,276.98,188.43,196.46,83.38,165.99,150.59,20.13,12.65,32.67,32.23,13.86
7.7795,0.0,3.74,0.0,14.63,10.78,223.96,153.89,210.76,71.5,165.99,157.52,22.66,16.94,42.79,44.33,19.47
7.7895,0.0,3.74,0.0,12.54,10.78,154.55,113.08,227.26,61.93,174.46,159.83,27.72,19.03,52.91,54.45,22.33
7.7995,0.0,3.74,0.0,10.45,10.78,90.31,68.09,236.61,52.58,180.73,162.14,30.14,23.21,62.7,66.11,27.83
7.8095,0.0,3.74,0.0,8.36,8.58,46.53,29.26,222.64,47.96,189.09,166.76,32.67,25.41,74.69,75.68,33.44
7.8195,0.0,3.74,0.0,8.36,8.58,21.12,20.24,147.4,45.76,195.36,169.07,35.2,27.5,81.84,85.25,39.05
7.8295,0.0,3.74,0.0,8.36,6.49,16.94,18.04,89.1,43.45,201.63,171.38,37.73,29.59,91.41,94.82,44.66
7.8395,0.0,0.0,0.0,6.27,6.49,14.74,13.53,56.32,41.14,209.99,171.38,40.26,31.79,98.67,101.97,50.16
7.8495,0.0,0.0,0.0,6.27,4.29,10.56,9.02,47.3,38.83,218.35,169.07,42.79,33.88,105.82,106.81,55.77
7.8594,0.0,0.0,0.0,4.18,0.0,8.47,6.71,36.08,36.52,222.64,164.45,45.32,33.88,113.08,111.65,61.49
7.8694,0.0,0.0,0.0,4.18,0.0,6.27,0.0,11.22,34.32,228.69,162.14,50.38,35.97,120.56,116.27,67.32
7.8794,0.0,0.0,0.0,0.0,0.0,4.18,0.0,0.0,32.01,232.76,157.52,52.91,38.06,125.62,120.89,73.15
7.8894,0.0,0.0,0.0,0.0,0.0,0.0,0.0,0.0,29.7,234.85,152.9,55.44,38.06,133.21,123.2,78.98
7.8994,0.0,0.0,0.0,0.0,0.0,0.0,0.0,0.0,29.7,234.85,150.59,57.97,40.26,138.27,127.93,84.81
7.9094,0.0,0.0,0.0,0.0,0.0,0.0,0.0,0.0,29.7,234.85,145.97,60.39,42.35,140.8,130.24,90.53
7.9194,0.0,0.0,0.0,0.0,0.0,0.0,0.0,0.0,27.39,232.76,141.35,62.92,42.35,145.75,134.86,93.5
7.9294,0.0,0.0,0.0,0.0,0.0,0.0,0.0,0.0,25.08,228.69,136.84,65.45,44.44,148.28,134.86,99.33
7.9394,0.0,0.0,0.0,0.0,0.0,0.0,0.0,0.0,25.08,224.62,134.53,67.98,44.44,150.81,139.59,102.19
7.9494,0.0,0.0,0.0,0.0,0.0,0.0,0.0,0.0,25.08,218.35,127.6,67.98,46.53,153.34,141.9,105.16
7.9594,0.0,0.0,0.0,0.0,0.0,0.0,0.0,0.0,22.88,214.17,125.29,70.4,48.73,155.87,144.21,108.02
7.9694,0.0,0.0,0.0,0.0,0.0,0.0,0.0,0.0,22.88,209.99,122.98,70.4,48.73,158.4,146.52,110.99
7.9794,0.0,0.0,0.0,0.0,0.0,0.0,0.0,0.0,22.88,205.81,120.67,70.4,50.82,158.4,148.83,116.05
7.9894,0.0,0.0,0.0,0.0,0.0,0.0,0.0,0.0,22.88,201.63,118.36,72.93,52.91,160.93,153.56,118.58
7.9994,0.0,0.0,0.0,0.0,0.0,0.0,0.0,0.0,20.57,197.45,116.05,72.93,52.91,163.46,158.18,121.11
8.0094,0.0,0.0,0.0,0.0,0.0,0.0,0.0,0.0,20.57,191.18,113.85,75.46,55.11,165.99,160.49,126.17
8.0194,0.0,0.0,0.0,0.0,0.0,0.0,0.0,0.0,20.57,187.0,109.45,75.46,55.11,165.99,162.8,128.7
8.0294,0.0,0.0,0.0,0.0,0.0,0.0,0.0,0.0,20.57,182.82,107.25,77.99,57.53,168.52,167.53,131.23
8.0394,0.0,0.0,0.0,0.0,0.0,0.0,0.0,0.0,20.57,178.64,105.05,77.99,60.06,168.52,169.95,136.29
8.0494,0.0,0.0,0.0,0.0,0.0,0.0,0.0,0.0,20.57,172.37,102.96,77.99,60.06,171.05,174.79,138.82
8.0594,0.0,0.0,0.0,0.0,0.0,0.0,0.0,0.0,20.57,168.19,100.76,80.41,62.59,171.05,177.21,141.35
8.0694,0.0,0.0,0.0,0.0,0.0,0.0,0.0,0.0,20.57,163.79,98.56,80.41,62.59,173.36,182.16,143.88
8.0794,0.0,0.0,0.0,0.0,0.0,0.0,0.0,0.0,20.57,157.3,96.36,80.41,65.12,173.36,184.58,148.94
8.0894,0.0,0.0,0.0,0.0,0.0,0.0,0.0,0.0,20.57,150.7,94.27,82.94,67.65,175.67,189.42,151.47
8.0994,0.0,0.0,0.0,0.0,0.0,0.0,0.0,0.0,20.57,146.41,89.87,82.94,67.65,178.09,194.37,154.0
8.1094,0.0,0.0,0.0,0.0,0.0,0.0,0.0,0.0,20.57,139.92,85.47,85.47,70.18,180.4,199.21,159.06
8.1194,0.0,0.0,0.0,0.0,0.0,0.0,0.0,0.0,18.26,133.32,81.18,88.0,72.71,182.82,204.05,164.12
8.1294,0.0,0.0,0.0,0.0,0.0,0.0,0.0,0.0,18.26,126.83,76.78,90.53,75.24,187.44,209.0,169.18
8.1394,0.0,0.0,0.0,0.0,0.0,0.0,0.0,0.0,18.26,122.54,70.29,92.95,77.77,192.17,213.84,171.71
8.1494,0.0,0.0,0.0,0.0,0.0,0.0,0.0,0.0,18.26,115.94,63.8,95.48,80.3,196.9,218.68,176.77
8.1594,0.0,0.0,0.0,0.0,0.0,0.0,0.0,0.0,18.26,109.56,55.11,100.54,82.83,201.63,225.94,181.72
8.1694,0.0,0.0,0.0,0.0,0.0,0.0,0.0,0.0,18.26,101.09,47.41,102.96,82.83,206.36,230.78,189.31
8.1794,0.0,0.0,0.0,0.0,0.0,0.0,0.0,0.0,18.26,90.42,41.8,105.49,85.25,213.4,237.93,194.26
8.1894,0.0,0.0,0.0,0.0,0.0,0.0,0.0,0.0,15.95,79.86,34.1,110.55,87.78,218.13,245.19,199.32
8.1994,0.0,0.0,0.0,0.0,0.0,0.0,0.0,0.0,15.95,67.1,26.51,113.08,87.78,225.39,252.34,206.8
8.2094,4.07,0.0,0.0,0.0,0.0,0.0,0.0,0.0,15.95,52.25,20.9,118.03,90.31,230.34,257.18,211.86
8.2194,10.34,0.0,0.0,0.0,0.0,0.0,0.0,0.0,15.95,35.53,17.05,120.45,90.31,240.13,264.33,216.81
8.2294,20.68,0.0,0.0,0.0,0.0,0.0,0.0,0.0,11.44,22.99,15.18,120.45,87.78,247.39,266.75,221.87
8.2394,31.02,0.0,0.0,0.0,0.0,0.0,0.0,0.0,9.13,14.63,11.33,118.03,82.83,252.34,271.59,229.24
8.2494,41.36,0.0,0.0,0.0,0.0,0.0,0.0,0.0,6.82,12.54,9.46,115.5,75.24,259.71,274.01,236.28
8.2594,73.15,0.0,0.0,0.0,0.0,0.0,0.0,0.0,4.51,10.45,7.59,108.02,70.18,264.55,276.43,245.63
8.2694,94.93,0.0,0.0,0.0,0.0,0.0,0.0,0.0,4.51,8.36,5.61,98.01,62.59,269.5,280.94,252.67
8.2794,130.24,0.0,0.0,0.0,0.0,0.0,0.0,0.0,4.51,6.27,5.61,88.0,52.91,271.92,283.25,259.71
8.2894,190.3,3.74,0.0,0.0,0.0,0.0,0.0,0.0,4.51,6.27,5.61,75.46,44.44,271.92,283.25,264.44
8.2994,218.68,58.52,0.0,0.0,0.0,0.0,0.0,0.0,0.0,4.18,3.74,62.92,38.06,271.92,280.94,273.79
8.3094,166.1,175.78,7.81,0.0,0.0,0.0,0.0,0.0,0.0,4.18,3.74,47.85,29.59,269.5,278.63,278.52
8.3194,108.02,227.59,68.42,33.44,0.0,6.27,0.0,0.0,0.0,4.18,3.74,30.14,19.03,266.97,269.17,283.47
8.3294,88.44,254.76,104.06,50.16,8.58,29.59,6.71,9.02,0.0,0.0,0.0,12.54,10.56,254.76,252.34,286.0
8.3394,79.64,250.58,119.68,52.25,15.18,48.73,15.73,11.22,0.0,0.0,0.0,7.48,8.47,230.34,221.21,288.53
8.3494,66.66,242.22,128.48,54.34,21.67,62.15,27.06,15.73,0.0,0.0,0.0,4.95,8.47,189.86,179.63,293.59
8.3594,60.06,242.22,132.88,56.54,25.96,71.5,36.08,18.04,0.0,0.0,0.0,4.95,8.47,135.74,127.93,298.65
8.3694,57.97,242.22,139.48,58.63,30.36,76.23,45.1,20.24,0.0,0.0,0.0,4.95,8.47,91.41,78.1,298.65
8.3794,57.97,244.31,148.28,58.63,32.56,80.85,51.81,20.24,0.0,0.0,0.0,4.95,10.56,47.85,32.23,280.94
8.3894,57.97,248.49,154.88,58.63,34.65,83.27,58.63,22.55,0.0,0.0,0.0,4.95,8.47,17.6,20.13,201.85
8.3994,60.06,254.76,159.28,58.63,36.85,88.0,63.36,22.55,0.0,0.0,0.0,4.95,6.27,12.54,18.15,131.23
8.4094,62.26,263.12,161.48,58.63,39.05,90.31,65.67,24.75,0.0,0.0,0.0,4.95,6.27,10.01,14.08,105.16
8.4194,64.46,273.57,161.48,60.72,39.05,92.62,70.4,24.75,0.0,0.0,0.0,4.95,6.27,7.48,12.1,99.33
8.4294,64.46,281.93,159.28,62.81,41.25,97.35,72.82,24.75,0.0,0.0,0.0,0.0,4.18,4.95,8.03,87.67
8.4394,62.26,290.18,154.88,65.01,43.34,102.08,77.55,24.75,0.0,0.0,0.0,0.0,0.0,0.0,3.96,50.16
8.4494,62.26,296.45,150.48,69.19,43.34,106.7,82.28,27.06,0.0,0.0,0.0,0.0,0.0,0.0,0.0,13.86
8.4594,60.06,298.43,148.28,71.28,45.54,111.43,87.01,29.26,0.0,0.0,0.0,0.0,0.0,0.0,0.0,0.0
8.4694,57.97,300.52,148.28,73.48,47.74,116.16,89.32,29.26,0.0,0.0,0.0,0.0,0.0,0.0,0.0,0.0
8.4794,53.79,298.43,146.08,77.66,49.94,121.0,94.05,31.57,0.0,0.0,0.0,0.0,0.0,0.0,0.0,0.0
8.4894,49.61,296.45,141.68,79.75,52.03,125.73,98.78,31.57,0.0,0.0,0.0,0.0,0.0,0.0,0.0,0.0
8.4994,47.52,292.27,137.28,84.04,54.23,130.57,103.51,33.77,0.0,0.0,0.0,0.0,0.0,0.0,0.0,0.0
8.5094,43.45,286.11,130.68,88.33,56.43,137.72,108.24,36.08,0.0,0.0,0.0,0.0,0.0,0.0,0.0,0.0
8.5194,41.36,279.95,124.08,92.51,56.43,142.56,113.08,36.08,0.0,0.0,0.0,0.0,0.0,0.0,0.0,0.0
8.5294,37.18,273.57,117.48,98.89,58.63,147.29,115.28,38.28,0.0,0.0,0.0,0.0,0.0,0.0,0.0,0.0
8.5394,35.09,267.3,108.57,103.07,60.72,154.55,119.79,40.59,0.0,0.0,0.0,0.0,0.0,0.0,0.0,0.0
8.5494,33.11,261.03,101.86,109.45,62.92,159.28,124.41,42.79,0.0,0.0,0.0,0.0,0.0,0.0,0.0,0.0
8.5594,31.02,254.76,92.95,115.72,62.92,166.54,126.61,45.1,0.0,0.0,0.0,0.0,0.0,0.0,0.0,0.0
8.5694,28.93,248.49,81.84,121.99,65.01,171.16,128.92,47.3,0.0,0.0,0.0,0.0,0.0,0.0,0.0,0.0
8.5794,28.93,242.22,70.62,128.15,65.01,175.78,131.23,49.61,0.0,0.0,0.0,0.0,0.0,0.0,0.0,0.0
8.5894,26.84,235.95,59.51,134.31,67.21,180.4,133.43,51.81,0.0,0.0,0.0,0.0,0.0,0.0,0.0,0.0
8.5994,26.84,227.59,49.17,142.67,67.21,187.22,135.74,54.12,0.0,0.0,0.0,0.0,0.0,0.0,0.0,0.0
8.6094,24.75,217.14,41.25,148.83,69.3,191.84,140.25,56.32,0.0,0.0,0.0,0.0,0.0,0.0,0.0,0.0
8.6194,24.75,206.8,33.44,155.1,69.3,196.46,142.56,58.63,0.0,0.0,0.0,0.0,0.0,0.0,0.0,0.0
8.6294,24.75,196.46,27.5,161.26,71.5,203.28,144.76,60.72,0.0,0.0,0.0,0.0,0.0,0.0,0.0,0.0
8.6394,22.77,184.03,21.56,169.62,71.5,207.9,149.38,62.92,0.0,0.0,0.0,0.0,0.0,0.0,0.0,0.0
8.6494,22.77,171.6,17.71,176.0,73.59,214.72,151.58,65.12,0.0,0.0,0.0,0.0,0.0,0.0,0.0,0.0
8.6594,20.68,160.82,13.75,184.47,73.59,221.65,156.09,67.32,0.0,0.0,0.0,0.0,0.0,0.0,0.0,0.0
8.6694,20.68,147.62,11.77,192.94,73.59,226.27,158.4,71.61,0.0,0.0,0.0,0.0,0.0,0.0,0.0,0.0
8.6794,20.68,134.42,11.77,199.32,73.59,233.09,160.71,73.81,0.0,0.0,0.0,0.0,0.0,0.0,0.0,0.0
8.6894,18.59,119.02,9.79,207.79,73.59,240.02,162.91,76.01,0.0,0.0,0.0,0.0,0.0,0.0,0.0,0.0
8.6994,18.59,106.15,9.79,218.46,73.59,246.95,165.22,78.21,0.0,0.0,0.0,0.0,0.0,0.0,0.0,0.0
8.7094,18.59,92.29,9.79,226.71,71.5,253.88,167.53,80.3,0.0,0.0,0.0,0.0,0.0,0.0,0.0,0.0
8.7194,16.5,76.34,7.81,234.3,71.5,260.81,169.84,82.5,0.0,0.0,0.0,0.0,0.0,0.0,0.0,0.0
8.7294,16.5,62.48,7.81,242.0,69.3,267.74,172.15,84.7,0.0,0.0,0.0,0.0,0.0,0.0,0.0,0.0
8.7394,14.41,47.08,7.81,247.72,69.3,274.67,174.46,86.9,0.0,0.0,0.0,0.0,0.0,0.0,0.0,0.0
8.7494,14.41,33.88,7.81,251.57,69.3,281.49,176.77,89.1,0.0,0.0,0.0,0.0,0.0,0.0,0.0,0.0
8.7594,12.32,24.42,5.83,251.57,69.3,288.09,181.5,93.39,0.0,0.0,0.0,0.0,0.0,0.0,0.0,0.0
8.7694,10.34,18.81,5.83,247.72,67.21,294.69,183.81,99.99,0.0,0.0,0.0,0.0,0.0,0.0,0.0,0.0
8.7794,8.25,15.07,5.83,240.02,62.92,301.29,188.43,106.48,0.0,0.0,0.0,0.0,0.0,0.0,0.0,0.0
8.7894,6.16,13.09,3.85,232.43,60.72,308.0,193.05,113.08,0.0,0.0,0.0,0.0,0.0,0.0,0.0,0.0
8.7994,6.16,11.22,3.85,222.64,56.43,314.6,195.47,119.9,9.13,0.0,0.0,0.0,0.0,0.0,0.0,0.0
8.8094,4.07,9.35,0.0,212.08,49.94,321.2,197.78,126.83,18.26,0.0,0.0,0.0,0.0,0.0,0.0,0.0
8.8194,0.0,7.48,0.0,201.41,45.54,327.8,197.78,133.65,34.32,0.0,0.0,0.0,0.0,0.0,0.0,0.0
8.8294,0.0,5.61,0.0,192.94,39.05,332.42,197.78,140.58,54.89,0.0,0.0,0.0,0.0,0.0,0.0,0.0
8.8394,0.0,5.61,0.0,182.38,32.56,339.46,197.78,147.4,114.51,0.0,0.0,0.0,0.0,0.0,0.0,0.0
8.8494,0.0,5.61,0.0,169.62,23.87,344.19,195.47,152.02,150.81,0.0,0.0,0.0,0.0,0.0,0.0,0.0
8.8594,0.0,3.74,0.0,155.1,15.18,348.81,193.05,158.84,150.81,0.0,0.0,0.0,0.0,0.0,0.0,0.0
8.8694,0.0,3.74,0.0,134.31,10.78,348.81,188.43,163.46,164.45,0.0,3.74,0.0,0.0,0.0,0.0,0.0
8.8794,0.0,3.74,0.0,113.63,8.58,346.5,181.5,170.39,194.81,4.18,3.74,0.0,0.0,0.0,0.0,0.0
8.8894,0.0,3.74,0.0,88.33,8.58,341.77,169.84,177.43,271.37,10.45,11.33,0.0,0.0,0.0,0.0,0.0
8.8994,0.0,3.74,0.0,56.54,8.58,325.6,151.58,187.0,227.48,79.86,76.78,0.0,0.0,0.0,0.0,0.0
8.9094,0.0,3.74,0.0,25.08,10.78,303.49,126.61,198.88,141.68,165.99,129.91,12.54,6.27,10.01,14.08,11.11
8.9194,0.0,3.74,0.0,16.72,10.78,240.02,96.47,215.49,107.25,189.09,171.38,20.13,12.65,32.67,36.3,16.72
8.9294,0.0,3.74,0.0,14.63,10.78,156.97,60.94,227.26,95.37,189.09,183.04,20.13,16.94,45.32,54.45,22.33
8.9394,0.0,3.74,0.0,12.54,10.78,92.62,31.57,224.95,83.38,189.09,192.39,22.66,21.12,55.44,73.26,27.83
8.9494,0.0,3.74,0.0,10.45,8.58,44.44,22.55,175.12,76.23,193.27,197.12,22.66,23.21,65.12,89.98,36.19
8.9594,0.0,0.0,0.0,10.45,8.58,23.21,18.04,117.59,69.08,195.36,204.16,25.19,27.5,72.27,101.97,47.41
8.9694,0.0,0.0,0.0,8.36,6.49,19.03,15.73,84.7,64.35,197.45,206.47,25.19,29.59,79.53,113.96,58.63
8.9794,0.0,0.0,0.0,6.27,4.29,12.65,11.22,62.92,61.93,201.63,208.78,27.72,31.79,84.26,120.89,70.18
8.9894,0.0,0.0,0.0,6.27,4.29,10.56,6.71,47.3,59.51,207.9,206.47,27.72,33.88,91.41,127.93,78.98
8.9994,0.0,0.0,0.0,4.18,0.0,6.27,4.51,22.55,54.89,212.08,204.16,30.14,35.97,93.83,134.86,87.67
9.0094,0.0,0.0,0.0,0.0,0.0,4.18,0.0,4.51,52.58,216.26,201.74,32.67,38.06,98.67,139.59,93.5
9.0194,0.0,0.0,0.0,0.0,0.0,4.18,0.0,0.0,50.27,218.35,197.12,32.67,40.26,101.09,144.21,102.19
9.0294,0.0,0.0,0.0,0.0,0.0,4.18,0.0,0.0,45.76,218.35,190.08,35.2,40.26,105.82,146.52,108.02
9.0394,0.0,0.0,0.0,0.0,0.0,4.18,0.0,0.0,43.45,216.26,185.46,35.2,42.35,110.66,151.14,113.52
9.0494,0.0,0.0,0.0,0.0,0.0,0.0,0.0,0.0,41.14,214.17,178.42,37.73,44.44,113.08,155.87,118.58
9.0594,0.0,0.0,0.0,0.0,0.0,0.0,0.0,0.0,36.52,209.99,171.38,40.26,46.53,115.5,158.18,123.64
9.0694,0.0,0.0,0.0,0.0,0.0,0.0,0.0,0.0,34.32,205.81,164.45,42.79,46.53,120.56,162.8,126.17
9.0794,0.0,0.0,0.0,0.0,0.0,0.0,0.0,0.0,32.01,199.54,155.21,42.79,48.73,123.09,165.11,128.7
9.0894,0.0,0.0,0.0,0.0,0.0,0.0,0.0,0.0,29.7,191.18,148.28,45.32,50.82,125.62,169.95,133.76
9.0994,0.0,0.0,0.0,0.0,0.0,0.0,0.0,0.0,27.39,184.91,141.35,45.32,52.91,128.15,174.79,136.29
9.1094,0.0,0.0,0.0,0.0,0.0,0.0,0.0,0.0,27.39,178.64,136.84,47.85,55.11,130.68,179.63,138.82
9.1194,0.0,0.0,0.0,0.0,0.0,0.0,0.0,0.0,25.08,172.37,132.22,47.85,55.11,130.68,184.58,141.35
9.1294,0.0,0.0,0.0,0.0,0.0,0.0,0.0,0.0,25.08,165.99,129.91,50.38,57.53,133.21,189.42,143.88
9.1394,0.0,0.0,0.0,0.0,0.0,0.0,0.0,0.0,22.88,161.59,125.29,50.38,60.06,135.74,194.37,148.94
9.1494,0.0,0.0,0.0,0.0,0.0,0.0,0.0,0.0,22.88,155.1,122.98,52.91,62.59,135.74,201.63,151.47
9.1594,0.0,0.0,0.0,0.0,0.0,0.0,0.0,0.0,22.88,150.7,118.36,52.91,65.12,138.27,206.47,156.53
9.1694,0.0,0.0,0.0,0.0,0.0,0.0,0.0,0.0,22.88,144.21,116.05,52.91,65.12,140.8,211.42,159.06
9.1794,0.0,0.0,0.0,0.0,0.0,0.0,0.0,0.0,22.88,137.72,111.65,55.44,67.65,143.22,216.26,164.12
9.1894,0.0,0.0,0.0,0.0,0.0,0.0,0.0,0.0,20.57,131.23,107.25,57.97,70.18,145.75,221.21,169.18
9.1994,0.0,0.0,0.0,0.0,0.0,0.0,0.0,0.0,20.57,126.83,105.05,57.97,72.71,148.28,228.36,171.71
9.2094,0.0,0.0,0.0,0.0,0.0,0.0,0.0,0.0,20.57,120.34,98.56,60.39,75.24,150.81,233.2,176.77
9.2194,0.0,0.0,0.0,0.0,0.0,0.0,0.0,0.0,20.57,113.85,94.27,62.92,75.24,153.34,237.93,179.19
9.2294,0.0,0.0,0.0,0.0,0.0,0.0,0.0,0.0,18.26,107.47,87.67,62.92,77.77,155.87,242.77,184.25
9.2394,0.0,0.0,0.0,0.0,0.0,0.0,0.0,0.0,20.57,101.09,83.38,65.45,80.3,160.93,247.61,189.31
9.2494,0.0,0.0,0.0,0.0,0.0,0.0,0.0,0.0,18.26,96.8,78.98,67.98,82.83,163.46,252.34,191.73
9.2594,0.0,0.0,0.0,0.0,0.0,0.0,0.0,0.0,18.26,90.42,72.49,70.4,85.25,168.52,259.6,196.79
9.2694,0.0,0.0,0.0,0.0,0.0,0.0,0.0,0.0,18.26,84.04,65.89,70.4,87.78,171.05,264.33,199.32
9.2794,0.0,0.0,0.0,0.0,0.0,0.0,0.0,0.0,18.26,75.57,59.4,72.93,87.78,175.67,269.17,204.27
9.2893,0.0,0.0,0.0,0.0,0.0,0.0,0.0,0.0,18.26,67.1,51.26,75.46,90.31,180.4,274.01,206.8
9.2993,0.0,0.0,0.0,0.0,0.0,0.0,0.0,0.0,18.26,58.63,45.54,77.99,90.31,182.82,280.94,211.86
9.3093,0.0,0.0,0.0,0.0,0.0,0.0,0.0,0.0,18.26,50.16,37.95,80.41,92.84,189.86,285.56,214.39
9.3193,0.0,0.0,0.0,0.0,0.0,0.0,0.0,0.0,15.95,39.71,32.23,82.94,92.84,192.17,290.18,219.34
9.3293,0.0,0.0,0.0,0.0,0.0,0.0,0.0,0.0,15.95,29.26,26.51,82.94,92.84,199.32,294.8,224.4
9.3393,0.0,0.0,0.0,0.0,0.0,0.0,0.0,0.0,13.64,18.81,18.92,85.47,92.84,203.94,299.31,229.24
9.3493,4.07,0.0,0.0,0.0,0.0,0.0,0.0,0.0,11.44,14.63,15.18,82.94,90.31,208.67,303.93,233.86
9.3593,8.25,0.0,0.0,0.0,0.0,0.0,0.0,0.0,9.13,10.45,11.33,80.41,87.78,213.4,306.24,240.9
9.3693,26.84,0.0,0.0,0.0,0.0,0.0,0.0,0.0,6.82,8.36,9.46,75.46,82.83,218.13,308.55,247.94
9.3793,41.36,0.0,0.0,0.0,0.0,0.0,0.0,0.0,4.51,8.36,7.59,70.4,75.24,222.97,313.17,254.98
9.3893,79.64,0.0,0.0,0.0,0.0,0.0,0.0,0.0,4.51,6.27,7.59,62.92,65.12,227.81,313.17,259.71
9.3993,110.22,0.0,0.0,0.0,0.0,0.0,0.0,0.0,4.51,6.27,5.61,55.44,57.53,230.34,315.37,266.75
9.4093,132.22,0.0,0.0,0.0,0.0,0.0,0.0,0.0,0.0,4.18,5.61,47.85,48.73,232.76,313.17,273.79
9.4193,166.1,0.0,0.0,0.0,0.0,0.0,0.0,0.0,0.0,4.18,5.61,37.73,40.26,235.18,310.86,280.94
9.4293,232.87,3.74,0.0,0.0,0.0,0.0,0.0,0.0,0.0,4.18,3.74,25.19,29.59,232.76,303.93,288.53
9.4393,249.04,84.37,0.0,0.0,0.0,0.0,0.0,0.0,0.0,0.0,3.74,15.07,19.03,230.34,292.49,293.59
9.4493,180.18,215.05,7.81,0.0,0.0,0.0,0.0,0.0,0.0,0.0,3.74,4.95,10.56,218.13,276.43,298.65
9.4593,116.38,279.95,77.33,43.89,0.0,10.56,0.0,0.0,0.0,0.0,0.0,0.0,8.47,199.32,245.19,301.18
9.4693,94.93,304.7,115.28,62.81,0.0,46.53,9.02,9.02,0.0,0.0,0.0,0.0,8.47,171.05,204.05,303.71
9.4793,79.64,306.79,128.48,69.19,10.78,69.19,18.04,15.73,0.0,0.0,0.0,0.0,8.47,130.68,148.83,303.71
9.4893,66.66,306.79,132.88,73.48,15.18,85.58,27.06,18.04,0.0,0.0,0.0,0.0,8.47,91.41,92.4,303.71
9.4993,60.06,317.02,130.68,77.66,17.27,97.35,33.77,22.55,0.0,0.0,0.0,0.0,8.47,57.97,42.35,288.53
9.5093,55.88,327.36,128.48,81.95,19.47,106.7,38.28,24.75,0.0,0.0,0.0,4.95,6.27,17.6,20.13,219.34
9.5193,53.79,338.03,126.28,86.13,19.47,111.43,42.79,24.75,0.0,0.0,0.0,0.0,6.27,10.01,16.06,138.82
9.5293,53.79,347.05,124.08,90.42,19.47,113.85,42.79,24.75,0.0,0.0,0.0,0.0,4.18,7.48,14.08,105.16
9.5393,53.79,358.27,117.48,92.51,21.67,116.16,45.1,27.06,0.0,0.0,0.0,0.0,4.18,4.95,10.01,93.5
9.5493,51.7,369.49,108.57,96.8,21.67,121.0,45.1,27.06,0.0,0.0,0.0,0.0,0.0,0.0,6.05,76.01
9.5593,49.61,378.4,97.46,103.07,21.67,125.73,45.1,27.06,0.0,0.0,0.0,0.0,0.0,0.0,3.96,39.05
9.5693,45.54,385.11,79.53,109.45,21.67,130.57,47.3,27.06,0.0,0.0,0.0,0.0,0.0,0.0,0.0,11.11
9.5793,43.45,387.42,66.22,115.72,23.87,135.41,49.61,29.26,0.0,0.0,0.0,0.0,0.0,0.0,0.0,5.5
9.5893,39.27,382.91,57.31,121.99,23.87,140.14,51.81,29.26,0.0,0.0,0.0,0.0,0.0,0.0,0.0,0.0
9.5993,37.18,373.89,53.13,123.97,28.16,142.56,56.32,29.26,0.0,0.0,0.0,0.0,0.0,0.0,0.0,0.0
9.6093,35.09,360.47,53.13,128.15,30.36,147.29,60.94,31.57,0.0,0.0,0.0,0.0,0.0,0.0,0.0,0.0
9.6193,35.09,347.05,55.11,130.24,32.56,149.71,65.67,31.57,0.0,0.0,0.0,0.0,0.0,0.0,0.0,0.0
9.6293,33.11,333.63,55.11,132.33,34.65,152.13,72.82,33.77,0.0,0.0,0.0,0.0,0.0,0.0,0.0,0.0
9.6393,31.02,323.29,53.13,134.31,36.85,156.97,75.13,33.77,0.0,0.0,0.0,0.0,0.0,0.0,0.0,0.0
9.6493,31.02,312.95,51.15,138.49,41.25,159.28,79.86,33.77,0.0,0.0,0.0,0.0,0.0,0.0,0.0,0.0
9.6593,28.93,300.52,47.19,142.67,43.34,164.12,84.59,36.08,0.0,0.0,0.0,0.0,0.0,0.0,0.0,0.0
9.6693,26.84,288.2,43.23,144.76,45.54,168.96,87.01,36.08,0.0,0.0,0.0,0.0,0.0,0.0,0.0,0.0
9.6793,26.84,275.66,43.23,148.83,47.74,171.16,94.05,38.28,0.0,0.0,0.0,0.0,0.0,0.0,0.0,0.0
9.6893,24.75,263.12,41.25,153.01,49.94,178.09,98.78,38.28,0.0,0.0,0.0,0.0,0.0,0.0,0.0,0.0
9.6993,24.75,252.67,39.27,157.08,52.03,182.71,103.51,40.59,0.0,0.0,0.0,0.0,0.0,0.0,0.0,0.0
9.7093,24.75,242.22,37.29,161.26,54.23,187.22,110.66,42.79,0.0,0.0,0.0,0.0,0.0,0.0,0.0,0.0
9.7193,24.75,229.68,35.42,165.44,56.43,191.84,115.28,45.1,0.0,0.0,0.0,0.0,0.0,0.0,0.0,0.0
9.7293,22.77,219.23,35.42,169.62,58.63,196.46,122.1,45.1,0.0,0.0,0.0,0.0,0.0,0.0,0.0,0.0
9.7393,22.77,208.89,33.44,173.8,60.72,203.28,128.92,49.61,0.0,0.0,0.0,0.0,0.0,0.0,0.0,0.0
9.7493,22.77,196.46,29.48,178.09,62.92,207.9,135.74,51.81,0.0,0.0,0.0,0.0,0.0,0.0,0.0,0.0
9.7593,20.68,186.12,27.5,184.47,65.01,214.72,140.25,54.12,0.0,0.0,0.0,0.0,0.0,0.0,0.0,0.0
9.7693,20.68,173.69,21.56,190.85,67.21,219.34,144.76,58.63,0.0,0.0,0.0,0.0,0.0,0.0,0.0,0.0
9.7793,20.68,160.82,17.71,197.23,69.3,226.27,149.38,60.72,0.0,0.0,0.0,0.0,0.0,0.0,0.0,0.0
9.7893,18.59,147.62,13.75,203.61,69.3,233.09,156.09,62.92,0.0,0.0,0.0,0.0,0.0,0.0,0.0,0.0
9.7993,18.59,132.22,11.77,209.88,69.3,240.02,160.71,67.32,0.0,0.0,0.0,0.0,0.0,0.0,0.0,0.0
9.8093,18.59,114.62,9.79,218.46,69.3,246.95,162.91,69.41,0.0,0.0,0.0,0.0,0.0,0.0,0.0,0.0
9.8193,16.5,100.21,9.79,224.84,69.3,253.88,167.53,73.81,0.0,0.0,0.0,0.0,0.0,0.0,0.0,0.0
9.8293,16.5,84.37,7.81,230.56,69.3,260.81,169.84,76.01,0.0,0.0,0.0,0.0,0.0,0.0,0.0,0.0
9.8393,14.41,68.42,7.81,236.28,69.3,265.43,174.46,80.3,0.0,0.0,0.0,0.0,0.0,0.0,0.0,0.0
9.8493,14.41,52.69,7.81,240.02,69.3,272.36,176.77,82.5,0.0,0.0,0.0,0.0,0.0,0.0,0.0,0.0
9.8593,12.32,39.49,7.81,243.87,69.3,279.29,181.5,84.7,0.0,0.0,0.0,0.0,0.0,0.0,0.0,0.0
9.8693,12.32,28.16,5.83,243.87,69.3,283.69,186.12,89.1,0.0,0.0,0.0,0.0,0.0,0.0,0.0,0.0
9.8793,10.34,20.68,5.83,242.0,69.3,288.09,190.74,93.39,0.0,0.0,0.0,0.0,0.0,0.0,0.0,0.0
9.8893,8.25,16.94,3.85,234.3,65.01,294.69,195.47,99.99,0.0,0.0,0.0,0.0,0.0,0.0,0.0,0.0
9.8993,6.16,13.09,3.85,226.71,62.92,301.29,200.09,106.48,0.0,0.0,0.0,0.0,0.0,0.0,0.0,0.0
9.9093,6.16,11.22,3.85,216.26,58.63,305.8,202.4,115.28,0.0,0.0,0.0,0.0,0.0,0.0,0.0,0.0
9.9193,4.07,9.35,0.0,205.7,52.03,312.4,207.02,122.21,0.0,0.0,0.0,0.0,0.0,0.0,0.0,0.0
9.9293,4.07,7.48,0.0,197.23,47.74,319.0,207.02,131.34,0.0,0.0,0.0,0.0,0.0,0.0,0.0,0.0
9.9393,0.0,7.48,0.0,186.56,41.25,323.4,209.44,138.27,0.0,0.0,0.0,0.0,0.0,0.0,0.0,0.0
9.9493,0.0,5.61,0.0,178.09,34.65,330.11,209.44,145.09,22.88,0.0,0.0,0.0,0.0,0.0,0.0,0.0
9.9593,0.0,5.61,0.0,167.53,28.16,334.73,209.44,152.02,43.45,0.0,0.0,0.0,0.0,0.0,0.0,0.0
9.9693,0.0,5.61,0.0,155.1,19.47,341.77,207.02,158.84,73.81,0.0,0.0,0.0,0.0,0.0,0.0,0.0
9.9793,0.0,3.74,0.0,140.58,12.98,346.5,204.71,165.77,148.5,0.0,0.0,0.0,0.0,0.0,0.0,0.0
9.9893,0.0,3.74,0.0,121.99,8.58,346.5,200.09,172.7,162.14,0.0,3.74,0.0,0.0,0.0,0.0,0.0
9.9993,0.0,3.74,0.0,103.07,8.58,344.19,195.47,179.85,183.04,0.0,3.74,0.0,0.0,0.0,0.0,0.0
10.0093,0.0,3.74,0.0,77.66,8.58,337.15,183.81,187.0,225.17,4.18,5.61,0.0,0.0,0.0,0.0,0.0
10.0193,0.0,3.74,0.0,50.16,8.58,323.4,167.53,196.46,285.45,37.62,9.46,0.0,0.0,0.0,0.0,0.0
10.0293,0.0,3.74,0.0,22.99,8.58,296.89,144.76,208.34,220.55,131.23,70.29,0.0,0.0,0.0,0.0,0.0
10.0393,0.0,3.74,0.0,16.72,8.58,240.02,113.08,222.64,134.86,203.72,139.15,25.19,6.27,25.19,10.01,11.11
10.0493,0.0,3.74,0.0,14.63,10.78,161.7,77.55,236.61,112.09,212.08,185.46,30.14,12.65,47.85,32.23,19.47
10.0593,0.0,0.0,0.0,12.54,10.78,97.35,38.28,238.92,100.1,209.99,201.74,30.14,16.94,60.28,50.38,22.33
10.0693,0.0,0.0,0.0,10.45,8.58,46.53,24.75,196.46,88.22,212.08,211.09,32.67,21.12,72.27,70.84,30.69
10.0793,0.0,0.0,0.0,10.45,8.58,23.21,20.24,126.83,78.65,216.26,215.82,32.67,25.41,81.84,85.25,39.05
10.0893,0.0,0.0,0.0,8.36,6.49,19.03,15.73,86.9,73.81,220.44,218.13,35.2,27.5,91.41,99.66,44.66
10.0993,0.0,0.0,0.0,8.36,4.29,14.74,11.22,62.92,71.5,226.71,220.55,35.2,29.59,96.25,106.81,55.77
10.1093,0.0,0.0,0.0,6.27,4.29,10.56,6.71,49.61,71.5,230.78,220.55,37.73,33.88,101.09,113.96,61.49
10.1193,0.0,0.0,0.0,4.18,0.0,6.27,4.51,27.06,69.08,234.85,218.13,37.73,33.88,103.4,118.58,67.32
10.1293,0.0,0.0,0.0,4.18,0.0,4.18,0.0,4.51,71.5,236.83,215.82,37.73,33.88,105.82,120.89,70.18
10.1393,0.0,0.0,0.0,0.0,0.0,4.18,0.0,0.0,71.5,238.92,215.82,37.73,35.97,105.82,120.89,73.15
10.1493,0.0,0.0,0.0,0.0,0.0,4.18,0.0,0.0,71.5,238.92,211.09,37.73,35.97,105.82,123.2,73.15
10.1593,0.0,0.0,0.0,0.0,0.0,0.0,0.0,0.0,71.5,238.92,208.78,37.73,38.06,105.82,123.2,76.01
10.1693,0.0,0.0,0.0,0.0,0.0,0.0,0.0,0.0,69.08,236.83,204.16,37.73,38.06,105.82,125.62,78.98
10.1793,0.0,0.0,0.0,0.0,0.0,0.0,0.0,0.0,64.35,230.78,199.43,37.73,40.26,108.24,130.24,81.84
10.1893,0.0,0.0,0.0,0.0,0.0,0.0,0.0,0.0,61.93,226.71,194.81,40.26,42.35,108.24,134.86,84.81
10.1993,0.0,0.0,0.0,0.0,0.0,0.0,0.0,0.0,57.2,222.64,190.08,40.26,42.35,110.66,139.59,87.67
10.2093,0.0,0.0,0.0,0.0,0.0,0.0,0.0,0.0,52.58,216.26,183.04,40.26,44.44,113.08,144.21,93.5
10.2193,0.0,0.0,0.0,0.0,0.0,0.0,0.0,0.0,47.96,209.99,178.42,42.79,46.53,115.5,148.83,96.36
10.2293,0.0,0.0,0.0,0.0,0.0,0.0,0.0,0.0,45.76,205.81,169.07,45.32,48.73,118.03,151.14,102.19
10.2393,0.0,0.0,0.0,0.0,0.0,0.0,0.0,0.0,41.14,199.54,164.45,45.32,48.73,120.56,155.87,105.16
10.2493,0.0,0.0,0.0,0.0,0.0,0.0,0.0,0.0,38.83,195.36,159.83,47.85,50.82,123.09,160.49,108.02
10.2593,0.0,0.0,0.0,0.0,0.0,0.0,0.0,0.0,36.52,191.18,155.21,47.85,52.91,125.62,165.11,113.52
10.2693,0.0,0.0,0.0,0.0,0.0,0.0,0.0,0.0,36.52,184.91,152.9,47.85,55.11,125.62,167.53,116.05
10.2793,0.0,0.0,0.0,0.0,0.0,0.0,0.0,0.0,34.32,180.73,148.28,50.38,57.53,125.62,172.37,121.11
10.2893,0.0,0.0,0.0,0.0,0.0,0.0,0.0,0.0,32.01,176.55,145.97,50.38,57.53,128.15,177.21,123.64
10.2993,0.0,0.0,0.0,0.0,0.0,0.0,0.0,0.0,32.01,170.28,141.35,52.91,60.06,130.68,182.16,126.17
10.3093,0.0,0.0,0.0,0.0,0.0,0.0,0.0,0.0,29.7,165.99,139.15,52.91,62.59,133.21,184.58,131.23
10.3193,0.0,0.0,0.0,0.0,0.0,0.0,0.0,0.0,27.39,161.59,134.53,55.44,65.12,135.74,189.42,133.76
10.3293,0.0,0.0,0.0,0.0,0.0,0.0,0.0,0.0,27.39,155.1,129.91,55.44,65.12,138.27,194.37,138.82
10.3393,0.0,0.0,0.0,0.0,0.0,0.0,0.0,0.0,25.08,148.61,125.29,57.97,67.65,138.27,201.63,143.88
10.3493,0.0,0.0,0.0,0.0,0.0,0.0,0.0,0.0,25.08,142.01,120.67,60.39,70.18,143.22,206.47,148.94
10.3593,0.0,0.0,0.0,0.0,0.0,0.0,0.0,0.0,22.88,135.52,116.05,62.92,72.71,145.75,213.84,154.0
10.3693,0.0,0.0,0.0,0.0,0.0,0.0,0.0,0.0,22.88,129.03,109.45,62.92,75.24,150.81,218.68,159.06
10.3793,0.0,0.0,0.0,0.0,0.0,0.0,0.0,0.0,20.57,122.54,102.96,65.45,77.77,153.34,225.94,164.12
10.3893,0.0,0.0,0.0,0.0,0.0,0.0,0.0,0.0,20.57,115.94,94.27,70.4,80.3,158.4,230.78,169.18
10.3993,0.0,0.0,0.0,0.0,0.0,0.0,0.0,0.0,20.57,109.56,85.47,72.93,82.83,165.99,237.93,174.24
10.4093,0.0,0.0,0.0,0.0,0.0,0.0,0.0,0.0,20.57,101.09,74.69,75.46,85.25,171.05,245.19,179.19
10.4193,0.0,0.0,0.0,0.0,0.0,0.0,0.0,0.0,18.26,92.51,65.89,77.99,87.78,173.36,249.92,184.25
10.4293,0.0,0.0,0.0,0.0,0.0,0.0,0.0,0.0,18.26,84.04,57.2,80.41,90.31,180.4,257.18,191.73
10.4393,0.0,0.0,0.0,0.0,0.0,0.0,0.0,0.0,18.26,73.48,49.39,82.94,92.84,185.13,264.33,196.79
10.4493,0.0,0.0,0.0,0.0,0.0,0.0,0.0,0.0,18.26,64.9,41.8,88.0,95.37,189.86,269.17,204.27
10.4593,0.0,0.0,0.0,0.0,0.0,0.0,0.0,0.0,18.26,52.25,32.23,90.53,95.37,196.9,276.43,209.33
10.4693,0.0,0.0,0.0,0.0,0.0,0.0,0.0,0.0,15.95,41.8,24.64,92.95,95.37,201.63,280.94,214.39
10.4793,6.16,0.0,0.0,0.0,0.0,0.0,0.0,0.0,15.95,29.26,20.9,95.48,95.37,206.36,285.56,216.81
10.4893,18.59,0.0,0.0,0.0,0.0,0.0,0.0,0.0,13.64,20.9,15.18,95.48,92.84,213.4,287.87,224.4
10.4993,31.02,0.0,0.0,0.0,0.0,0.0,0.0,0.0,11.44,14.63,13.2,95.48,90.31,220.55,290.18,231.55
10.5093,39.27,0.0,0.0,0.0,0.0,0.0,0.0,0.0,6.82,10.45,9.46,92.95,82.83,225.39,292.49,238.59
10.5193,70.95,0.0,0.0,0.0,0.0,0.0,0.0,0.0,4.51,8.36,7.59,88.0,75.24,232.76,292.49,245.63
10.5293,94.93,0.0,0.0,0.0,0.0,0.0,0.0,0.0,4.51,6.27,7.59,80.41,67.65,235.18,297.0,252.67
10.5393,108.02,0.0,0.0,0.0,0.0,0.0,0.0,0.0,4.51,6.27,5.61,72.93,60.06,240.13,297.0,262.02
10.5493,140.25,0.0,0.0,0.0,0.0,0.0,0.0,0.0,0.0,6.27,5.61,62.92,50.82,242.55,297.0,269.06
10.5593,192.39,3.74,0.0,0.0,0.0,0.0,0.0,0.0,4.51,4.18,5.61,52.91,42.35,244.97,297.0,276.1
10.5693,212.63,66.44,0.0,0.0,0.0,0.0,0.0,0.0,0.0,4.18,3.74,37.73,33.88,244.97,294.8,283.47
10.5793,152.13,179.85,9.79,6.27,0.0,0.0,0.0,0.0,0.0,4.18,3.74,25.19,23.21,242.55,287.87,288.53
10.5893,92.73,217.14,88.55,41.8,6.49,14.74,4.51,4.51,0.0,0.0,3.74,12.54,12.65,235.18,276.43,293.59
10.5993,81.84,240.13,115.28,52.25,17.27,38.06,11.22,9.02,0.0,0.0,0.0,4.95,8.47,220.55,254.76,298.65
10.6093,68.75,242.22,126.28,56.54,25.96,59.73,24.75,13.53,0.0,0.0,0.0,0.0,8.47,189.86,216.26,303.71
10.6193,60.06,244.31,130.68,60.72,30.36,71.5,33.77,15.73,0.0,0.0,0.0,0.0,8.47,148.28,167.53,306.24
10.6293,53.79,250.58,130.68,65.01,32.56,83.27,42.79,20.24,0.0,0.0,0.0,0.0,8.47,103.4,113.96,308.77
10.6393,49.61,258.94,130.68,67.1,34.65,90.31,49.61,22.55,0.0,0.0,0.0,4.95,8.47,67.54,61.27,303.71
10.6493,47.52,267.3,132.88,69.19,36.85,97.35,54.12,22.55,0.0,0.0,0.0,4.95,8.47,25.19,24.2,259.71
10.6593,47.52,273.57,137.28,71.28,36.85,99.66,58.63,24.75,0.0,0.0,0.0,4.95,6.27,12.54,18.15,164.12
10.6693,47.52,281.93,135.08,73.48,39.05,104.39,60.94,24.75,0.0,0.0,0.0,0.0,6.27,10.01,16.06,118.58
10.6793,47.52,290.18,130.68,79.75,41.25,111.43,65.67,27.06,0.0,0.0,0.0,4.95,4.18,7.48,14.08,99.33
10.6893,43.45,298.43,121.88,84.04,41.25,118.58,68.09,27.06,0.0,0.0,0.0,0.0,4.18,4.95,10.01,93.5
10.6993,41.36,304.7,110.77,92.51,43.34,125.73,72.82,29.26,0.0,0.0,0.0,0.0,0.0,0.0,6.05,64.35
10.7093,39.27,310.86,99.66,98.89,43.34,132.99,75.13,29.26,0.0,0.0,0.0,0.0,0.0,0.0,0.0,25.08
10.7192,37.18,315.04,90.75,105.27,45.54,137.72,77.55,31.57,0.0,0.0,0.0,0.0,0.0,0.0,0.0,8.36
10.7292,35.09,312.95,84.04,109.45,47.74,142.56,82.28,31.57,0.0,0.0,0.0,0.0,0.0,0.0,0.0,0.0
10.7392,33.11,308.77,79.53,115.72,49.94,147.29,87.01,33.77,0.0,0.0,0.0,0.0,0.0,0.0,0.0,0.0
10.7492,31.02,302.61,75.13,119.9,52.03,152.13,91.74,33.77,0.0,0.0,0.0,0.0,0.0,0.0,0.0,0.0
10.7592,28.93,294.36,68.42,126.06,54.23,156.97,96.47,36.08,0.0,0.0,0.0,0.0,0.0,0.0,0.0,0.0
10.7692,28.93,286.11,64.02,132.33,56.43,161.7,101.2,36.08,0.0,0.0,0.0,0.0,0.0,0.0,0.0,0.0
10.7792,26.84,277.75,55.11,136.4,58.63,166.54,103.51,38.28,0.0,0.0,0.0,0.0,0.0,0.0,0.0,0.0
10.7892,26.84,269.39,49.17,142.67,58.63,171.16,105.93,38.28,0.0,0.0,0.0,0.0,0.0,0.0,0.0,0.0
10.7992,24.75,261.03,43.23,148.83,60.72,175.78,110.66,40.59,0.0,0.0,0.0,0.0,0.0,0.0,0.0,0.0
10.8092,24.75,252.67,39.27,155.1,62.92,180.4,115.28,40.59,0.0,0.0,0.0,0.0,0.0,0.0,0.0,0.0
10.8192,22.77,242.22,33.44,161.26,62.92,187.22,117.59,42.79,0.0,0.0,0.0,0.0,0.0,0.0,0.0,0.0
10.8292,22.77,233.86,29.48,167.53,65.01,191.84,122.1,45.1,0.0,0.0,0.0,0.0,0.0,0.0,0.0,0.0
10.8392,22.77,223.41,23.54,173.8,67.21,196.46,124.41,47.3,0.0,0.0,0.0,0.0,0.0,0.0,0.0,0.0
10.8492,20.68,212.96,21.56,180.18,67.21,203.28,128.92,49.61,0.0,0.0,0.0,0.0,0.0,0.0,0.0,0.0
10.8592,20.68,204.71,17.71,188.65,69.3,207.9,133.43,49.61,0.0,0.0,0.0,0.0,0.0,0.0,0.0,0.0
10.8692,20.68,194.37,15.73,192.94,71.5,212.41,137.94,51.81,0.0,0.0,0.0,0.0,0.0,0.0,0.0,0.0
10.8792,18.59,184.03,13.75,199.32,71.5,219.34,140.25,54.12,0.0,0.0,0.0,0.0,0.0,0.0,0.0,0.0
10.8892,18.59,171.6,13.75,205.7,73.59,223.96,144.76,56.32,0.0,0.0,0.0,0.0,0.0,0.0,0.0,0.0
10.8992,18.59,160.82,11.77,212.08,75.79,228.47,147.07,58.63,0.0,0.0,0.0,0.0,0.0,0.0,0.0,0.0
10.9092,18.59,147.62,11.77,216.26,75.79,233.09,151.58,60.72,0.0,0.0,0.0,0.0,0.0,0.0,0.0,0.0
10.9192,16.5,134.42,9.79,222.64,75.79,237.71,153.89,62.92,0.0,0.0,0.0,0.0,0.0,0.0,0.0,0.0
10.9292,16.5,121.22,9.79,228.58,77.88,242.33,158.4,65.12,0.0,0.0,0.0,0.0,0.0,0.0,0.0,0.0
10.9392,16.5,108.13,9.79,232.43,77.88,249.26,160.71,67.32,0.0,0.0,0.0,0.0,0.0,0.0,0.0,0.0
10.9492,16.5,96.25,9.79,238.15,77.88,253.88,165.22,69.41,0.0,0.0,0.0,0.0,0.0,0.0,0.0,0.0
10.9592,16.5,82.28,9.79,242.0,77.88,260.81,167.53,71.61,0.0,0.0,0.0,0.0,0.0,0.0,0.0,0.0
10.9692,14.41,68.42,7.81,247.72,77.88,265.43,172.15,73.81,0.0,0.0,0.0,0.0,0.0,0.0,0.0,0.0
10.9792,14.41,56.54,7.81,251.57,77.88,272.36,174.46,76.01,0.0,0.0,0.0,0.0,0.0,0.0,0.0,0.0
10.9892,14.41,43.34,7.81,257.29,77.88,276.98,176.77,78.21,0.0,0.0,0.0,0.0,0.0,0.0,0.0,0.0
10.9992,12.32,32.01,5.83,259.16,80.08,283.69,181.5,80.3,0.0,0.0,0.0,0.0,0.0,0.0,0.0,0.0
11.0092,10.34,22.55,5.83,259.16,80.08,288.09,186.12,84.7,0.0,0.0,0.0,0.0,0.0,0.0,0.0,0.0
11.0192,10.34,16.94,5.83,255.31,77.88,294.69,188.43,86.9,0.0,0.0,0.0,0.0,0.0,0.0,0.0,0.0
11.0292,8.25,15.07,3.85,247.72,75.79,299.09,193.05,93.39,0.0,0.0,0.0,0.0,0.0,0.0,0.0,0.0
11.0392,6.16,13.09,3.85,238.15,73.59,305.8,197.78,99.99,0.0,0.0,0.0,0.0,0.0,0.0,0.0,0.0
11.0492,4.07,9.35,0.0,226.71,69.3,310.2,202.4,106.48,4.51,0.0,0.0,0.0,0.0,0.0,0.0,0.0
11.0592,4.07,9.35,0.0,216.26,65.01,314.6,207.02,113.08,20.57,0.0,0.0,0.0,0.0,0.0,0.0,0.0
11.0692,4.07,7.48,0.0,203.61,60.72,319.0,209.44,119.9,32.01,0.0,0.0,0.0,0.0,0.0,0.0,0.0
11.0792,0.0,7.48,0.0,192.94,54.23,323.4,211.75,129.03,41.14,0.0,0.0,0.0,0.0,0.0,0.0,0.0
11.0892,0.0,5.61,0.0,180.18,49.94,327.8,211.75,135.96,52.58,0.0,0.0,0.0,0.0,0.0,0.0,0.0
11.0992,0.0,5.61,0.0,169.62,43.34,332.42,214.06,142.78,64.35,0.0,0.0,0.0,0.0,0.0,0.0,0.0
11.1092,0.0,3.74,0.0,155.1,36.85,337.15,214.06,149.71,121.22,0.0,3.74,0.0,0.0,0.0,0.0,0.0
11.1192,0.0,3.74,0.0,140.58,25.96,339.46,211.75,154.33,139.48,0.0,3.74,0.0,0.0,0.0,0.0,0.0
11.1292,0.0,3.74,0.0,121.99,19.47,339.46,209.44,161.15,178.42,4.18,5.61,0.0,0.0,0.0,0.0,0.0
11.1392,0.0,3.74,0.0,98.89,12.98,334.73,204.71,168.08,227.48,16.72,11.33,0.0,0.0,0.0,0.0,0.0
11.1492,0.0,3.74,0.0,73.48,10.78,325.6,200.09,175.12,173.69,88.33,81.18,0.0,0.0,0.0,0.0,0.0
11.1592,0.0,0.0,0.0,41.8,8.58,308.0,186.12,184.58,114.51,163.79,122.98,4.95,0.0,0.0,3.96,8.36
11.1692,0.0,0.0,0.0,20.9,8.58,272.36,160.71,198.88,76.23,191.18,155.21,17.6,8.47,22.66,24.2,13.86
11.1792,0.0,0.0,0.0,14.63,10.78,205.59,124.41,215.49,66.66,199.54,164.45,22.66,12.65,35.2,40.37,16.72
11.1892,0.0,0.0,0.0,14.63,10.78,128.15,87.01,229.57,57.2,199.54,169.07,25.19,16.94,47.85,54.45,19.47
11.1992,0.0,0.0,0.0,12.54,8.58,73.81,42.79,234.3,47.96,203.72,171.38,27.72,19.03,60.28,68.42,25.08
11.2092,0.0,0.0,0.0,10.45,8.58,31.79,22.55,189.31,43.45,207.9,173.69,30.14,23.21,69.85,82.83,27.83
11.2192,0.0,0.0,0.0,8.36,6.49,21.12,18.04,110.88,41.14,214.17,176.11,32.67,25.41,79.53,94.82,33.44
11.2292,0.0,0.0,0.0,8.36,6.49,16.94,13.53,69.41,38.83,220.44,176.11,35.2,27.5,86.68,104.39,39.05
11.2392,0.0,0.0,0.0,6.27,4.29,12.65,11.22,51.81,36.52,226.71,171.38,37.73,31.79,96.25,113.96,41.8
11.2492,0.0,0.0,0.0,6.27,4.29,10.56,6.71,42.79,34.32,232.76,166.76,42.79,31.79,105.82,120.89,47.41
11.2592,0.0,0.0,0.0,4.18,0.0,6.27,4.51,22.55,32.01,236.83,159.83,47.85,33.88,113.08,127.93,55.77
11.2692,0.0,0.0,0.0,4.18,0.0,4.18,0.0,4.51,27.39,240.9,152.9,50.38,35.97,123.09,132.55,61.49
11.2792,0.0,0.0,0.0,0.0,0.0,4.18,0.0,0.0,27.39,240.9,145.97,52.91,38.06,128.15,139.59,67.32
11.2892,0.0,0.0,0.0,0.0,0.0,0.0,0.0,0.0,25.08,238.92,141.35,57.97,40.26,135.74,146.52,76.01
11.2992,0.0,0.0,0.0,0.0,0.0,0.0,0.0,0.0,22.88,236.83,134.53,60.39,44.44,143.22,151.14,81.84
11.3092,0.0,0.0,0.0,0.0,0.0,0.0,0.0,0.0,22.88,230.78,129.91,62.92,44.44,145.75,155.87,87.67
11.3192,0.0,0.0,0.0,0.0,0.0,0.0,0.0,0.0,22.88,226.71,122.98,67.98,46.53,150.81,160.49,93.5
11.3292,0.0,0.0,0.0,0.0,0.0,0.0,0.0,0.0,20.57,220.44,116.05,70.4,48.73,155.87,165.11,99.33
11.3392,0.0,0.0,0.0,0.0,0.0,0.0,0.0,0.0,20.57,212.08,109.45,72.93,50.82,158.4,167.53,105.16
11.3492,0.0,0.0,0.0,0.0,0.0,0.0,0.0,0.0,20.57,203.72,102.96,75.46,50.82,163.46,172.37,108.02
11.3592,0.0,0.0,0.0,0.0,0.0,0.0,0.0,0.0,20.57,197.45,96.36,75.46,52.91,168.52,177.21,113.52
11.3692,0.0,0.0,0.0,0.0,0.0,0.0,0.0,0.0,20.57,191.18,94.27,77.99,55.11,171.05,179.63,116.05
11.3792,0.0,0.0,0.0,0.0,0.0,0.0,0.0,0.0,20.57,187.0,89.87,80.41,55.11,173.36,184.58,118.58
11.3892,0.0,0.0,0.0,0.0,0.0,0.0,0.0,0.0,18.26,180.73,85.47,80.41,57.53,173.36,187.0,121.11
11.3992,0.0,0.0,0.0,0.0,0.0,0.0,0.0,0.0,18.26,176.55,83.38,82.94,57.53,175.67,189.42,123.64
11.4092,0.0,0.0,0.0,0.0,0.0,0.0,0.0,0.0,18.26,170.28,78.98,82.94,60.06,178.09,194.37,126.17
11.4192,0.0,0.0,0.0,0.0,0.0,0.0,0.0,0.0,18.26,165.99,76.78,85.47,62.59,178.09,196.79,131.23
11.4292,0.0,0.0,0.0,0.0,0.0,0.0,0.0,0.0,18.26,157.3,74.69,85.47,62.59,180.4,201.63,133.76
11.4392,0.0,0.0,0.0,0.0,0.0,0.0,0.0,0.0,18.26,152.9,70.29,85.47,65.12,182.82,204.05,136.29
11.4492,0.0,0.0,0.0,0.0,0.0,0.0,0.0,0.0,18.26,146.41,68.09,88.0,67.65,182.82,209.0,138.82
11.4592,0.0,0.0,0.0,0.0,0.0,0.0,0.0,0.0,18.26,142.01,65.89,90.53,67.65,185.13,213.84,143.88
11.4692,0.0,0.0,0.0,0.0,0.0,0.0,0.0,0.0,18.26,135.52,63.8,90.53,70.18,187.44,216.26,146.41
11.4792,0.0,0.0,0.0,0.0,0.0,0.0,0.0,0.0,18.26,131.23,61.6,92.95,70.18,187.44,221.21,148.94
11.4892,0.0,0.0,0.0,0.0,0.0,0.0,0.0,0.0,18.26,124.63,57.2,92.95,72.71,192.17,225.94,154.0
11.4992,0.0,0.0,0.0,0.0,0.0,0.0,0.0,0.0,18.26,118.14,51.26,95.48,75.24,194.59,228.36,156.53
11.5092,0.0,0.0,0.0,0.0,0.0,0.0,0.0,0.0,18.26,113.85,47.41,98.01,77.77,196.9,233.2,161.59
11.5192,0.0,0.0,0.0,0.0,0.0,0.0,0.0,0.0,15.95,107.47,41.8,100.54,77.77,199.32,237.93,164.12
11.5292,0.0,0.0,0.0,0.0,0.0,0.0,0.0,0.0,15.95,101.09,36.08,102.96,77.77,206.36,242.77,169.18
11.5392,0.0,0.0,0.0,0.0,0.0,0.0,0.0,0.0,15.95,92.51,30.36,105.49,80.3,208.67,247.61,171.71
11.5492,0.0,0.0,0.0,0.0,0.0,0.0,0.0,0.0,15.95,84.04,26.51,108.02,80.3,213.4,252.34,176.77
11.5592,0.0,0.0,0.0,0.0,0.0,0.0,0.0,0.0,15.95,73.48,20.9,110.55,80.3,218.13,257.18,181.72
11.5692,0.0,0.0,0.0,0.0,0.0,0.0,0.0,0.0,15.95,60.72,18.92,113.08,80.3,222.97,262.02,186.78
11.5792,0.0,0.0,0.0,0.0,0.0,0.0,0.0,0.0,15.95,48.07,17.05,115.5,80.3,227.81,266.75,189.31
11.5892,0.0,0.0,0.0,0.0,0.0,0.0,0.0,0.0,13.64,35.53,15.18,120.45,80.3,232.76,271.59,194.26
11.5992,0.0,0.0,0.0,0.0,0.0,0.0,0.0,0.0,11.44,25.08,13.2,120.45,77.77,240.13,276.43,199.32
11.6092,0.0,0.0,0.0,0.0,0.0,0.0,0.0,0.0,9.13,18.81,11.33,120.45,75.24,244.97,280.94,206.8
11.6192,4.07,0.0,0.0,0.0,0.0,0.0,0.0,0.0,9.13,12.54,9.46,118.03,72.71,252.34,285.56,214.39
11.6292,10.34,0.0,0.0,0.0,0.0,0.0,0.0,0.0,6.82,10.45,7.59,113.08,67.65,257.18,290.18,224.4
11.6392,26.84,0.0,0.0,0.0,0.0,0.0,0.0,0.0,4.51,8.36,5.61,108.02,60.06,262.13,292.49,231.55
11.6492,41.36,0.0,0.0,0.0,0.0,0.0,0.0,0.0,4.51,6.27,5.61,100.54,52.91,266.97,294.8,238.59
11.6592,66.66,0.0,0.0,0.0,0.0,0.0,0.0,0.0,4.51,6.27,5.61,92.95,46.53,271.92,299.31,245.63
11.6692,90.53,0.0,0.0,0.0,0.0,0.0,0.0,0.0,0.0,6.27,3.74,82.94,40.26,276.76,299.31,254.98
11.6792,108.02,0.0,0.0,0.0,0.0,0.0,0.0,0.0,0.0,4.18,3.74,72.93,33.88,279.29,301.62,264.44
11.6892,128.26,0.0,0.0,0.0,0.0,0.0,0.0,0.0,0.0,4.18,3.74,62.92,25.41,281.71,299.31,271.48
11.6992,172.15,3.74,0.0,0.0,0.0,0.0,0.0,0.0,0.0,4.18,0.0,47.85,19.03,284.13,292.49,278.52
11.7092,232.87,26.29,0.0,0.0,0.0,0.0,0.0,0.0,0.0,4.18,0.0,35.2,12.65,284.13,283.25,283.47
11.7192,198.44,136.62,3.85,0.0,0.0,0.0,0.0,0.0,0.0,0.0,0.0,20.13,10.56,281.71,266.75,288.53
11.7292,140.25,223.41,37.29,8.36,0.0,6.27,0.0,0.0,0.0,0.0,0.0,10.01,8.47,271.92,240.35,293.59
11.7392,84.04,250.58,101.86,41.8,4.29,12.65,9.02,6.71,0.0,0.0,0.0,7.48,8.47,242.55,201.63,301.18
11.7492,70.95,256.85,132.88,50.16,15.18,31.79,18.04,13.53,0.0,0.0,0.0,4.95,10.56,201.63,155.87,306.24
11.7592,57.97,252.67,148.28,54.34,25.96,48.73,36.08,18.04,0.0,0.0,0.0,7.48,10.56,148.28,106.81,308.77
11.7692,51.7,246.4,159.28,56.54,30.36,57.42,49.61,22.55,0.0,0.0,0.0,7.48,10.56,98.67,56.54,303.71
11.7792,49.61,246.4,170.5,56.54,32.56,66.77,63.36,24.75,0.0,0.0,0.0,7.48,10.56,50.38,28.27,257.4
11.7892,47.52,250.58,179.96,58.63,34.65,73.81,72.82,27.06,0.0,0.0,0.0,7.48,8.47,17.6,24.2,174.24
11.7992,47.52,254.76,191.73,58.63,39.05,78.54,79.86,27.06,0.0,0.0,0.0,4.95,8.47,15.07,20.13,128.7
11.8092,49.61,261.03,198.77,58.63,41.25,83.27,87.01,29.26,0.0,0.0,0.0,4.95,6.27,10.01,16.06,116.05
11.8192,49.61,267.3,201.19,60.72,41.25,88.0,94.05,31.57,0.0,0.0,0.0,4.95,4.18,7.48,10.01,102.19
11.8292,49.61,273.57,201.19,62.81,43.34,92.62,98.78,33.77,0.0,0.0,0.0,0.0,0.0,0.0,6.05,67.32
11.8392,49.61,281.93,196.46,65.01,45.54,97.35,103.51,33.77,0.0,0.0,0.0,0.0,0.0,0.0,3.96,22.33
11.8492,47.52,286.11,189.42,69.19,47.74,104.39,105.93,36.08,0.0,0.0,0.0,0.0,0.0,0.0,0.0,5.5
11.8592,45.54,290.18,184.69,71.28,47.74,109.12,110.66,38.28,0.0,0.0,0.0,0.0,0.0,0.0,0.0,0.0
11.8692,41.36,288.2,177.54,75.57,49.94,113.85,115.28,38.28,0.0,0.0,0.0,0.0,0.0,0.0,0.0,0.0
11.8792,39.27,284.02,172.81,77.66,52.03,116.16,117.59,40.59,0.0,0.0,0.0,0.0,0.0,0.0,0.0,0.0
11.8892,37.18,277.75,168.19,79.75,52.03,121.0,122.1,42.79,0.0,0.0,0.0,0.0,0.0,0.0,0.0,0.0
11.8992,35.09,269.39,163.68,81.95,54.23,123.42,124.41,42.79,0.0,0.0,0.0,0.0,0.0,0.0,0.0,0.0
11.9092,33.11,261.03,157.08,86.13,56.43,125.73,126.61,45.1,0.0,0.0,0.0,0.0,0.0,0.0,0.0,0.0
11.9192,31.02,252.67,150.48,88.33,58.63,128.15,128.92,45.1,0.0,0.0,0.0,0.0,0.0,0.0,0.0,0.0
11.9292,31.02,246.4,141.68,92.51,58.63,132.99,131.23,47.3,0.0,0.0,0.0,0.0,0.0,0.0,0.0,0.0
11.9392,28.93,238.04,130.68,96.8,60.72,137.72,135.74,49.61,0.0,0.0,0.0,0.0,0.0,0.0,0.0,0.0
11.9492,26.84,229.68,121.88,98.89,62.92,140.14,137.94,51.81,0.0,0.0,0.0,0.0,0.0,0.0,0.0,0.0
11.9592,24.75,219.23,113.08,103.07,65.01,144.98,140.25,54.12,0.0,0.0,0.0,0.0,0.0,0.0,0.0,0.0
11.9692,24.75,210.98,106.37,107.36,67.21,147.29,144.76,54.12,0.0,0.0,0.0,0.0,0.0,0.0,0.0,0.0
11.9792,22.77,202.62,99.66,111.65,69.3,152.13,149.38,56.32,0.0,0.0,0.0,0.0,0.0,0.0,0.0,0.0
11.9892,22.77,194.37,92.95,115.72,69.3,156.97,151.58,58.63,0.0,0.0,0.0,0.0,0.0,0.0,0.0,0.0
11.9992,22.77,186.12,86.24,119.9,71.5,161.7,156.09,62.92,0.0,0.0,0.0,0.0,0.0,0.0,0.0,0.0
12.0092,20.68,179.85,79.53,123.97,73.59,166.54,160.71,65.12,0.0,0.0,0.0,0.0,0.0,0.0,0.0,0.0
12.0192,20.68,171.6,70.62,130.24,75.79,171.16,165.22,67.32,0.0,0.0,0.0,0.0,0.0,0.0,0.0,0.0
12.0292,20.68,163.02,64.02,134.31,77.88,175.78,167.53,69.41,0.0,0.0,0.0,0.0,0.0,0.0,0.0,0.0
12.0392,20.68,156.42,55.11,140.58,80.08,180.4,172.15,73.81,0.0,0.0,0.0,0.0,0.0,0.0,0.0,0.0
12.0492,18.59,149.82,47.19,146.74,82.17,187.22,176.77,76.01,0.0,0.0,0.0,0.0,0.0,0.0,0.0,0.0
12.0592,18.59,143.22,37.29,155.1,82.17,191.84,179.08,80.3,0.0,0.0,0.0,0.0,0.0,0.0,0.0,0.0
12.0692,18.59,136.62,29.48,161.26,84.37,198.66,181.5,82.5,0.0,0.0,0.0,0.0,0.0,0.0,0.0,0.0
12.0792,18.59,127.82,21.56,169.62,84.37,205.59,186.12,84.7,0.0,0.0,0.0,0.0,0.0,0.0,0.0,0.0
12.0892,16.5,116.82,17.71,178.09,84.37,212.41,186.12,89.1,0.0,0.0,0.0,0.0,0.0,0.0,0.0,0.0
12.0992,16.5,102.19,13.75,186.56,82.17,219.34,188.43,91.19,0.0,0.0,0.0,0.0,0.0,0.0,0.0,0.0
12.1092,16.5,86.35,11.77,195.03,82.17,226.27,190.74,95.59,0.0,0.0,0.0,0.0,0.0,0.0,0.0,0.0
12.1192,14.41,70.4,11.77,203.61,82.17,233.09,193.05,97.79,0.0,0.0,0.0,0.0,0.0,0.0,0.0,0.0
12.1292,14.41,54.56,9.79,209.88,80.08,240.02,195.47,99.99,0.0,0.0,0.0,0.0,0.0,0.0,0.0,0.0
12.1392,12.32,39.49,9.79,216.26,80.08,244.64,197.78,102.08,0.0,0.0,0.0,0.0,0.0,0.0,0.0,0.0
12.1491,10.34,28.16,7.81,216.26,80.08,251.57,200.09,106.48,0.0,0.0,0.0,0.0,0.0,0.0,0.0,0.0
12.1591,10.34,18.81,7.81,216.26,80.08,258.5,204.71,110.88,0.0,0.0,0.0,0.0,0.0,0.0,0.0,0.0
12.1691,8.25,15.07,5.83,209.88,75.79,263.12,207.02,117.59,0.0,0.0,0.0,0.0,0.0,0.0,0.0,0.0
12.1791,6.16,13.09,3.85,201.41,71.5,270.05,211.75,124.52,0.0,0.0,0.0,0.0,0.0,0.0,0.0,0.0
12.1891,4.07,9.35,3.85,192.94,67.21,274.67,214.06,129.03,0.0,0.0,0.0,0.0,0.0,0.0,0.0,0.0
12.1991,4.07,7.48,3.85,182.38,60.72,281.49,214.06,135.96,18.26,0.0,0.0,0.0,0.0,0.0,0.0,0.0
12.2091,4.07,7.48,0.0,173.8,54.23,288.09,216.37,145.09,27.39,0.0,0.0,0.0,0.0,0.0,0.0,0.0
12.2191,0.0,5.61,0.0,163.35,47.74,294.69,216.37,149.71,43.45,0.0,0.0,0.0,0.0,0.0,0.0,0.0
12.2291,0.0,5.61,0.0,155.1,41.25,299.09,214.06,156.53,73.81,0.0,0.0,0.0,0.0,0.0,0.0,0.0
12.2391,0.0,3.74,0.0,142.67,34.65,303.49,214.06,163.46,132.66,0.0,0.0,0.0,0.0,0.0,0.0,0.0
12.2491,0.0,3.74,0.0,128.15,25.96,308.0,211.75,168.08,139.48,0.0,0.0,0.0,0.0,0.0,0.0,0.0
12.2591,0.0,3.74,0.0,111.65,19.47,308.0,207.02,172.7,157.63,0.0,3.74,0.0,0.0,0.0,0.0,0.0
12.2691,0.0,3.74,0.0,92.51,12.98,303.49,204.71,179.85,190.08,0.0,3.74,0.0,0.0,0.0,0.0,0.0
12.2791,0.0,3.74,0.0,69.19,10.78,296.89,200.09,187.0,262.13,4.18,7.59,0.0,0.0,0.0,0.0,0.0
12.2891,0.0,0.0,0.0,41.8,8.58,283.69,188.43,194.04,266.75,43.89,55.11,0.0,0.0,0.0,0.0,0.0
12.2991,0.0,0.0,0.0,18.81,10.78,260.81,169.84,203.61,178.42,137.72,98.56,0.0,0.0,0.0,0.0,0.0
12.3091,0.0,0.0,0.0,14.63,10.78,212.41,137.94,215.49,116.71,189.09,139.15,17.6,8.47,22.66,20.13,11.11
12.3191,0.0,0.0,0.0,12.54,10.78,147.29,103.51,229.57,102.52,199.54,155.21,22.66,12.65,40.26,34.32,13.86
12.3291,0.0,0.0,0.0,10.45,10.78,85.58,60.94,238.92,88.22,203.72,162.14,25.19,14.74,52.91,48.4,19.47
12.3391,0.0,0.0,0.0,8.36,8.58,42.35,27.06,220.22,76.23,214.17,166.76,27.72,19.03,67.54,63.69,25.08
12.3491,0.0,0.0,0.0,8.36,8.58,21.12,20.24,140.58,69.08,222.64,169.07,32.67,21.12,77.11,75.68,30.69
12.3591,0.0,0.0,0.0,6.27,6.49,16.94,15.73,82.5,61.93,232.76,171.38,35.2,23.21,89.1,89.98,39.05
12.3691,0.0,0.0,0.0,6.27,6.49,12.65,13.53,56.32,57.2,240.9,173.69,37.73,27.5,98.67,99.66,44.66
12.3791,0.0,0.0,0.0,4.18,4.29,8.47,9.02,47.3,54.89,249.04,171.38,40.26,27.5,108.24,106.81,55.77
12.3891,0.0,0.0,0.0,4.18,0.0,6.27,4.51,33.77,50.27,257.29,169.07,45.32,29.59,115.5,113.96,61.49
12.3991,0.0,0.0,0.0,0.0,0.0,4.18,0.0,9.02,47.96,263.34,162.14,47.85,31.79,123.09,118.58,70.18
12.4091,0.0,0.0,0.0,0.0,0.0,0.0,0.0,0.0,43.45,267.41,157.52,50.38,33.88,130.68,123.2,76.01
12.4191,0.0,0.0,0.0,0.0,0.0,0.0,0.0,0.0,41.14,269.5,150.59,55.44,35.97,138.27,127.93,84.81
12.4291,0.0,0.0,0.0,0.0,0.0,0.0,0.0,0.0,36.52,267.41,143.66,57.97,38.06,143.22,132.55,90.53
12.4391,0.0,0.0,0.0,0.0,0.0,0.0,0.0,0.0,34.32,265.43,139.15,60.39,38.06,148.28,134.86,93.5
12.4491,0.0,0.0,0.0,0.0,0.0,0.0,0.0,0.0,32.01,261.36,132.22,62.92,40.26,150.81,139.59,99.33
12.4591,0.0,0.0,0.0,0.0,0.0,0.0,0.0,0.0,32.01,255.2,127.6,65.45,42.35,153.34,141.9,102.19
12.4691,0.0,0.0,0.0,0.0,0.0,0.0,0.0,0.0,29.7,249.04,120.67,65.45,42.35,158.4,144.21,105.16
12.4791,0.0,0.0,0.0,0.0,0.0,0.0,0.0,0.0,27.39,242.99,113.85,67.98,44.44,160.93,146.52,108.02
12.4891,0.0,0.0,0.0,0.0,0.0,0.0,0.0,0.0,25.08,236.83,107.25,70.4,44.44,163.46,148.83,110.99
12.4991,0.0,0.0,0.0,0.0,0.0,0.0,0.0,0.0,25.08,230.78,100.76,72.93,46.53,165.99,151.14,110.99
12.5091,0.0,0.0,0.0,0.0,0.0,0.0,0.0,0.0,22.88,224.62,96.36,72.93,46.53,168.52,153.56,113.52
12.5191,0.0,0.0,0.0,0.0,0.0,0.0,0.0,0.0,22.88,218.35,92.07,75.46,46.53,171.05,155.87,116.05
12.5291,0.0,0.0,0.0,0.0,0.0,0.0,0.0,0.0,20.57,214.17,85.47,77.99,48.73,173.36,158.18,118.58
12.5391,0.0,0.0,0.0,0.0,0.0,0.0,0.0,0.0,20.57,207.9,83.38,80.41,50.82,175.67,160.49,118.58
12.5491,0.0,0.0,0.0,0.0,0.0,0.0,0.0,0.0,20.57,201.63,76.78,80.41,50.82,178.09,162.8,121.11
12.5591,0.0,0.0,0.0,0.0,0.0,0.0,0.0,0.0,20.57,197.45,72.49,82.94,52.91,180.4,167.53,123.64
12.5691,0.0,0.0,0.0,0.0,0.0,0.0,0.0,0.0,20.57,191.18,70.29,85.47,52.91,182.82,169.95,126.17
12.5791,0.0,0.0,0.0,0.0,0.0,0.0,0.0,0.0,20.57,184.91,65.89,85.47,55.11,185.13,174.79,131.23
12.5891,0.0,0.0,0.0,0.0,0.0,0.0,0.0,0.0,18.26,178.64,63.8,88.0,57.53,187.44,179.63,136.29
12.5991,0.0,0.0,0.0,0.0,0.0,0.0,0.0,0.0,18.26,172.37,59.4,88.0,60.06,189.86,184.58,136.29
12.6091,0.0,0.0,0.0,0.0,0.0,0.0,0.0,0.0,18.26,165.99,57.2,92.95,60.06,192.17,189.42,141.35
12.6191,0.0,0.0,0.0,0.0,0.0,0.0,0.0,0.0,18.26,159.39,53.13,92.95,62.59,194.59,194.37,146.41
12.6291,0.0,0.0,0.0,0.0,0.0,0.0,0.0,0.0,18.26,152.9,49.39,95.48,65.12,199.32,199.21,148.94
12.6391,0.0,0.0,0.0,0.0,0.0,0.0,0.0,0.0,18.26,146.41,43.67,100.54,67.65,203.94,204.05,154.0
12.6491,0.0,0.0,0.0,0.0,0.0,0.0,0.0,0.0,18.26,139.92,39.82,102.96,70.18,208.67,209.0,161.59
12.6591,0.0,0.0,0.0,0.0,0.0,0.0,0.0,0.0,15.95,133.32,34.1,105.49,70.18,213.4,216.26,166.76
12.6691,0.0,0.0,0.0,0.0,0.0,0.0,0.0,0.0,15.95,122.54,28.49,110.55,72.71,218.13,221.21,171.71
12.6791,0.0,0.0,0.0,0.0,0.0,0.0,0.0,0.0,15.95,111.65,22.77,113.08,72.71,222.97,225.94,176.77
12.6891,0.0,0.0,0.0,0.0,0.0,0.0,0.0,0.0,15.95,96.8,18.92,118.03,75.24,230.34,233.2,181.72
12.6991,0.0,0.0,0.0,0.0,0.0,0.0,0.0,0.0,15.95,81.95,17.05,120.45,72.71,235.18,237.93,189.31
12.7091,0.0,0.0,0.0,0.0,0.0,0.0,0.0,0.0,15.95,64.9,15.18,125.51,72.71,242.55,242.77,194.26
12.7191,0.0,0.0,0.0,0.0,0.0,0.0,0.0,0.0,13.64,48.07,13.2,127.93,72.71,247.39,245.19,199.32
12.7291,0.0,0.0,0.0,0.0,0.0,0.0,0.0,0.0,13.64,31.35,13.2,130.46,72.71,254.76,249.92,204.27
12.7391,0.0,0.0,0.0,0.0,0.0,0.0,0.0,0.0,11.44,20.9,11.33,130.46,70.18,262.13,254.76,211.86
12.7491,8.25,0.0,0.0,0.0,0.0,0.0,0.0,0.0,9.13,14.63,9.46,127.93,67.65,266.97,259.6,219.34
12.7591,24.75,0.0,0.0,0.0,0.0,0.0,0.0,0.0,6.82,10.45,7.59,122.98,62.59,274.34,264.33,229.24
12.7691,37.18,0.0,0.0,0.0,0.0,0.0,0.0,0.0,4.51,8.36,5.61,115.5,57.53,276.76,266.75,236.28
12.7791,47.52,0.0,0.0,0.0,0.0,0.0,0.0,0.0,4.51,8.36,5.61,108.02,50.82,281.71,269.17,245.63
12.7891,90.53,0.0,0.0,0.0,0.0,0.0,0.0,0.0,4.51,6.27,3.74,100.54,44.44,286.55,271.59,252.67
12.7991,114.4,0.0,0.0,0.0,0.0,0.0,0.0,0.0,4.51,4.18,3.74,90.53,38.06,289.08,274.01,259.71
12.8091,128.26,0.0,0.0,0.0,0.0,0.0,0.0,0.0,4.51,4.18,3.74,80.41,31.79,291.5,274.01,269.06
12.8191,148.17,0.0,0.0,0.0,0.0,0.0,0.0,0.0,0.0,4.18,0.0,65.45,23.21,293.92,271.59,276.1
12.8291,204.49,3.74,0.0,0.0,0.0,0.0,0.0,0.0,0.0,4.18,0.0,52.91,16.94,291.5,269.17,283.47
12.8391,259.16,37.62,0.0,0.0,0.0,0.0,0.0,0.0,0.0,0.0,0.0,35.2,10.56,289.08,259.6,288.53
12.8491,208.56,160.82,5.83,0.0,0.0,0.0,0.0,0.0,0.0,0.0,0.0,20.13,8.47,281.71,247.61,293.59
12.8591,138.16,231.77,64.02,18.81,0.0,0.0,0.0,0.0,0.0,0.0,0.0,10.01,8.47,266.97,218.68,298.65
12.8691,92.73,267.3,113.08,45.98,10.78,23.21,6.71,6.71,0.0,0.0,0.0,4.95,8.47,235.18,179.63,303.71
12.8791,84.04,271.48,135.08,52.25,21.67,42.35,15.73,11.22,0.0,0.0,0.0,7.48,10.56,201.63,130.24,308.77
12.8891,70.95,269.39,143.88,56.54,28.16,57.42,31.57,15.73,0.0,0.0,0.0,7.48,10.56,128.15,82.83,308.77
12.8991,62.26,271.48,148.28,58.63,32.56,69.19,45.1,18.04,0.0,0.0,0.0,7.48,10.56,81.84,38.28,291.06
12.9091,57.97,273.57,157.08,60.72,36.85,78.54,56.32,20.24,0.0,0.0,0.0,4.95,8.47,35.2,24.2,226.93
12.9191,57.97,275.66,165.88,60.72,41.25,83.27,65.67,22.55,0.0,0.0,0.0,4.95,8.47,17.6,20.13,148.94
12.9291,60.06,277.75,172.81,60.72,43.34,88.0,72.82,22.55,0.0,0.0,0.0,4.95,6.27,12.54,18.15,118.58
12.9391,60.06,281.93,177.54,60.72,47.74,92.62,79.86,22.55,0.0,0.0,0.0,4.95,6.27,10.01,14.08,108.02
12.9491,60.06,288.2,179.96,62.81,49.94,97.35,87.01,24.75,0.0,0.0,0.0,4.95,4.18,4.95,8.03,93.5
12.9591,57.97,292.27,177.54,65.01,52.03,102.08,91.74,27.06,0.0,0.0,0.0,0.0,0.0,0.0,3.96,55.77
12.9691,57.97,296.45,170.5,69.19,54.23,106.7,96.47,27.06,0.0,0.0,0.0,0.0,0.0,0.0,0.0,13.86
12.9791,53.79,298.43,165.88,71.28,56.43,113.85,101.2,29.26,0.0,0.0,0.0,0.0,0.0,0.0,0.0,5.5
12.9891,49.61,298.43,159.28,75.57,58.63,118.58,108.24,31.57,0.0,0.0,0.0,0.0,0.0,0.0,0.0,0.0
12.9991,47.52,294.36,154.88,79.75,60.72,125.73,113.08,31.57,0.0,0.0,0.0,0.0,0.0,0.0,0.0,0.0
13.0091,43.45,288.2,148.28,84.04,62.92,130.57,117.59,33.77,0.0,0.0,0.0,0.0,0.0,0.0,0.0,0.0
13.0191,39.27,279.95,141.68,86.13,65.01,135.41,122.1,36.08,0.0,0.0,0.0,0.0,0.0,0.0,0.0,0.0
13.0291,37.18,269.39,132.88,90.42,67.21,140.14,126.61,38.28,0.0,0.0,0.0,0.0,0.0,0.0,0.0,0.0
13.0391,33.11,258.94,124.08,96.8,69.3,147.29,131.23,38.28,0.0,0.0,0.0,0.0,0.0,0.0,0.0,0.0
13.0491,31.02,250.58,113.08,100.98,71.5,149.71,135.74,40.59,0.0,0.0,0.0,0.0,0.0,0.0,0.0,0.0
13.0591,28.93,240.13,104.06,105.27,73.59,156.97,140.25,42.79,0.0,0.0,0.0,0.0,0.0,0.0,0.0,0.0
13.0691,26.84,229.68,92.95,111.65,75.79,161.7,144.76,45.1,0.0,0.0,0.0,0.0,0.0,0.0,0.0,0.0
13.0791,26.84,219.23,84.04,115.72,77.88,166.54,149.38,47.3,0.0,0.0,0.0,0.0,0.0,0.0,0.0,0.0
13.0891,24.75,208.89,75.13,121.99,80.08,173.47,153.89,49.61,0.0,0.0,0.0,0.0,0.0,0.0,0.0,0.0
13.0991,24.75,198.55,64.02,128.15,82.17,178.09,158.4,54.12,0.0,0.0,0.0,0.0,0.0,0.0,0.0,0.0
13.1091,22.77,188.21,55.11,134.31,84.37,182.71,162.91,54.12,0.0,0.0,0.0,0.0,0.0,0.0,0.0,0.0
13.1191,22.77,177.87,47.19,140.58,86.57,189.53,167.53,58.63,0.0,0.0,0.0,0.0,0.0,0.0,0.0,0.0
13.1291,22.77,167.53,41.25,146.74,88.66,194.15,172.15,60.72,0.0,0.0,0.0,0.0,0.0,0.0,0.0,0.0
13.1391,22.77,158.62,35.42,153.01,90.86,198.66,176.77,62.92,0.0,0.0,0.0,0.0,0.0,0.0,0.0,0.0
13.1491,20.68,147.62,29.48,157.08,92.95,205.59,181.5,67.32,0.0,0.0,0.0,0.0,0.0,0.0,0.0,0.0
13.1591,20.68,136.62,23.54,163.35,95.15,210.21,186.12,69.41,0.0,0.0,0.0,0.0,0.0,0.0,0.0,0.0
13.1691,20.68,123.42,19.58,169.62,97.24,217.03,190.74,71.61,0.0,0.0,0.0,0.0,0.0,0.0,0.0,0.0
13.1791,18.59,110.22,17.71,173.8,97.24,221.65,195.47,76.01,0.0,0.0,0.0,0.0,0.0,0.0,0.0,0.0
13.1891,18.59,98.23,13.75,180.18,99.44,228.47,200.09,78.21,0.0,0.0,0.0,0.0,0.0,0.0,0.0,0.0
13.1991,18.59,84.37,11.77,186.56,99.44,235.4,202.4,80.3,0.0,0.0,0.0,0.0,0.0,0.0,0.0,0.0
13.2091,16.5,72.38,9.79,192.94,99.44,242.33,204.71,84.7,0.0,0.0,0.0,0.0,0.0,0.0,0.0,0.0
13.2191,16.5,58.52,9.79,199.32,99.44,249.26,207.02,86.9,0.0,0.0,0.0,0.0,0.0,0.0,0.0,0.0
13.2291,14.41,45.21,9.79,205.7,97.24,253.88,211.75,89.1,0.0,0.0,0.0,0.0,0.0,0.0,0.0,0.0
13.2391,14.41,33.88,7.81,209.88,97.24,260.81,214.06,93.39,0.0,0.0,0.0,0.0,0.0,0.0,0.0,0.0
13.2491,12.32,24.42,7.81,212.08,97.24,267.74,216.37,95.59,0.0,0.0,0.0,0.0,0.0,0.0,0.0,0.0
13.2591,10.34,16.94,5.83,209.88,97.24,272.36,218.68,99.99,0.0,0.0,0.0,0.0,0.0,0.0,0.0,0.0
13.2691,8.25,13.09,5.83,203.61,92.95,276.98,220.99,104.28,0.0,0.0,0.0,0.0,0.0,0.0,0.0,0.0
13.2791,8.25,11.22,3.85,197.23,90.86,281.49,225.61,110.88,4.51,0.0,0.0,0.0,0.0,0.0,0.0,0.0
13.2891,6.16,9.35,3.85,188.65,86.57,285.89,227.92,117.59,20.57,0.0,0.0,0.0,0.0,0.0,0.0,0.0
13.2991,4.07,7.48,0.0,178.09,80.08,292.49,230.23,122.21,29.7,0.0,0.0,0.0,0.0,0.0,0.0,0.0
13.3091,4.07,7.48,0.0,169.62,75.79,294.69,230.23,129.03,41.14,0.0,0.0,0.0,0.0,0.0,0.0,0.0
13.3191,4.07,5.61,0.0,159.17,69.3,299.09,232.54,133.65,50.27,0.0,0.0,0.0,0.0,0.0,0.0,0.0
13.3291,0.0,5.61,0.0,148.83,62.92,301.29,232.54,140.58,64.35,0.0,0.0,0.0,0.0,0.0,0.0,0.0
13.3391,0.0,3.74,0.0,138.49,56.43,305.8,232.54,145.09,100.1,0.0,0.0,0.0,0.0,0.0,0.0,0.0
13.3491,0.0,3.74,0.0,123.97,47.74,308.0,232.54,152.02,155.32,0.0,3.74,0.0,0.0,0.0,0.0,0.0
13.3591,0.0,3.74,0.0,109.45,39.05,308.0,230.23,156.53,201.74,4.18,5.61,0.0,0.0,0.0,0.0,0.0
13.3691,0.0,3.74,0.0,90.42,28.16,303.49,230.23,161.15,250.58,27.17,11.33,0.0,0.0,0.0,0.0,0.0
13.3791,0.0,0.0,0.0,67.1,19.47,294.69,225.61,168.08,178.42,107.47,78.98,0.0,0.0,0.0,0.0,0.0
13.3891,0.0,0.0,0.0,41.8,12.98,281.49,218.68,175.12,116.71,187.0,113.85,10.01,0.0,4.95,3.96,8.36
13.3991,0.0,0.0,0.0,16.72,10.78,256.19,195.47,187.0,83.38,209.99,145.97,25.19,8.47,25.19,18.15,13.86
13.4091,0.0,0.0,0.0,12.54,10.78,205.59,160.71,201.19,71.5,216.26,155.21,27.72,12.65,40.26,32.23,16.72
13.4191,0.0,0.0,0.0,10.45,10.78,137.72,117.59,215.49,57.2,220.44,159.83,32.67,16.94,55.44,46.42,19.47
13.4291,0.0,0.0,0.0,8.36,10.78,80.85,70.4,222.64,47.96,228.69,157.52,37.73,19.03,72.27,56.54,27.83
13.4391,0.0,0.0,0.0,8.36,8.58,42.35,29.26,215.49,41.14,236.83,157.52,40.26,21.12,84.26,68.42,30.69
13.4491,0.0,0.0,0.0,6.27,8.58,19.03,18.04,140.58,38.83,242.99,157.52,45.32,25.41,96.25,80.41,36.19
13.4591,0.0,0.0,0.0,6.27,6.49,16.94,0.0,80.3,36.52,249.04,157.52,47.85,27.5,108.24,89.98,41.8
13.4691,0.0,0.0,0.0,6.27,4.29,12.65,11.22,49.61,32.01,253.22,155.21,52.91,29.59,118.03,101.97,50.16
13.4791,0.0,0.0,0.0,4.18,4.29,8.47,6.71,38.28,32.01,257.29,150.59,55.44,31.79,128.15,109.23,55.77
13.4891,0.0,0.0,0.0,0.0,0.0,6.27,4.51,31.57,29.7,259.27,145.97,60.39,33.88,135.74,116.27,64.35
13.4991,0.0,0.0,0.0,0.0,0.0,4.18,0.0,11.22,27.39,259.27,139.15,65.45,38.06,143.22,123.2,70.18
13.5091,0.0,0.0,0.0,0.0,0.0,0.0,0.0,0.0,27.39,257.29,132.22,67.98,40.26,150.81,130.24,78.98
13.5191,0.0,0.0,0.0,0.0,0.0,0.0,0.0,0.0,25.08,253.22,127.6,70.4,42.35,155.87,137.17,87.67
13.5291,0.0,0.0,0.0,0.0,0.0,0.0,0.0,0.0,25.08,247.06,122.98,75.46,44.44,163.46,144.21,93.5
13.5391,0.0,0.0,0.0,0.0,0.0,0.0,0.0,0.0,22.88,242.99,116.05,77.99,46.53,168.52,148.83,102.19
13.5491,0.0,0.0,0.0,0.0,0.0,0.0,0.0,0.0,22.88,236.83,109.45,80.41,48.73,173.36,155.87,110.99
13.5591,0.0,0.0,0.0,0.0,0.0,0.0,0.0,0.0,22.88,232.76,102.96,82.94,50.82,178.09,160.49,116.05
13.5691,0.0,0.0,0.0,0.0,0.0,0.0,0.0,0.0,22.88,224.62,96.36,85.47,52.91,180.4,165.11,121.11
13.579,0.0,0.0,0.0,0.0,0.0,0.0,0.0,0.0,20.57,218.35,89.87,90.53,52.91,185.13,167.53,123.64
13.589,0.0,0.0,0.0,0.0,0.0,0.0,0.0,0.0,20.57,212.08,81.18,90.53,55.11,189.86,172.37,128.7
13.599,0.0,0.0,0.0,0.0,0.0,0.0,0.0,0.0,20.57,205.81,74.69,95.48,55.11,194.59,177.21,133.76
13.609,0.0,0.0,0.0,0.0,0.0,0.0,0.0,0.0,20.57,199.54,65.89,98.01,57.53,196.9,182.16,136.29
13.619,0.0,0.0,0.0,0.0,0.0,0.0,0.0,0.0,20.57,193.27,59.4,98.01,60.06,199.32,184.58,141.35
13.629,0.0,0.0,0.0,0.0,0.0,0.0,0.0,0.0,18.26,184.91,53.13,102.96,62.59,203.94,189.42,143.88
13.639,0.0,0.0,0.0,0.0,0.0,0.0,0.0,0.0,18.26,178.64,45.54,105.49,62.59,206.36,191.84,146.41
13.649,0.0,0.0,0.0,0.0,0.0,0.0,0.0,0.0,18.26,170.28,39.82,105.49,65.12,208.67,196.79,151.47
13.659,0.0,0.0,0.0,0.0,0.0,0.0,0.0,0.0,18.26,161.59,34.1,110.55,65.12,211.09,199.21,156.53
13.669,0.0,0.0,0.0,0.0,0.0,0.0,0.0,0.0,18.26,152.9,28.49,110.55,67.65,215.82,204.05,159.06
13.679,0.0,0.0,0.0,0.0,0.0,0.0,0.0,0.0,18.26,142.01,24.64,113.08,67.65,218.13,209.0,161.59
13.689,0.0,0.0,0.0,0.0,0.0,0.0,0.0,0.0,18.26,133.32,20.9,115.5,67.65,220.55,211.42,164.12
13.699,0.0,0.0,0.0,0.0,0.0,0.0,0.0,0.0,15.95,122.54,18.92,118.03,67.65,222.97,216.26,169.18
13.709,0.0,0.0,0.0,0.0,0.0,0.0,0.0,0.0,15.95,111.65,17.05,120.45,67.65,227.81,218.68,171.71
13.719,0.0,0.0,0.0,0.0,0.0,0.0,0.0,0.0,15.95,98.89,15.18,122.98,67.65,232.76,221.21,174.24
13.729,0.0,0.0,0.0,0.0,0.0,0.0,0.0,0.0,15.95,86.13,13.2,125.51,67.65,235.18,225.94,179.19
13.739,0.0,0.0,0.0,0.0,0.0,0.0,0.0,0.0,15.95,75.57,13.2,127.93,67.65,240.13,228.36,181.72
13.749,0.0,0.0,0.0,0.0,0.0,0.0,0.0,0.0,15.95,62.81,13.2,130.46,65.12,244.97,233.2,186.78
13.759,0.0,0.0,0.0,0.0,0.0,0.0,0.0,0.0,13.64,50.16,11.33,132.88,65.12,249.92,237.93,189.31
13.769,0.0,0.0,0.0,0.0,0.0,0.0,0.0,0.0,13.64,39.71,11.33,135.41,65.12,252.34,240.35,194.26
13.779,0.0,0.0,0.0,0.0,0.0,0.0,0.0,0.0,11.44,29.26,11.33,135.41,65.12,257.18,245.19,199.32
13.789,0.0,0.0,0.0,0.0,0.0,0.0,0.0,0.0,11.44,20.9,9.46,135.41,62.59,262.13,247.61,204.27
13.799,0.0,0.0,0.0,0.0,0.0,0.0,0.0,0.0,9.13,14.63,7.59,132.88,62.59,266.97,252.34,211.86
13.809,0.0,0.0,0.0,0.0,0.0,0.0,0.0,0.0,6.82,10.45,7.59,130.46,57.53,271.92,257.18,219.34
13.819,0.0,0.0,0.0,0.0,0.0,0.0,0.0,0.0,6.82,10.45,5.61,122.98,55.11,274.34,259.6,226.93
13.829,0.0,0.0,0.0,0.0,0.0,0.0,0.0,0.0,6.82,8.36,5.61,115.5,50.82,276.76,264.33,233.86
13.839,6.16,0.0,0.0,0.0,0.0,0.0,0.0,0.0,4.51,6.27,3.74,110.55,46.53,281.71,266.75,240.9
13.849,14.41,0.0,0.0,0.0,0.0,0.0,0.0,0.0,4.51,6.27,3.74,102.96,42.35,284.13,269.17,247.94
13.859,28.93,0.0,0.0,0.0,0.0,0.0,0.0,0.0,4.51,4.18,3.74,95.48,35.97,289.08,271.59,254.98
13.869,39.27,0.0,0.0,0.0,0.0,0.0,0.0,0.0,4.51,4.18,3.74,88.0,31.79,291.5,271.59,262.02
13.879,60.06,0.0,0.0,0.0,0.0,0.0,0.0,0.0,4.51,4.18,0.0,77.99,25.41,296.34,271.59,269.06
13.889,108.02,0.0,0.0,0.0,0.0,0.0,0.0,0.0,4.51,0.0,0.0,67.98,19.03,298.87,271.59,278.52
13.899,132.22,0.0,0.0,0.0,0.0,0.0,0.0,0.0,0.0,0.0,0.0,55.44,14.74,298.87,266.75,283.47
13.909,164.01,0.0,0.0,0.0,0.0,0.0,0.0,0.0,4.51,0.0,0.0,42.79,10.56,301.29,259.6,291.06
13.919,230.89,3.74,0.0,0.0,0.0,0.0,0.0,0.0,0.0,0.0,0.0,27.72,8.47,296.34,247.61,296.12
13.929,253.0,80.3,0.0,0.0,0.0,0.0,0.0,0.0,0.0,0.0,0.0,15.07,8.47,289.08,233.2,301.18
13.939,188.32,217.14,9.79,0.0,0.0,0.0,0.0,0.0,0.0,0.0,0.0,7.48,8.47,271.92,206.47,306.24
13.949,110.22,267.3,108.57,41.8,0.0,6.27,0.0,0.0,0.0,0.0,0.0,7.48,8.47,240.13,172.37,308.77
13.959,84.04,290.18,157.08,65.01,12.98,35.97,9.02,9.02,0.0,0.0,0.0,7.48,8.47,194.59,130.24,313.83
13.969,70.95,288.2,172.81,71.28,25.96,57.42,20.24,13.53,0.0,0.0,0.0,4.95,10.56,135.74,85.25,311.3
13.979,60.06,284.02,177.54,73.48,32.56,73.81,31.57,18.04,0.0,0.0,0.0,7.48,10.56,89.1,40.37,296.12
13.989,53.79,288.2,175.23,77.66,34.65,85.58,40.59,20.24,0.0,0.0,0.0,7.48,10.56,37.73,26.18,229.24
13.999,47.52,294.36,172.81,84.04,39.05,95.04,49.61,22.55,0.0,0.0,0.0,7.48,8.47,17.6,22.11,156.53
14.009,45.54,304.7,168.19,88.33,39.05,102.08,54.12,24.75,0.0,0.0,0.0,7.48,6.27,15.07,18.15,126.17
14.019,43.45,317.02,163.68,92.51,41.25,106.7,56.32,24.75,0.0,0.0,0.0,4.95,6.27,12.54,14.08,118.58
14.029,41.36,327.36,154.88,98.89,43.34,113.85,60.94,24.75,0.0,0.0,0.0,4.95,4.18,7.48,10.01,96.36
14.039,39.27,333.63,143.88,105.27,43.34,121.0,63.36,27.06,0.0,0.0,0.0,0.0,0.0,4.95,6.05,55.77
14.049,37.18,340.34,130.68,111.65,43.34,125.73,65.67,27.06,0.0,0.0,0.0,0.0,0.0,0.0,0.0,16.72
14.059,35.09,344.74,115.28,117.81,45.54,130.57,68.09,29.26,0.0,0.0,0.0,0.0,0.0,0.0,0.0,5.5
14.069,33.11,344.74,101.86,123.97,45.54,137.72,70.4,29.26,0.0,0.0,0.0,0.0,0.0,0.0,0.0,0.0
14.079,31.02,340.34,92.95,130.24,47.74,140.14,72.82,31.57,0.0,0.0,0.0,0.0,0.0,0.0,0.0,0.0
14.089,28.93,329.45,88.55,134.31,49.94,144.98,77.55,31.57,0.0,0.0,0.0,0.0,0.0,0.0,0.0,0.0
14.099,28.93,319.11,81.84,138.49,52.03,147.29,79.86,33.77,0.0,0.0,0.0,0.0,0.0,0.0,0.0,0.0
14.109,26.84,306.79,75.13,140.58,54.23,149.71,82.28,33.77,0.0,0.0,0.0,0.0,0.0,0.0,0.0,0.0
14.119,26.84,298.43,68.42,144.76,56.43,154.55,87.01,33.77,0.0,0.0,0.0,0.0,0.0,0.0,0.0,0.0
14.129,24.75,288.2,59.51,150.92,58.63,156.97,89.32,36.08,0.0,0.0,0.0,0.0,0.0,0.0,0.0,0.0
14.139,24.75,275.66,51.15,155.1,58.63,161.7,91.74,36.08,0.0,0.0,0.0,0.0,0.0,0.0,0.0,0.0
14.149,22.77,265.21,43.23,161.26,60.72,166.54,94.05,36.08,0.0,0.0,0.0,0.0,0.0,0.0,0.0,0.0
14.159,22.77,254.76,37.29,167.53,60.72,168.96,96.47,38.28,0.0,0.0,0.0,0.0,0.0,0.0,0.0,0.0
14.169,22.77,244.31,31.46,173.8,62.92,173.47,98.78,38.28,0.0,0.0,0.0,0.0,0.0,0.0,0.0,0.0
14.179,22.77,235.95,27.5,180.18,62.92,180.4,101.2,40.59,0.0,0.0,0.0,0.0,0.0,0.0,0.0,0.0
14.189,20.68,225.5,21.56,186.56,65.01,184.91,103.51,40.59,0.0,0.0,0.0,0.0,0.0,0.0,0.0,0.0
14.199,20.68,215.05,19.58,192.94,65.01,189.53,105.93,40.59,0.0,0.0,0.0,0.0,0.0,0.0,0.0,0.0
14.209,20.68,206.8,15.73,199.32,67.21,194.15,110.66,42.79,0.0,0.0,0.0,0.0,0.0,0.0,0.0,0.0
14.219,20.68,198.55,13.75,205.7,67.21,198.66,113.08,42.79,0.0,0.0,0.0,0.0,0.0,0.0,0.0,0.0
14.229,20.68,188.21,13.75,212.08,69.3,203.28,117.59,45.1,0.0,0.0,0.0,0.0,0.0,0.0,0.0,0.0
14.239,18.59,179.85,11.77,216.26,69.3,207.9,119.79,45.1,0.0,0.0,0.0,0.0,0.0,0.0,0.0,0.0
14.249,18.59,171.6,11.77,222.64,71.5,214.72,122.1,47.3,0.0,0.0,0.0,0.0,0.0,0.0,0.0,0.0
14.259,18.59,160.82,9.79,228.58,71.5,219.34,126.61,49.61,0.0,0.0,0.0,0.0,0.0,0.0,0.0,0.0
14.269,18.59,152.02,9.79,234.3,71.5,223.96,128.92,49.61,0.0,0.0,0.0,0.0,0.0,0.0,0.0,0.0
14.279,16.5,141.02,9.79,240.02,71.5,230.78,131.23,51.81,0.0,0.0,0.0,0.0,0.0,0.0,0.0,0.0
14.289,16.5,130.02,9.79,245.85,73.59,235.4,135.74,54.12,0.0,0.0,0.0,0.0,0.0,0.0,0.0,0.0
14.299,16.5,119.02,9.79,251.57,73.59,240.02,137.94,54.12,0.0,0.0,0.0,0.0,0.0,0.0,0.0,0.0
14.309,16.5,106.15,7.81,255.31,73.59,246.95,140.25,56.32,0.0,0.0,0.0,0.0,0.0,0.0,0.0,0.0
14.319,16.5,96.25,7.81,261.14,73.59,251.57,142.56,58.63,0.0,0.0,0.0,0.0,0.0,0.0,0.0,0.0
14.329,16.5,84.37,7.81,266.86,73.59,256.19,144.76,60.72,0.0,0.0,0.0,0.0,0.0,0.0,0.0,0.0
14.339,14.41,70.4,7.81,270.6,73.59,263.12,149.38,60.72,0.0,0.0,0.0,0.0,0.0,0.0,0.0,0.0
14.349,14.41,58.52,7.81,274.45,73.59,267.74,151.58,62.92,0.0,0.0,0.0,0.0,0.0,0.0,0.0,0.0
14.359,12.32,45.21,5.83,278.52,73.59,274.67,153.89,65.12,0.0,0.0,0.0,0.0,0.0,0.0,0.0,0.0
14.369,12.32,33.88,5.83,280.61,73.59,279.29,158.4,67.32,0.0,0.0,0.0,0.0,0.0,0.0,0.0,0.0
14.379,10.34,22.55,5.83,280.61,73.59,285.89,160.71,69.41,0.0,0.0,0.0,0.0,0.0,0.0,0.0,0.0
14.389,8.25,16.94,3.85,274.45,71.5,292.49,165.22,73.81,0.0,0.0,0.0,0.0,0.0,0.0,0.0,0.0
14.399,8.25,15.07,3.85,266.86,67.21,299.09,169.84,78.21,0.0,0.0,0.0,0.0,0.0,0.0,0.0,0.0
14.409,6.16,11.22,3.85,257.29,62.92,305.8,174.46,84.7,0.0,0.0,0.0,0.0,0.0,0.0,0.0,0.0
14.419,4.07,9.35,0.0,245.85,58.63,312.4,176.77,91.19,0.0,0.0,0.0,0.0,0.0,0.0,0.0,0.0
14.429,4.07,7.48,0.0,236.28,52.03,319.0,179.08,97.79,0.0,0.0,0.0,0.0,0.0,0.0,0.0,0.0
14.439,4.07,7.48,0.0,224.84,47.74,325.6,183.81,106.48,18.26,0.0,0.0,0.0,0.0,0.0,0.0,0.0
14.449,0.0,5.61,0.0,212.08,41.25,332.42,183.81,115.28,34.32,0.0,0.0,0.0,0.0,0.0,0.0,0.0
14.459,0.0,5.61,0.0,199.32,34.65,337.15,186.12,122.21,57.2,0.0,0.0,0.0,0.0,0.0,0.0,0.0
14.469,0.0,3.74,0.0,186.56,28.16,341.77,186.12,131.34,116.71,0.0,0.0,0.0,0.0,0.0,0.0,0.0
14.479,0.0,3.74,0.0,169.62,19.47,344.19,183.81,138.27,139.48,0.0,0.0,0.0,0.0,0.0,0.0,0.0
14.489,0.0,3.74,0.0,150.92,12.98,346.5,179.08,145.09,150.81,0.0,0.0,0.0,0.0,0.0,0.0,0.0
14.499,0.0,3.74,0.0,128.15,10.78,346.5,174.46,152.02,178.42,0.0,3.74,0.0,0.0,0.0,0.0,0.0
14.509,0.0,3.74,0.0,105.27,8.58,341.77,162.91,161.15,255.2,8.36,5.61,0.0,0.0,0.0,0.0,0.0
14.519,0.0,3.74,0.0,73.48,10.78,330.11,147.07,168.08,271.37,96.8,22.77,0.0,0.0,0.0,0.0,0.0
14.529,0.0,0.0,0.0,39.71,10.78,310.2,124.41,179.85,157.63,176.55,109.45,4.95,0.0,0.0,0.0,0.0
14.539,0.0,0.0,0.0,20.9,10.78,260.81,94.05,194.04,92.95,220.44,166.76,27.72,8.47,35.2,20.13,11.11
14.549,0.0,0.0,0.0,16.72,10.78,173.47,58.63,210.76,81.07,224.62,190.08,30.14,14.74,52.91,38.28,16.72
14.559,0.0,0.0,0.0,14.63,10.78,102.08,27.06,210.76,66.66,222.64,199.43,32.67,19.03,65.12,54.45,22.33
14.569,0.0,0.0,0.0,12.54,8.58,52.91,22.55,170.39,57.2,226.71,201.74,35.2,23.21,77.11,73.26,27.83
14.579,0.0,0.0,0.0,10.45,8.58,25.41,18.04,117.59,47.96,232.76,201.74,37.73,25.41,89.1,87.67,33.44
14.589,0.0,0.0,0.0,10.45,6.49,16.94,13.53,82.5,43.45,236.83,204.16,40.26,27.5,101.09,101.97,41.8
14.599,0.0,0.0,0.0,8.36,6.49,12.65,11.22,58.63,38.83,242.99,204.16,42.79,31.79,108.24,113.96,47.41
14.609,0.0,0.0,0.0,6.27,4.29,10.56,6.71,45.1,34.32,247.06,201.74,47.85,33.88,118.03,123.2,55.77
14.619,0.0,0.0,0.0,6.27,0.0,6.27,4.51,22.55,32.01,251.13,197.12,50.38,35.97,125.62,130.24,64.35
14.629,0.0,0.0,0.0,4.18,0.0,6.27,0.0,0.0,29.7,251.13,190.08,52.91,40.26,130.68,137.17,73.15
14.639,0.0,0.0,0.0,4.18,0.0,4.18,0.0,0.0,29.7,253.22,183.04,57.97,40.26,138.27,141.9,78.98
14.649,0.0,0.0,0.0,0.0,0.0,4.18,0.0,0.0,27.39,251.13,173.69,60.39,42.35,143.22,146.52,84.81
14.659,0.0,0.0,0.0,0.0,0.0,4.18,0.0,0.0,25.08,249.04,164.45,62.92,44.44,148.28,151.14,90.53
14.669,0.0,0.0,0.0,0.0,0.0,0.0,0.0,0.0,22.88,242.99,152.9,65.45,46.53,150.81,153.56,93.5
14.679,0.0,0.0,0.0,0.0,0.0,0.0,0.0,0.0,22.88,238.92,145.97,67.98,48.73,153.34,158.18,96.36
14.689,0.0,0.0,0.0,0.0,0.0,0.0,0.0,0.0,22.88,232.76,136.84,70.4,48.73,158.4,160.49,99.33
14.699,0.0,0.0,0.0,0.0,0.0,0.0,0.0,0.0,20.57,226.71,127.6,72.93,50.82,160.93,162.8,102.19
14.709,0.0,0.0,0.0,0.0,0.0,0.0,0.0,0.0,20.57,218.35,118.36,72.93,50.82,163.46,165.11,105.16
14.719,0.0,0.0,0.0,0.0,0.0,0.0,0.0,0.0,20.57,212.08,109.45,75.46,52.91,165.99,167.53,108.02
14.729,0.0,0.0,0.0,0.0,0.0,0.0,0.0,0.0,20.57,203.72,100.76,77.99,52.91,168.52,169.95,110.99
14.739,0.0,0.0,0.0,0.0,0.0,0.0,0.0,0.0,18.26,197.45,92.07,80.41,52.91,173.36,174.79,110.99
14.749,0.0,0.0,0.0,0.0,0.0,0.0,0.0,0.0,18.26,191.18,85.47,82.94,55.11,175.67,174.79,113.52
14.759,0.0,0.0,0.0,0.0,0.0,0.0,0.0,0.0,18.26,187.0,78.98,85.47,57.53,178.09,179.63,116.05
14.769,0.0,0.0,0.0,0.0,0.0,0.0,0.0,0.0,18.26,180.73,74.69,85.47,57.53,180.4,182.16,118.58
14.779,0.0,0.0,0.0,0.0,0.0,0.0,0.0,0.0,18.26,174.46,70.29,88.0,60.06,182.82,184.58,118.58
14.789,0.0,0.0,0.0,0.0,0.0,0.0,0.0,0.0,18.26,168.19,65.89,90.53,60.06,185.13,189.42,123.64
14.799,0.0,0.0,0.0,0.0,0.0,0.0,0.0,0.0,15.95,161.59,61.6,92.95,62.59,187.44,191.84,126.17
14.809,0.0,0.0,0.0,0.0,0.0,0.0,0.0,0.0,18.26,157.3,57.2,95.48,65.12,189.86,196.79,128.7
14.819,0.0,0.0,0.0,0.0,0.0,0.0,0.0,0.0,15.95,150.7,55.11,95.48,65.12,194.59,199.21,133.76
14.829,0.0,0.0,0.0,0.0,0.0,0.0,0.0,0.0,15.95,142.01,49.39,98.01,67.65,196.9,204.05,138.82
14.839,0.0,0.0,0.0,0.0,0.0,0.0,0.0,0.0,15.95,137.72,45.54,100.54,70.18,199.32,209.0,141.35
14.849,0.0,0.0,0.0,0.0,0.0,0.0,0.0,0.0,15.95,131.23,43.67,105.49,70.18,203.94,213.84,146.41
14.859,0.0,0.0,0.0,0.0,0.0,0.0,0.0,0.0,15.95,124.63,39.82,105.49,72.71,208.67,218.68,151.47
14.869,0.0,0.0,0.0,0.0,0.0,0.0,0.0,0.0,15.95,118.14,34.1,110.55,75.24,213.4,223.52,156.53
14.879,0.0,0.0,0.0,0.0,0.0,0.0,0.0,0.0,15.95,109.56,30.36,110.55,75.24,215.82,228.36,161.59
14.889,0.0,0.0,0.0,0.0,0.0,0.0,0.0,0.0,15.95,103.18,26.51,115.5,77.77,220.55,233.2,164.12
14.899,0.0,0.0,0.0,0.0,0.0,0.0,0.0,0.0,15.95,94.71,22.77,118.03,77.77,225.39,237.93,169.18
14.909,0.0,0.0,0.0,0.0,0.0,0.0,0.0,0.0,13.64,84.04,20.9,120.45,77.77,230.34,242.77,174.24
14.919,0.0,0.0,0.0,0.0,0.0,0.0,0.0,0.0,13.64,71.28,17.05,122.98,77.77,235.18,247.61,179.19
14.929,0.0,0.0,0.0,0.0,0.0,0.0,0.0,0.0,13.64,58.63,15.18,125.51,77.77,242.55,252.34,184.25
14.939,0.0,0.0,0.0,0.0,0.0,0.0,0.0,0.0,13.64,43.89,15.18,127.93,77.77,247.39,254.76,189.31
14.949,0.0,0.0,0.0,0.0,0.0,0.0,0.0,0.0,11.44,31.35,13.2,130.46,77.77,252.34,259.6,194.26
14.959,0.0,0.0,0.0,0.0,0.0,0.0,0.0,0.0,11.44,20.9,11.33,132.88,75.24,259.71,262.02,201.85
14.969,4.07,0.0,0.0,0.0,0.0,0.0,0.0,0.0,9.13,16.72,9.46,130.46,72.71,266.97,266.75,206.8
14.979,6.16,0.0,0.0,0.0,0.0,0.0,0.0,0.0,6.82,12.54,7.59,125.51,67.65,271.92,269.17,216.81
14.989,16.5,0.0,0.0,0.0,0.0,0.0,0.0,0.0,4.51,8.36,5.61,120.45,62.59,279.29,274.01,224.4
14.999,31.02,0.0,0.0,0.0,0.0,0.0,0.0,0.0,4.51,6.27,5.61,113.08,55.11,284.13,276.43,233.86
15.0089,41.36,0.0,0.0,0.0,0.0,0.0,0.0,0.0,4.51,6.27,3.74,105.49,48.73,289.08,278.63,240.9
15.0189,70.95,0.0,0.0,0.0,0.0,0.0,0.0,0.0,0.0,6.27,3.74,98.01,42.35,293.92,280.94,247.94
15.0289,94.93,0.0,0.0,0.0,0.0,0.0,0.0,0.0,0.0,4.18,3.74,88.0,35.97,296.34,280.94,257.4
15.0389,116.38,0.0,0.0,0.0,0.0,0.0,0.0,0.0,0.0,4.18,0.0,75.46,29.59,298.87,280.94,264.44
15.0489,142.23,0.0,0.0,0.0,0.0,0.0,0.0,0.0,0.0,4.18,0.0,65.45,21.12,301.29,278.63,271.48
15.0589,196.46,3.74,0.0,0.0,0.0,0.0,0.0,0.0,0.0,4.18,0.0,50.38,14.74,301.29,274.01,276.1
15.0689,238.92,39.49,0.0,0.0,0.0,0.0,0.0,0.0,0.0,4.18,0.0,32.67,8.47,298.87,264.33,283.47
15.0789,180.18,158.62,3.85,0.0,0.0,0.0,0.0,0.0,0.0,0.0,0.0,20.13,8.47,293.92,249.92,286.0
15.0889,126.28,238.04,43.23,33.44,0.0,4.18,0.0,0.0,0.0,0.0,0.0,7.48,8.47,276.76,223.52,291.06
15.0989,99.33,248.49,106.37,58.63,10.78,27.5,6.71,6.71,0.0,0.0,0.0,7.48,8.47,244.97,187.0,296.12
15.1089,90.53,248.49,130.68,62.81,19.47,48.73,15.73,11.22,0.0,0.0,0.0,4.95,8.47,199.32,141.9,301.18
15.1189,77.55,248.49,139.48,67.1,28.16,66.77,31.57,15.73,0.0,0.0,0.0,7.48,10.56,143.22,94.82,301.18
15.1289,68.75,250.58,146.08,69.19,32.56,78.54,42.79,18.04,0.0,0.0,0.0,7.48,10.56,93.83,48.4,291.06
15.1389,66.66,254.76,152.68,71.28,36.85,85.58,54.12,20.24,0.0,0.0,0.0,7.48,10.56,47.85,26.18,240.9
15.1489,64.46,256.85,159.28,71.28,39.05,92.62,63.36,22.55,0.0,0.0,0.0,4.95,8.47,20.13,22.11,164.12
15.1589,66.66,261.03,165.88,71.28,43.34,95.04,70.4,22.55,0.0,0.0,0.0,4.95,8.47,15.07,18.15,126.17
15.1689,66.66,265.21,170.5,71.28,45.54,99.66,77.55,24.75,0.0,0.0,0.0,4.95,6.27,10.01,16.06,113.52
15.1789,68.75,269.39,170.5,73.48,47.74,104.39,82.28,24.75,0.0,0.0,0.0,4.95,4.18,7.48,10.01,102.19
15.1889,66.66,275.66,168.19,75.57,49.94,109.12,87.01,27.06,0.0,0.0,0.0,4.95,4.18,4.95,6.05,70.18
15.1989,64.46,281.93,163.68,79.75,52.03,113.85,94.05,27.06,0.0,0.0,0.0,0.0,0.0,0.0,3.96,27.83
15.2089,62.26,284.02,159.28,81.95,54.23,118.58,98.78,29.26,0.0,0.0,0.0,0.0,0.0,0.0,0.0,8.36
15.2189,60.06,286.11,154.88,86.13,56.43,123.42,103.51,31.57,0.0,0.0,0.0,0.0,0.0,0.0,0.0,0.0
15.2289,55.88,284.02,152.68,88.33,58.63,128.15,110.66,31.57,0.0,0.0,0.0,0.0,0.0,0.0,0.0,0.0
15.2389,53.79,279.95,150.48,92.51,60.72,132.99,115.28,33.77,0.0,0.0,0.0,0.0,0.0,0.0,0.0,0.0
15.2489,49.61,273.57,146.08,94.6,62.92,137.72,119.79,33.77,0.0,0.0,0.0,0.0,0.0,0.0,0.0,0.0
15.2589,45.54,265.21,143.88,96.8,65.01,140.14,124.41,36.08,0.0,0.0,0.0,0.0,0.0,0.0,0.0,0.0
15.2689,43.45,254.76,139.48,100.98,67.21,144.98,128.92,38.28,0.0,0.0,0.0,0.0,0.0,0.0,0.0,0.0
15.2789,39.27,246.4,135.08,103.07,69.3,149.71,133.43,38.28,0.0,0.0,0.0,0.0,0.0,0.0,0.0,0.0
15.2889,37.18,238.04,128.48,107.36,71.5,152.13,137.94,40.59,0.0,0.0,0.0,0.0,0.0,0.0,0.0,0.0
15.2989,35.09,227.59,119.68,111.65,75.79,156.97,142.56,42.79,0.0,0.0,0.0,0.0,0.0,0.0,0.0,0.0
15.3089,31.02,217.14,113.08,115.72,77.88,161.7,147.07,45.1,0.0,0.0,0.0,0.0,0.0,0.0,0.0,0.0
15.3189,31.02,206.8,106.37,119.9,80.08,166.54,151.58,47.3,0.0,0.0,0.0,0.0,0.0,0.0,0.0,0.0
15.3289,28.93,196.46,99.66,123.97,82.17,171.16,158.4,49.61,0.0,0.0,0.0,0.0,0.0,0.0,0.0,0.0
15.3389,26.84,186.12,92.95,128.15,84.37,175.78,162.91,51.81,0.0,0.0,0.0,0.0,0.0,0.0,0.0,0.0
15.3489,24.75,175.78,86.24,132.33,86.57,182.71,167.53,54.12,0.0,0.0,0.0,0.0,0.0,0.0,0.0,0.0
15.3589,24.75,165.22,79.53,138.49,90.86,187.22,172.15,56.32,0.0,0.0,0.0,0.0,0.0,0.0,0.0,0.0
15.3689,24.75,154.22,70.62,142.67,92.95,191.84,176.77,60.72,0.0,0.0,0.0,0.0,0.0,0.0,0.0,0.0
15.3789,22.77,145.42,64.02,146.74,95.15,196.46,181.5,62.92,0.0,0.0,0.0,0.0,0.0,0.0,0.0,0.0
15.3889,22.77,134.42,55.11,153.01,97.24,200.97,186.12,67.32,0.0,0.0,0.0,0.0,0.0,0.0,0.0,0.0
15.3989,22.77,123.42,47.19,157.08,99.44,207.9,193.05,69.41,0.0,0.0,0.0,0.0,0.0,0.0,0.0,0.0
15.4089,20.68,112.42,39.27,163.35,101.53,212.41,197.78,71.61,0.0,0.0,0.0,0.0,0.0,0.0,0.0,0.0
15.4189,20.68,102.19,31.46,167.53,103.73,219.34,202.4,73.81,0.0,0.0,0.0,0.0,0.0,0.0,0.0,0.0
15.4289,20.68,90.31,25.52,173.8,103.73,223.96,207.02,78.21,0.0,0.0,0.0,0.0,0.0,0.0,0.0,0.0
15.4389,20.68,78.32,19.58,180.18,105.82,230.78,209.44,80.3,0.0,0.0,0.0,0.0,0.0,0.0,0.0,0.0
15.4489,18.59,66.44,15.73,186.56,105.82,237.71,214.06,82.5,0.0,0.0,0.0,0.0,0.0,0.0,0.0,0.0
15.4589,16.5,52.69,11.77,192.94,105.82,244.64,216.37,84.7,0.0,0.0,0.0,0.0,0.0,0.0,0.0,0.0
15.4689,16.5,37.62,11.77,199.32,105.82,251.57,220.99,89.1,0.0,0.0,0.0,0.0,0.0,0.0,0.0,0.0
15.4789,14.41,26.29,9.79,203.61,105.82,258.5,223.41,91.19,0.0,0.0,0.0,0.0,0.0,0.0,0.0,0.0
15.4889,12.32,16.94,7.81,203.61,105.82,265.43,227.92,95.59,0.0,0.0,0.0,0.0,0.0,0.0,0.0,0.0
15.4989,10.34,13.09,5.83,199.32,103.73,270.05,230.23,99.99,0.0,0.0,0.0,0.0,0.0,0.0,0.0,0.0
15.5089,8.25,11.22,5.83,192.94,99.44,276.98,234.85,106.48,0.0,0.0,0.0,0.0,0.0,0.0,0.0,0.0
15.5189,6.16,9.35,3.85,184.47,95.15,281.49,237.16,113.08,20.57,0.0,0.0,0.0,0.0,0.0,0.0,0.0
15.5289,6.16,7.48,3.85,176.0,90.86,288.09,241.78,119.9,22.88,0.0,0.0,0.0,0.0,0.0,0.0,0.0
15.5389,4.07,7.48,0.0,165.44,84.37,292.49,243.98,126.83,32.01,0.0,0.0,0.0,0.0,0.0,0.0,0.0
15.5489,4.07,5.61,0.0,157.08,75.79,296.89,246.29,133.65,43.45,0.0,0.0,0.0,0.0,0.0,0.0,0.0
15.5589,0.0,5.61,0.0,148.83,69.3,301.29,246.29,140.58,57.2,0.0,0.0,0.0,0.0,0.0,0.0,0.0
15.5689,0.0,3.74,0.0,138.49,60.72,305.8,246.29,147.4,66.66,0.0,0.0,0.0,0.0,0.0,0.0,0.0
15.5789,0.0,3.74,0.0,126.06,54.23,310.2,243.98,152.02,128.04,0.0,0.0,0.0,0.0,0.0,0.0,0.0
15.5889,0.0,3.74,0.0,113.63,43.34,312.4,241.78,158.84,150.81,0.0,0.0,0.0,0.0,0.0,0.0,0.0
15.5989,0.0,0.0,0.0,98.89,32.56,310.2,239.47,161.15,162.14,0.0,0.0,0.0,0.0,0.0,0.0,0.0
15.6089,0.0,0.0,0.0,81.95,21.67,305.8,234.85,165.77,192.39,0.0,3.74,0.0,0.0,0.0,0.0,0.0
15.6189,0.0,0.0,0.0,60.72,15.18,296.89,230.23,170.39,257.51,18.81,5.61,0.0,0.0,0.0,0.0,0.0
15.6289,0.0,0.0,0.0,37.62,10.78,281.49,218.68,177.43,252.89,107.47,17.05,0.0,0.0,0.0,0.0,0.0
15.6389,0.0,0.0,0.0,16.72,8.58,260.81,200.09,187.0,150.81,182.82,87.67,0.0,0.0,0.0,0.0,0.0
15.6489,0.0,0.0,0.0,12.54,10.78,207.9,167.53,198.88,88.22,224.62,136.84,22.66,6.27,32.67,14.08,11.11
15.6589,0.0,0.0,0.0,10.45,10.78,147.29,128.92,210.76,73.81,228.69,162.14,27.72,10.56,47.85,28.27,11.11
15.6689,0.0,0.0,0.0,8.36,10.78,90.31,82.28,222.64,61.93,228.69,171.38,32.67,14.74,62.7,40.37,13.86
15.6789,0.0,0.0,0.0,8.36,8.58,48.73,42.79,224.95,50.27,232.76,176.11,35.2,16.94,74.69,50.38,16.72
15.6889,0.0,0.0,0.0,6.27,8.58,21.12,22.55,168.08,43.45,236.83,178.42,37.73,21.12,86.68,63.69,22.33
15.6989,0.0,0.0,0.0,6.27,6.49,16.94,18.04,95.59,38.83,242.99,178.42,42.79,23.21,98.67,75.68,27.83
15.7089,0.0,0.0,0.0,6.27,6.49,14.74,13.53,56.32,34.32,249.04,178.42,45.32,25.41,108.24,85.25,30.69
15.7189,0.0,0.0,0.0,4.18,4.29,10.56,9.02,40.59,32.01,255.2,176.11,50.38,27.5,118.03,92.4,36.19
15.7289,0.0,0.0,0.0,4.18,4.29,8.47,6.71,36.08,29.7,261.36,171.38,52.91,29.59,128.15,99.66,39.05
15.7389,0.0,0.0,0.0,0.0,0.0,4.18,4.51,18.04,27.39,265.43,166.76,57.97,31.79,135.74,106.81,41.8
15.7489,0.0,0.0,0.0,0.0,0.0,4.18,0.0,4.51,27.39,265.43,159.83,60.39,33.88,143.22,113.96,47.41
15.7589,0.0,0.0,0.0,0.0,0.0,0.0,0.0,0.0,25.08,265.43,155.21,62.92,35.97,150.81,120.89,50.16
15.7689,0.0,0.0,0.0,0.0,0.0,0.0,0.0,0.0,25.08,263.34,150.59,67.98,38.06,155.87,125.62,53.02
15.7789,0.0,0.0,0.0,0.0,0.0,0.0,0.0,0.0,25.08,259.27,145.97,67.98,40.26,160.93,130.24,55.77
15.7889,0.0,0.0,0.0,0.0,0.0,0.0,0.0,0.0,22.88,255.2,141.35,70.4,42.35,165.99,134.86,61.49
15.7989,0.0,0.0,0.0,0.0,0.0,0.0,0.0,0.0,22.88,249.04,136.84,72.93,44.44,168.52,141.9,64.35
15.8089,0.0,0.0,0.0,0.0,0.0,0.0,0.0,0.0,22.88,242.99,132.22,75.46,44.44,171.05,144.21,67.32
15.8189,0.0,0.0,0.0,0.0,0.0,0.0,0.0,0.0,22.88,236.83,125.29,75.46,46.53,173.36,148.83,70.18
15.8289,0.0,0.0,0.0,0.0,0.0,0.0,0.0,0.0,20.57,230.78,118.36,77.99,46.53,175.67,148.83,73.15
15.8389,0.0,0.0,0.0,0.0,0.0,0.0,0.0,0.0,20.57,224.62,111.65,80.41,48.73,180.4,151.14,76.01
15.8489,0.0,0.0,0.0,0.0,0.0,0.0,0.0,0.0,20.57,216.26,102.96,82.94,50.82,182.82,153.56,76.01
15.8589,0.0,0.0,0.0,0.0,0.0,0.0,0.0,0.0,20.57,209.99,96.36,85.47,50.82,185.13,155.87,78.98
15.8689,0.0,0.0,0.0,0.0,0.0,0.0,0.0,0.0,18.26,203.72,89.87,85.47,50.82,187.44,158.18,81.84
15.8789,0.0,0.0,0.0,0.0,0.0,0.0,0.0,0.0,18.26,199.54,85.47,88.0,52.91,189.86,160.49,84.81
15.8889,0.0,0.0,0.0,0.0,0.0,0.0,0.0,0.0,18.26,193.27,81.18,90.53,55.11,192.17,165.11,87.67
15.8989,0.0,0.0,0.0,0.0,0.0,0.0,0.0,0.0,18.26,187.0,76.78,92.95,55.11,194.59,167.53,90.53
15.9089,0.0,0.0,0.0,0.0,0.0,0.0,0.0,0.0,18.26,180.73,72.49,92.95,57.53,196.9,172.37,93.5
15.9189,0.0,0.0,0.0,0.0,0.0,0.0,0.0,0.0,18.26,176.55,68.09,95.48,60.06,199.32,177.21,96.36
15.9289,0.0,0.0,0.0,0.0,0.0,0.0,0.0,0.0,18.26,168.19,63.8,98.01,60.06,201.63,179.63,102.19
15.9389,0.0,0.0,0.0,0.0,0.0,0.0,0.0,0.0,18.26,163.79,59.4,100.54,62.59,206.36,184.58,105.16
15.9489,0.0,0.0,0.0,0.0,0.0,0.0,0.0,0.0,18.26,155.1,57.2,102.96,65.12,208.67,191.84,110.99
15.9589,0.0,0.0,0.0,0.0,0.0,0.0,0.0,0.0,18.26,148.61,51.26,105.49,67.65,213.4,196.79,116.05
15.9689,0.0,0.0,0.0,0.0,0.0,0.0,0.0,0.0,18.26,142.01,47.41,108.02,70.18,218.13,201.63,121.11
15.9789,0.0,0.0,0.0,0.0,0.0,0.0,0.0,0.0,15.95,133.32,41.8,110.55,70.18,220.55,206.47,123.64
15.9889,0.0,0.0,0.0,0.0,0.0,0.0,0.0,0.0,15.95,126.83,36.08,113.08,72.71,225.39,211.42,128.7
15.9989,0.0,0.0,0.0,0.0,0.0,0.0,0.0,0.0,15.95,118.14,30.36,118.03,75.24,230.34,216.26,133.76
16.0089,0.0,0.0,0.0,0.0,0.0,0.0,0.0,0.0,15.95,109.56,26.51,120.45,75.24,235.18,223.52,138.82
16.0189,0.0,0.0,0.0,0.0,0.0,0.0,0.0,0.0,15.95,101.09,22.77,122.98,77.77,240.13,228.36,143.88
16.0289,0.0,0.0,0.0,0.0,0.0,0.0,0.0,0.0,15.95,88.33,18.92,127.93,77.77,247.39,233.2,151.47
16.0389,0.0,0.0,0.0,0.0,0.0,0.0,0.0,0.0,15.95,75.57,17.05,130.46,77.77,252.34,237.93,154.0
16.0489,0.0,0.0,0.0,0.0,0.0,0.0,0.0,0.0,15.95,62.81,15.18,132.88,77.77,257.18,242.77,161.59
16.0589,0.0,0.0,0.0,0.0,0.0,0.0,0.0,0.0,13.64,48.07,13.2,135.41,75.24,264.55,247.61,166.76
16.0689,0.0,0.0,0.0,0.0,0.0,0.0,0.0,0.0,13.64,33.44,13.2,137.94,75.24,269.5,252.34,171.71
16.0789,0.0,0.0,0.0,0.0,0.0,0.0,0.0,0.0,11.44,22.99,11.33,137.94,75.24,276.76,257.18,179.19
16.0889,0.0,0.0,0.0,0.0,0.0,0.0,0.0,0.0,9.13,16.72,9.46,135.41,72.71,281.71,262.02,186.78
16.0989,6.16,0.0,0.0,0.0,0.0,0.0,0.0,0.0,6.82,12.54,7.59,132.88,67.65,286.55,266.75,194.26
16.1089,20.68,0.0,0.0,0.0,0.0,0.0,0.0,0.0,6.82,8.36,5.61,125.51,62.59,293.92,271.59,204.27
16.1189,31.02,0.0,0.0,0.0,0.0,0.0,0.0,0.0,4.51,8.36,5.61,118.03,55.11,298.87,274.01,214.39
16.1289,37.18,0.0,0.0,0.0,0.0,0.0,0.0,0.0,4.51,6.27,3.74,110.55,46.53,303.71,276.43,221.87
16.1389,66.66,0.0,0.0,0.0,0.0,0.0,0.0,0.0,4.51,4.18,3.74,98.01,40.26,306.24,278.63,231.55
16.1489,103.62,0.0,0.0,0.0,0.0,0.0,0.0,0.0,4.51,4.18,0.0,88.0,33.88,308.66,278.63,240.9
16.1589,132.22,0.0,0.0,0.0,0.0,0.0,0.0,0.0,0.0,4.18,0.0,72.93,25.41,313.5,278.63,250.36
16.1689,170.06,0.0,0.0,0.0,0.0,0.0,0.0,0.0,0.0,4.18,0.0,57.97,16.94,313.5,274.01,257.4
16.1789,228.8,13.09,0.0,0.0,0.0,0.0,0.0,0.0,0.0,0.0,0.0,40.26,10.56,311.08,266.75,264.44
16.1889,206.58,123.42,0.0,0.0,0.0,0.0,0.0,0.0,0.0,0.0,0.0,25.19,8.47,301.29,249.92,271.48
16.1989,146.19,227.59,19.58,6.27,0.0,0.0,0.0,0.0,0.0,0.0,0.0,10.01,8.47,284.13,223.52,278.52
16.2089,79.64,250.58,113.08,45.98,15.18,23.21,6.71,6.71,0.0,0.0,0.0,7.48,8.47,249.92,184.58,283.47
16.2189,70.95,265.21,150.48,52.25,25.96,44.44,20.24,11.22,0.0,0.0,0.0,7.48,8.47,201.63,134.86,288.53
16.2289,62.26,265.21,165.88,54.34,34.65,59.73,38.28,15.73,0.0,0.0,0.0,7.48,10.56,143.22,85.25,291.06
16.2389,53.79,263.12,170.5,56.54,39.05,71.5,51.81,18.04,0.0,0.0,0.0,7.48,8.47,93.83,40.37,278.52
16.2489,49.61,267.3,175.23,58.63,43.34,80.85,63.36,20.24,0.0,0.0,0.0,7.48,8.47,42.79,26.18,219.34
16.2589,47.52,273.57,179.96,60.72,45.54,88.0,70.4,22.55,0.0,0.0,0.0,7.48,8.47,17.6,20.13,146.41
16.2689,47.52,279.95,187.0,62.81,47.74,92.62,77.55,22.55,0.0,0.0,0.0,7.48,6.27,15.07,18.15,118.58
16.2789,49.61,286.11,194.15,62.81,49.94,95.04,82.28,24.75,0.0,0.0,0.0,4.95,6.27,10.01,14.08,113.52
16.2889,49.61,290.18,196.46,65.01,52.03,99.66,87.01,24.75,0.0,0.0,0.0,4.95,4.18,7.48,10.01,90.53
16.2989,49.61,296.45,196.46,67.1,54.23,104.39,91.74,27.06,0.0,0.0,0.0,4.95,0.0,4.95,6.05,50.16
16.3089,49.61,298.43,194.15,69.19,56.43,106.7,94.05,27.06,0.0,0.0,0.0,0.0,0.0,0.0,0.0,13.86
16.3189,47.52,300.52,189.42,71.28,58.63,111.43,98.78,27.06,0.0,0.0,0.0,0.0,0.0,0.0,0.0,0.0
16.3289,45.54,300.52,184.69,73.48,60.72,113.85,103.51,29.26,0.0,0.0,0.0,0.0,0.0,0.0,0.0,0.0
16.3389,43.45,294.36,182.27,73.48,62.92,118.58,108.24,29.26,0.0,0.0,0.0,0.0,0.0,0.0,0.0,0.0
16.3489,43.45,288.2,179.96,75.57,65.01,121.0,113.08,31.57,0.0,0.0,0.0,0.0,0.0,0.0,0.0,0.0
16.3589,41.36,277.75,179.96,77.66,67.21,123.42,117.59,31.57,0.0,0.0,0.0,0.0,0.0,0.0,0.0,0.0
16.3689,39.27,267.3,177.54,77.66,69.3,125.73,122.1,31.57,0.0,0.0,0.0,0.0,0.0,0.0,0.0,0.0
16.3789,37.18,254.76,172.81,79.75,71.5,128.15,124.41,33.77,0.0,0.0,0.0,0.0,0.0,0.0,0.0,0.0
16.3889,35.09,244.31,168.19,79.75,73.59,130.57,128.92,33.77,0.0,0.0,0.0,0.0,0.0,0.0,0.0,0.0
16.3989,33.11,233.86,163.68,81.95,75.79,132.99,131.23,33.77,0.0,0.0,0.0,0.0,0.0,0.0,0.0,0.0
16.4089,33.11,223.41,157.08,84.04,77.88,135.41,135.74,36.08,0.0,0.0,0.0,0.0,0.0,0.0,0.0,0.0
16.4189,31.02,212.96,152.68,86.13,77.88,140.14,137.94,36.08,0.0,0.0,0.0,0.0,0.0,0.0,0.0,0.0
16.4288,28.93,202.62,146.08,88.33,82.17,142.56,142.56,38.28,0.0,0.0,0.0,0.0,0.0,0.0,0.0,0.0
16.4388,28.93,192.28,143.88,90.42,84.37,147.29,147.07,40.59,0.0,0.0,0.0,0.0,0.0,0.0,0.0,0.0
16.4488,26.84,184.03,139.48,94.6,86.57,152.13,151.58,40.59,0.0,0.0,0.0,0.0,0.0,0.0,0.0,0.0
16.4588,26.84,175.78,135.08,96.8,88.66,154.55,156.09,42.79,0.0,0.0,0.0,0.0,0.0,0.0,0.0,0.0
16.4688,24.75,165.22,130.68,100.98,90.86,161.7,162.91,45.1,0.0,0.0,0.0,0.0,0.0,0.0,0.0,0.0
16.4788,24.75,156.42,124.08,105.27,95.15,166.54,169.84,49.61,0.0,0.0,0.0,0.0,0.0,0.0,0.0,0.0
16.4888,24.75,147.62,117.48,109.45,97.24,173.47,174.46,51.81,0.0,0.0,0.0,0.0,0.0,0.0,0.0,0.0
16.4988,22.77,138.82,110.77,115.72,101.53,178.09,181.5,56.32,0.0,0.0,0.0,0.0,0.0,0.0,0.0,0.0
16.5088,22.77,130.02,101.86,119.9,103.73,184.91,188.43,58.63,0.0,0.0,0.0,0.0,0.0,0.0,0.0,0.0
16.5188,22.77,121.22,90.75,126.06,108.02,189.53,193.05,62.92,0.0,0.0,0.0,0.0,0.0,0.0,0.0,0.0
16.5288,20.68,114.62,79.53,132.33,110.22,196.46,200.09,67.32,0.0,0.0,0.0,0.0,0.0,0.0,0.0,0.0
16.5388,20.68,106.15,68.42,138.49,114.51,203.28,207.02,69.41,0.0,0.0,0.0,0.0,0.0,0.0,0.0,0.0
16.5488,20.68,98.23,55.11,144.76,114.51,210.21,211.75,73.81,0.0,0.0,0.0,0.0,0.0,0.0,0.0,0.0
16.5588,18.59,90.31,43.23,150.92,116.71,217.03,218.68,78.21,0.0,0.0,0.0,0.0,0.0,0.0,0.0,0.0
16.5688,18.59,82.28,31.46,157.08,118.91,223.96,223.41,80.3,0.0,0.0,0.0,0.0,0.0,0.0,0.0,0.0
16.5788,18.59,70.4,21.56,163.35,118.91,230.78,227.92,84.7,0.0,0.0,0.0,0.0,0.0,0.0,0.0,0.0
16.5888,16.5,56.54,15.73,169.62,118.91,237.71,230.23,86.9,0.0,0.0,0.0,0.0,0.0,0.0,0.0,0.0
16.5988,14.41,41.36,11.77,176.0,116.71,244.64,232.54,91.19,0.0,0.0,0.0,0.0,0.0,0.0,0.0,0.0
16.6088,14.41,28.16,9.79,180.18,116.71,253.88,237.16,95.59,0.0,0.0,0.0,0.0,0.0,0.0,0.0,0.0
16.6188,12.32,18.81,9.79,182.38,114.51,260.81,239.47,99.99,0.0,0.0,0.0,0.0,0.0,0.0,0.0,0.0
16.6288,8.25,15.07,7.81,178.09,110.22,267.74,241.78,106.48,0.0,0.0,0.0,0.0,0.0,0.0,0.0,0.0
16.6388,8.25,11.22,5.83,173.8,103.73,274.67,243.98,110.88,0.0,0.0,0.0,0.0,0.0,0.0,0.0,0.0
16.6488,6.16,9.35,3.85,167.53,97.24,281.49,246.29,119.9,4.51,0.0,0.0,0.0,0.0,0.0,0.0,0.0
16.6588,4.07,7.48,3.85,159.17,88.66,288.09,246.29,126.83,9.13,0.0,0.0,0.0,0.0,0.0,0.0,0.0
16.6688,4.07,7.48,3.85,153.01,80.08,294.69,246.29,131.34,18.26,0.0,0.0,0.0,0.0,0.0,0.0,0.0
16.6788,0.0,5.61,0.0,144.76,71.5,299.09,246.29,138.27,29.7,0.0,0.0,0.0,0.0,0.0,0.0,0.0
16.6888,0.0,5.61,0.0,138.49,62.92,305.8,243.98,142.78,43.45,0.0,0.0,0.0,0.0,0.0,0.0,0.0
16.6988,0.0,3.74,0.0,130.24,54.23,310.2,241.78,149.71,97.79,0.0,0.0,0.0,0.0,0.0,0.0,0.0
16.7088,0.0,3.74,0.0,117.81,45.54,314.6,239.47,154.33,132.66,0.0,0.0,0.0,0.0,0.0,0.0,0.0
16.7188,0.0,3.74,0.0,105.27,34.65,314.6,237.16,158.84,137.17,0.0,0.0,0.0,0.0,0.0,0.0,0.0
16.7288,0.0,0.0,0.0,90.42,25.96,314.6,232.54,165.77,150.81,0.0,0.0,0.0,0.0,0.0,0.0,0.0
16.7388,0.0,0.0,0.0,73.48,17.27,312.4,227.92,170.39,183.04,0.0,3.74,0.0,0.0,0.0,0.0,0.0
16.7488,0.0,0.0,0.0,54.34,12.98,305.8,220.99,177.43,255.2,16.72,5.61,0.0,0.0,0.0,0.0,0.0
16.7588,0.0,0.0,0.0,33.44,10.78,290.29,207.02,184.58,243.65,113.85,13.2,0.0,0.0,0.0,0.0,0.0
16.7688,0.0,0.0,0.0,16.72,10.78,276.98,181.5,194.04,146.3,191.18,81.18,0.0,0.0,0.0,0.0,0.0
16.7788,0.0,0.0,0.0,12.54,10.78,226.27,149.38,208.34,85.8,234.85,129.91,22.66,6.27,35.2,14.08,8.36
16.7888,0.0,0.0,0.0,10.45,10.78,164.12,113.08,222.64,73.81,238.92,150.59,25.19,8.47,52.91,28.27,11.11
16.7988,0.0,0.0,0.0,8.36,10.78,102.08,72.82,236.61,64.35,236.83,162.14,27.72,12.65,65.12,44.33,16.72
16.8088,0.0,0.0,0.0,8.36,10.78,59.73,33.77,234.3,57.2,238.92,171.38,30.14,14.74,74.69,56.54,19.47
16.8188,0.0,0.0,0.0,6.27,8.58,25.41,22.55,170.39,52.58,242.99,178.42,30.14,16.94,86.68,70.84,25.08
16.8288,0.0,0.0,0.0,6.27,8.58,19.03,18.04,99.99,47.96,247.06,183.04,32.67,21.12,93.83,82.83,30.69
16.8388,0.0,0.0,0.0,6.27,6.49,14.74,15.73,65.12,47.96,249.04,190.08,32.67,23.21,101.09,92.4,33.44
16.8488,0.0,0.0,0.0,4.18,6.49,10.56,11.22,49.61,45.76,253.22,190.08,35.2,25.41,105.82,101.97,39.05
16.8588,0.0,0.0,0.0,0.0,4.29,8.47,6.71,42.79,43.45,259.27,190.08,37.73,27.5,113.08,109.23,41.8
16.8688,0.0,0.0,0.0,0.0,0.0,4.18,4.51,22.55,41.14,263.34,187.77,40.26,29.59,118.03,113.96,44.66
16.8788,0.0,0.0,0.0,0.0,0.0,4.18,0.0,4.51,38.83,265.43,180.73,40.26,31.79,125.62,120.89,50.16
16.8888,0.0,0.0,0.0,0.0,0.0,0.0,0.0,0.0,36.52,265.43,176.11,45.32,33.88,130.68,137.17,55.77
16.8988,0.0,0.0,0.0,0.0,0.0,0.0,0.0,0.0,34.32,263.34,171.38,45.32,35.97,135.74,132.55,61.49
16.9088,0.0,0.0,0.0,0.0,0.0,0.0,0.0,0.0,32.01,257.29,164.45,47.85,35.97,140.8,139.59,67.32
16.9188,0.0,0.0,0.0,0.0,0.0,0.0,0.0,0.0,29.7,253.22,159.83,50.38,38.06,143.22,144.21,73.15
16.9288,0.0,0.0,0.0,0.0,0.0,0.0,0.0,0.0,27.39,244.97,155.21,52.91,40.26,148.28,148.83,78.98
16.9388,0.0,0.0,0.0,0.0,0.0,0.0,0.0,0.0,25.08,236.83,150.59,52.91,42.35,150.81,155.87,84.81
16.9488,0.0,0.0,0.0,0.0,0.0,0.0,0.0,0.0,25.08,226.71,145.97,55.44,44.44,153.34,160.49,90.53
16.9588,0.0,0.0,0.0,0.0,0.0,0.0,0.0,0.0,22.88,216.26,141.35,55.44,46.53,155.87,165.11,93.5
16.9688,0.0,0.0,0.0,0.0,0.0,0.0,0.0,0.0,20.57,207.9,134.53,55.44,48.73,155.87,169.95,96.36
16.9788,0.0,0.0,0.0,0.0,0.0,0.0,0.0,0.0,20.57,197.45,129.91,57.97,50.82,158.4,174.79,102.19
16.9888,0.0,0.0,0.0,0.0,0.0,0.0,0.0,0.0,20.57,189.09,127.6,57.97,50.82,160.93,179.63,105.16
16.9988,0.0,0.0,0.0,0.0,0.0,0.0,0.0,0.0,20.57,182.82,122.98,57.97,52.91,160.93,182.16,108.02
17.0088,0.0,0.0,0.0,0.0,0.0,0.0,0.0,0.0,18.26,174.46,120.67,60.39,55.11,163.46,187.0,110.99
17.0188,0.0,0.0,0.0,0.0,0.0,0.0,0.0,0.0,20.57,168.19,116.05,60.39,55.11,163.46,191.84,113.52
17.0288,0.0,0.0,0.0,0.0,0.0,0.0,0.0,0.0,20.57,161.59,113.85,60.39,57.53,165.99,196.79,118.58
17.0388,0.0,0.0,0.0,0.0,0.0,0.0,0.0,0.0,18.26,155.1,111.65,62.92,60.06,168.52,201.63,121.11
17.0488,0.0,0.0,0.0,0.0,0.0,0.0,0.0,0.0,18.26,148.61,107.25,62.92,62.59,171.05,209.0,126.17
17.0588,0.0,0.0,0.0,0.0,0.0,0.0,0.0,0.0,18.26,142.01,102.96,65.45,62.59,173.36,213.84,131.23
17.0688,0.0,0.0,0.0,0.0,0.0,0.0,0.0,0.0,18.26,133.32,98.56,67.98,65.12,178.09,218.68,136.29
17.0788,0.0,0.0,0.0,0.0,0.0,0.0,0.0,0.0,18.26,126.83,92.07,70.4,67.65,180.4,223.52,138.82
17.0888,0.0,0.0,0.0,0.0,0.0,0.0,0.0,0.0,15.95,120.34,85.47,72.93,70.18,185.13,230.78,143.88
17.0988,0.0,0.0,0.0,0.0,0.0,0.0,0.0,0.0,18.26,111.65,78.98,75.46,72.71,189.86,237.93,148.94
17.1088,0.0,0.0,0.0,0.0,0.0,0.0,0.0,0.0,18.26,103.18,70.29,77.99,75.24,194.59,242.77,154.0
17.1188,0.0,0.0,0.0,0.0,0.0,0.0,0.0,0.0,15.95,96.8,61.6,80.41,77.77,199.32,249.92,159.06
17.1288,0.0,0.0,0.0,0.0,0.0,0.0,0.0,0.0,15.95,88.33,53.13,82.94,80.3,203.94,257.18,164.12
17.1388,0.0,0.0,0.0,0.0,0.0,0.0,0.0,0.0,15.95,79.86,45.54,85.47,80.3,208.67,262.02,169.18
17.1488,0.0,0.0,0.0,0.0,0.0,0.0,0.0,0.0,15.95,69.19,39.82,88.0,82.83,213.4,266.75,174.24
17.1588,0.0,0.0,0.0,0.0,0.0,0.0,0.0,0.0,15.95,58.63,32.23,90.53,85.25,218.13,274.01,179.19
17.1688,0.0,0.0,0.0,0.0,0.0,0.0,0.0,0.0,15.95,45.98,26.51,90.53,85.25,222.97,280.94,184.25
17.1788,0.0,0.0,0.0,0.0,0.0,0.0,0.0,0.0,13.64,33.44,20.9,92.95,85.25,227.81,285.56,189.31
17.1888,0.0,0.0,0.0,0.0,0.0,0.0,0.0,0.0,13.64,20.9,17.05,92.95,85.25,235.18,290.18,196.79
17.1988,0.0,0.0,0.0,0.0,0.0,0.0,0.0,0.0,11.44,14.63,13.2,92.95,85.25,240.13,297.0,204.27
17.2088,4.07,0.0,0.0,0.0,0.0,0.0,0.0,0.0,6.82,12.54,9.46,88.0,80.3,244.97,301.62,211.86
17.2188,8.25,0.0,0.0,0.0,0.0,0.0,0.0,0.0,6.82,10.45,7.59,82.94,75.24,249.92,306.24,221.87
17.2288,24.75,0.0,0.0,0.0,0.0,0.0,0.0,0.0,4.51,6.27,7.59,75.46,65.12,254.76,310.86,229.24
17.2388,37.18,0.0,0.0,0.0,0.0,0.0,0.0,0.0,4.51,6.27,5.61,67.98,57.53,259.71,310.86,238.59
17.2488,75.35,0.0,0.0,0.0,0.0,0.0,0.0,0.0,4.51,6.27,5.61,60.39,48.73,262.13,313.17,245.63
17.2588,126.28,0.0,0.0,0.0,0.0,0.0,0.0,0.0,0.0,4.18,3.74,50.38,40.26,262.13,315.37,254.98
17.2688,144.21,0.0,0.0,0.0,0.0,0.0,0.0,0.0,0.0,4.18,3.74,37.73,31.79,264.55,315.37,262.02
17.2788,170.06,0.0,0.0,0.0,0.0,0.0,0.0,0.0,0.0,4.18,3.74,25.19,21.12,262.13,310.86,271.48
17.2888,240.9,0.0,0.0,0.0,0.0,0.0,0.0,0.0,0.0,0.0,3.74,12.54,12.65,257.18,301.62,278.52
17.2988,277.31,72.38,0.0,0.0,0.0,0.0,0.0,0.0,0.0,0.0,0.0,4.95,8.47,240.13,287.87,283.47
17.3088,206.58,215.05,7.81,0.0,0.0,0.0,0.0,0.0,0.0,0.0,0.0,0.0,6.27,215.82,259.6,291.06
17.3188,132.22,277.75,88.55,48.07,0.0,10.56,0.0,0.0,0.0,0.0,0.0,0.0,8.47,180.4,218.68,296.12
17.3288,108.02,300.52,130.68,67.1,12.98,42.35,11.22,9.02,0.0,0.0,0.0,0.0,8.47,135.74,167.53,298.65
17.3388,92.73,300.52,141.68,73.48,23.87,66.77,22.55,15.73,0.0,0.0,0.0,0.0,8.47,98.67,109.23,301.18
17.3488,77.55,296.45,146.08,75.57,28.16,83.27,33.77,18.04,0.0,0.0,0.0,4.95,8.47,62.7,52.47,291.06
17.3588,68.75,304.7,146.08,79.75,32.56,95.04,42.79,20.24,0.0,0.0,0.0,4.95,8.47,20.13,24.2,229.24
17.3688,66.66,317.02,146.08,84.04,32.56,104.39,49.61,22.55,0.0,0.0,0.0,0.0,6.27,15.07,18.15,141.35
17.3788,64.46,325.27,146.08,88.33,34.65,109.12,54.12,22.55,0.0,0.0,0.0,0.0,6.27,12.54,16.06,110.99
17.3888,64.46,333.63,143.88,90.42,34.65,111.43,56.32,24.75,0.0,0.0,0.0,4.95,4.18,10.01,12.1,102.19
17.3988,64.46,342.54,141.68,92.51,36.85,116.16,58.63,24.75,0.0,0.0,0.0,0.0,0.0,4.95,8.03,81.84
17.4088,62.26,351.56,137.28,96.8,36.85,121.0,60.94,24.75,0.0,0.0,0.0,0.0,0.0,0.0,0.0,39.05
17.4188,60.06,358.27,128.48,100.98,36.85,125.73,60.94,27.06,0.0,0.0,0.0,0.0,0.0,0.0,0.0,11.11
17.4288,57.97,362.67,117.48,105.27,36.85,130.57,63.36,27.06,0.0,0.0,0.0,0.0,0.0,0.0,0.0,0.0
17.4388,53.79,362.67,108.57,111.65,39.05,135.41,63.36,27.06,0.0,0.0,0.0,0.0,0.0,0.0,0.0,0.0
17.4488,49.61,358.27,97.46,115.72,39.05,137.72,65.67,27.06,0.0,0.0,0.0,0.0,0.0,0.0,0.0,0.0
17.4588,47.52,349.25,92.95,119.9,41.25,142.56,68.09,29.26,0.0,0.0,0.0,0.0,0.0,0.0,0.0,0.0
17.4688,43.45,338.03,86.24,121.99,43.34,144.98,72.82,29.26,0.0,0.0,0.0,0.0,0.0,0.0,0.0,0.0
17.4788,41.36,325.27,84.04,126.06,43.34,147.29,75.13,29.26,0.0,0.0,0.0,0.0,0.0,0.0,0.0,0.0
17.4888,39.27,312.95,79.53,130.24,45.54,152.13,77.55,29.26,0.0,0.0,0.0,0.0,0.0,0.0,0.0,0.0
17.4988,37.18,302.61,75.13,134.31,47.74,154.55,79.86,31.57,0.0,0.0,0.0,0.0,0.0,0.0,0.0,0.0
17.5088,35.09,292.27,70.62,138.49,49.94,156.97,82.28,31.57,0.0,0.0,0.0,0.0,0.0,0.0,0.0,0.0
17.5188,33.11,281.93,64.02,142.67,49.94,161.7,84.59,33.77,0.0,0.0,0.0,0.0,0.0,0.0,0.0,0.0
17.5288,31.02,271.48,57.31,146.74,52.03,164.12,87.01,33.77,0.0,0.0,0.0,0.0,0.0,0.0,0.0,0.0
17.5388,28.93,261.03,51.15,153.01,54.23,168.96,89.32,33.77,0.0,0.0,0.0,0.0,0.0,0.0,0.0,0.0
17.5488,28.93,250.58,47.19,157.08,56.43,173.47,94.05,36.08,0.0,0.0,0.0,0.0,0.0,0.0,0.0,0.0
17.5588,26.84,240.13,45.21,161.26,56.43,178.09,96.47,36.08,0.0,0.0,0.0,0.0,0.0,0.0,0.0,0.0
17.5688,26.84,231.77,41.25,167.53,58.63,182.71,98.78,36.08,0.0,0.0,0.0,0.0,0.0,0.0,0.0,0.0
17.5788,24.75,223.41,37.29,171.71,60.72,184.91,103.51,38.28,0.0,0.0,0.0,0.0,0.0,0.0,0.0,0.0
17.5888,24.75,212.96,35.42,178.09,60.72,189.53,105.93,38.28,0.0,0.0,0.0,0.0,0.0,0.0,0.0,0.0
17.5988,24.75,206.8,33.44,182.38,62.92,194.15,110.66,40.59,0.0,0.0,0.0,0.0,0.0,0.0,0.0,0.0
17.6088,22.77,198.55,29.48,188.65,65.01,198.66,115.28,40.59,0.0,0.0,0.0,0.0,0.0,0.0,0.0,0.0
17.6188,22.77,188.21,27.5,195.03,67.21,203.28,119.79,42.79,0.0,0.0,0.0,0.0,0.0,0.0,0.0,0.0
17.6288,22.77,179.85,25.52,201.41,69.3,210.21,124.41,45.1,0.0,0.0,0.0,0.0,0.0,0.0,0.0,0.0
17.6388,22.77,171.6,21.56,207.79,69.3,214.72,128.92,45.1,0.0,0.0,0.0,0.0,0.0,0.0,0.0,0.0
17.6488,20.68,160.82,17.71,214.17,71.5,219.34,131.23,47.3,0.0,0.0,0.0,0.0,0.0,0.0,0.0,0.0
17.6588,20.68,149.82,15.73,220.55,71.5,226.27,135.74,49.61,0.0,0.0,0.0,0.0,0.0,0.0,0.0,0.0
17.6688,20.68,136.62,13.75,228.58,73.59,233.09,140.25,49.61,0.0,0.0,0.0,0.0,0.0,0.0,0.0,0.0
17.6788,18.59,125.62,11.77,234.3,73.59,237.71,144.76,51.81,0.0,0.0,0.0,0.0,0.0,0.0,0.0,0.0
17.6888,18.59,112.42,11.77,242.0,75.79,244.64,147.07,54.12,0.0,0.0,0.0,0.0,0.0,0.0,0.0,0.0
17.6988,18.59,100.21,9.79,247.72,75.79,249.26,151.58,56.32,0.0,0.0,0.0,0.0,0.0,0.0,0.0,0.0
17.7088,16.5,86.35,9.79,253.44,75.79,256.19,153.89,58.63,0.0,0.0,0.0,0.0,0.0,0.0,0.0,0.0
17.7188,16.5,70.4,9.79,259.16,75.79,260.81,158.4,60.72,0.0,0.0,0.0,0.0,0.0,0.0,0.0,0.0
17.7288,14.41,56.54,7.81,263.01,75.79,267.74,160.71,62.92,0.0,0.0,0.0,0.0,0.0,0.0,0.0,0.0
17.7388,14.41,43.34,7.81,264.88,75.79,272.36,165.22,65.12,0.0,0.0,0.0,0.0,0.0,0.0,0.0,0.0
17.7488,12.32,32.01,5.83,266.86,75.79,279.29,169.84,67.32,0.0,0.0,0.0,0.0,0.0,0.0,0.0,0.0
17.7588,10.34,20.68,5.83,266.86,75.79,285.89,174.46,69.41,0.0,0.0,0.0,0.0,0.0,0.0,0.0,0.0
17.7688,8.25,16.94,5.83,259.16,73.59,292.49,179.08,73.81,0.0,0.0,0.0,0.0,0.0,0.0,0.0,0.0
17.7788,8.25,13.09,3.85,253.44,69.3,299.09,181.5,78.21,13.64,0.0,0.0,0.0,0.0,0.0,0.0,0.0
17.7888,6.16,11.22,3.85,243.87,65.01,305.8,186.12,84.7,15.95,0.0,0.0,0.0,0.0,0.0,0.0,0.0
17.7988,4.07,9.35,0.0,234.3,58.63,312.4,188.43,91.19,25.08,0.0,0.0,0.0,0.0,0.0,0.0,0.0
17.8088,4.07,7.48,0.0,224.84,52.03,319.0,190.74,95.59,34.32,0.0,0.0,0.0,0.0,0.0,0.0,0.0
17.8188,0.0,5.61,0.0,214.17,45.54,325.6,190.74,104.28,50.27,0.0,0.0,0.0,0.0,0.0,0.0,0.0
17.8288,0.0,5.61,0.0,201.41,39.05,330.11,190.74,110.88,97.79,0.0,0.0,0.0,0.0,0.0,0.0,0.0
17.8388,0.0,3.74,0.0,186.56,32.56,334.73,190.74,117.59,107.25,0.0,0.0,0.0,0.0,0.0,0.0,0.0
17.8488,0.0,3.74,0.0,169.62,23.87,339.46,190.74,126.83,130.35,0.0,3.74,0.0,0.0,0.0,0.0,0.0
17.8587,0.0,3.74,0.0,148.83,17.27,339.46,188.43,133.65,187.77,4.18,5.61,0.0,0.0,0.0,0.0,0.0
17.8687,0.0,3.74,0.0,126.06,10.78,337.15,183.81,142.78,227.48,43.89,20.9,0.0,0.0,0.0,0.0,0.0
17.8787,0.0,3.74,0.0,98.89,8.58,330.11,176.77,149.71,132.66,120.34,89.87,0.0,0.0,0.0,0.0,0.0
17.8887,0.0,0.0,0.0,65.01,8.58,316.8,158.4,161.15,78.65,170.28,132.22,17.6,10.56,22.66,24.2,11.11
17.8987,0.0,0.0,0.0,31.35,10.78,290.29,133.43,175.12,66.66,178.64,155.21,22.66,14.74,35.2,42.35,13.86
17.9087,0.0,0.0,0.0,16.72,10.78,228.47,98.78,191.73,57.2,176.55,164.45,22.66,19.03,45.32,54.45,16.72
17.9187,0.0,0.0,0.0,14.63,10.78,140.14,60.94,210.76,47.96,180.73,166.76,25.19,21.12,55.44,68.42,19.47
17.9287,0.0,0.0,0.0,12.54,10.78,80.85,29.26,210.76,43.45,187.0,166.76,27.72,25.41,65.12,82.83,25.08
17.9387,0.0,0.0,0.0,10.45,8.58,35.97,27.06,163.46,38.83,193.27,171.38,30.14,27.5,74.69,97.24,30.69
17.9487,0.0,0.0,0.0,10.45,6.49,19.03,15.73,106.48,36.52,199.54,173.69,30.14,31.79,84.26,109.23,36.19
17.9587,0.0,0.0,0.0,8.36,6.49,14.74,13.53,73.81,34.32,203.72,178.42,32.67,33.88,91.41,120.89,44.66
17.9687,0.0,0.0,0.0,6.27,4.29,10.56,9.02,54.12,32.01,207.9,180.73,35.2,35.97,98.67,130.24,50.16
17.9787,0.0,0.0,0.0,6.27,0.0,8.47,6.71,38.28,29.7,212.08,180.73,37.73,38.06,103.4,137.17,61.49
17.9887,0.0,0.0,0.0,4.18,0.0,6.27,4.51,18.04,29.7,214.17,180.73,40.26,40.26,108.24,146.52,70.18
17.9987,0.0,0.0,0.0,0.0,0.0,4.18,0.0,0.0,27.39,214.17,178.42,40.26,42.35,113.08,153.56,76.01
18.0087,0.0,0.0,0.0,0.0,0.0,4.18,0.0,0.0,27.39,214.17,178.42,42.79,44.44,118.03,158.18,84.81
18.0187,0.0,0.0,0.0,0.0,0.0,0.0,0.0,0.0,25.08,212.08,173.69,45.32,46.53,120.56,165.11,90.53
18.0287,0.0,0.0,0.0,0.0,0.0,0.0,0.0,0.0,25.08,207.9,171.38,47.85,48.73,125.62,169.95,96.36
18.0387,0.0,0.0,0.0,0.0,0.0,0.0,0.0,0.0,22.88,203.72,164.45,47.85,50.82,128.15,174.79,99.33
18.0487,0.0,0.0,0.0,0.0,0.0,0.0,0.0,0.0,22.88,199.54,159.83,50.38,50.82,130.68,179.63,105.16
18.0587,0.0,0.0,0.0,0.0,0.0,0.0,0.0,0.0,20.57,193.27,152.9,52.91,55.11,133.21,184.58,108.02
18.0687,0.0,0.0,0.0,0.0,0.0,0.0,0.0,0.0,20.57,184.91,148.28,52.91,55.11,135.74,189.42,113.52
18.0787,0.0,0.0,0.0,0.0,0.0,0.0,0.0,0.0,20.57,178.64,141.35,55.44,57.53,138.27,194.37,116.05
18.0887,0.0,0.0,0.0,0.0,0.0,0.0,0.0,0.0,18.26,172.37,136.84,57.97,60.06,140.8,199.21,118.58
18.0987,0.0,0.0,0.0,0.0,0.0,0.0,0.0,0.0,18.26,165.99,129.91,57.97,62.59,143.22,204.05,123.64
18.1087,0.0,0.0,0.0,0.0,0.0,0.0,0.0,0.0,20.57,159.39,125.29,60.39,62.59,145.75,209.0,126.17
18.1187,0.0,0.0,0.0,0.0,0.0,0.0,0.0,0.0,18.26,152.9,120.67,60.39,65.12,148.28,211.42,128.7
18.1287,0.0,0.0,0.0,0.0,0.0,0.0,0.0,0.0,18.26,146.41,116.05,62.92,67.65,150.81,216.26,131.23
18.1387,0.0,0.0,0.0,0.0,0.0,0.0,0.0,0.0,18.26,139.92,111.65,62.92,70.18,153.34,221.21,136.29
18.1487,0.0,0.0,0.0,0.0,0.0,0.0,0.0,0.0,18.26,135.52,107.25,65.45,70.18,155.87,225.94,138.82
18.1587,0.0,0.0,0.0,0.0,0.0,0.0,0.0,0.0,15.95,129.03,102.96,65.45,72.71,158.4,230.78,141.35
18.1687,0.0,0.0,0.0,0.0,0.0,0.0,0.0,0.0,15.95,122.54,98.56,67.98,75.24,160.93,235.51,146.41
18.1787,0.0,0.0,0.0,0.0,0.0,0.0,0.0,0.0,15.95,115.94,92.07,70.4,77.77,163.46,240.35,148.94
18.1887,0.0,0.0,0.0,0.0,0.0,0.0,0.0,0.0,15.95,107.47,87.67,70.4,77.77,165.99,245.19,151.47
18.1987,0.0,0.0,0.0,0.0,0.0,0.0,0.0,0.0,15.95,101.09,81.18,72.93,80.3,168.52,247.61,156.53
18.2087,0.0,0.0,0.0,0.0,0.0,0.0,0.0,0.0,15.95,94.71,74.69,72.93,82.83,171.05,254.76,159.06
18.2187,0.0,0.0,0.0,0.0,0.0,0.0,0.0,0.0,15.95,88.33,68.09,75.46,85.25,175.67,259.6,164.12
18.2287,0.0,0.0,0.0,0.0,0.0,0.0,0.0,0.0,15.95,79.86,61.6,77.99,85.25,178.09,264.33,166.76
18.2387,0.0,0.0,0.0,0.0,0.0,0.0,0.0,0.0,15.95,73.48,55.11,80.41,87.78,182.82,269.17,171.71
18.2487,0.0,0.0,0.0,0.0,0.0,0.0,0.0,0.0,15.95,64.9,49.39,82.94,87.78,185.13,274.01,176.77
18.2587,0.0,0.0,0.0,0.0,0.0,0.0,0.0,0.0,15.95,56.43,43.67,82.94,90.31,189.86,278.63,181.72
18.2687,0.0,0.0,0.0,0.0,0.0,0.0,0.0,0.0,13.64,48.07,37.95,85.47,90.31,194.59,283.25,184.25
18.2787,0.0,0.0,0.0,0.0,0.0,0.0,0.0,0.0,13.64,39.71,32.23,88.0,92.84,199.32,290.18,189.31
18.2887,0.0,0.0,0.0,0.0,0.0,0.0,0.0,0.0,13.64,29.26,26.51,88.0,92.84,203.94,294.8,194.26
18.2987,0.0,0.0,0.0,0.0,0.0,0.0,0.0,0.0,11.44,18.81,20.9,90.53,92.84,208.67,299.31,199.32
18.3087,0.0,0.0,0.0,0.0,0.0,0.0,0.0,0.0,11.44,14.63,15.18,88.0,92.84,211.09,306.24,206.8
18.3187,0.0,0.0,0.0,0.0,0.0,0.0,0.0,0.0,9.13,10.45,11.33,85.47,90.31,215.82,310.86,211.86
18.3287,8.25,0.0,0.0,0.0,0.0,0.0,0.0,0.0,6.82,8.36,9.46,80.41,87.78,220.55,315.37,221.87
18.3387,24.75,0.0,0.0,0.0,0.0,0.0,0.0,0.0,4.51,6.27,7.59,75.46,80.3,222.97,319.99,229.24
18.3487,35.09,0.0,0.0,0.0,0.0,0.0,0.0,0.0,0.0,6.27,7.59,70.4,72.71,227.81,322.3,238.59
18.3587,49.61,0.0,0.0,0.0,0.0,0.0,0.0,0.0,0.0,4.18,5.61,65.45,65.12,230.34,324.61,245.63
18.3687,86.24,0.0,0.0,0.0,0.0,0.0,0.0,0.0,0.0,4.18,5.61,57.97,55.11,235.18,326.92,252.67
18.3787,108.02,0.0,0.0,0.0,0.0,0.0,0.0,0.0,0.0,0.0,3.74,50.38,46.53,237.6,329.23,262.02
18.3887,142.23,0.0,0.0,0.0,0.0,0.0,0.0,0.0,0.0,0.0,3.74,37.73,38.06,237.6,326.92,269.06
18.3987,200.53,3.74,0.0,0.0,0.0,0.0,0.0,0.0,0.0,0.0,3.74,25.19,29.59,235.18,326.92,276.1
18.4087,212.63,78.32,0.0,0.0,0.0,0.0,0.0,0.0,0.0,0.0,3.74,12.54,19.03,230.34,322.3,283.47
18.4187,150.15,200.64,7.81,4.18,0.0,0.0,0.0,0.0,0.0,0.0,0.0,4.95,10.56,215.82,315.37,291.06
18.4287,84.04,240.13,90.75,43.89,0.0,10.56,0.0,0.0,0.0,0.0,0.0,0.0,6.27,192.17,294.8,296.12
18.4387,64.46,265.21,126.28,58.63,10.78,40.26,9.02,9.02,0.0,0.0,0.0,0.0,6.27,160.93,264.33,301.18
18.4487,53.79,261.03,137.28,62.81,21.67,59.73,20.24,13.53,0.0,0.0,0.0,0.0,8.47,123.09,213.84,303.71
18.4587,45.54,254.76,143.88,65.01,25.96,73.81,31.57,15.73,0.0,0.0,0.0,0.0,8.47,93.83,151.14,306.24
18.4687,41.36,256.85,146.08,67.1,30.36,85.58,42.79,18.04,0.0,0.0,0.0,0.0,8.47,65.12,87.67,306.24
18.4787,39.27,261.03,150.48,69.19,32.56,92.62,49.61,20.24,0.0,0.0,0.0,0.0,8.47,25.19,32.23,276.1
18.4887,39.27,267.3,159.28,71.28,34.65,95.04,56.32,20.24,0.0,0.0,0.0,4.95,6.27,15.07,20.13,176.77
18.4987,39.27,273.57,165.88,71.28,36.85,99.66,60.94,22.55,0.0,0.0,0.0,0.0,6.27,10.01,18.15,123.64
18.5087,41.36,277.75,168.19,71.28,39.05,102.08,65.67,22.55,0.0,0.0,0.0,0.0,4.18,7.48,14.08,108.02
18.5187,41.36,286.11,168.19,75.57,41.25,106.7,70.4,22.55,0.0,0.0,0.0,0.0,4.18,4.95,10.01,99.33
18.5287,39.27,294.36,163.68,77.66,43.34,111.43,72.82,24.75,0.0,0.0,0.0,0.0,0.0,0.0,6.05,64.35
18.5387,39.27,300.52,157.08,81.95,43.34,116.16,77.55,24.75,0.0,0.0,0.0,0.0,0.0,0.0,0.0,27.83
18.5487,37.18,304.7,150.48,86.13,45.54,121.0,79.86,27.06,0.0,0.0,0.0,0.0,0.0,0.0,0.0,5.5
18.5587,35.09,304.7,146.08,90.42,47.74,125.73,84.59,27.06,0.0,0.0,0.0,0.0,0.0,0.0,0.0,0.0
18.5687,33.11,302.61,141.68,94.6,49.94,130.57,89.32,27.06,0.0,0.0,0.0,0.0,0.0,0.0,0.0,0.0
18.5787,31.02,296.45,137.28,98.89,49.94,135.41,91.74,29.26,0.0,0.0,0.0,0.0,0.0,0.0,0.0,0.0
18.5887,31.02,288.2,132.88,103.07,52.03,140.14,96.47,29.26,0.0,0.0,0.0,0.0,0.0,0.0,0.0,0.0
18.5987,28.93,279.95,128.48,107.36,54.23,144.98,98.78,31.57,0.0,0.0,0.0,0.0,0.0,0.0,0.0,0.0
18.6087,26.84,269.39,124.08,111.65,56.43,149.71,103.51,31.57,0.0,0.0,0.0,0.0,0.0,0.0,0.0,0.0
18.6187,26.84,261.03,117.48,117.81,58.63,154.55,108.24,33.77,0.0,0.0,0.0,0.0,0.0,0.0,0.0,0.0
18.6287,24.75,252.67,108.57,121.99,60.72,159.28,113.08,33.77,0.0,0.0,0.0,0.0,0.0,0.0,0.0,0.0
18.6387,22.77,246.4,99.66,128.15,62.92,166.54,115.28,36.08,0.0,0.0,0.0,0.0,0.0,0.0,0.0,0.0
18.6487,22.77,235.95,88.55,134.31,62.92,171.16,117.59,36.08,0.0,0.0,0.0,0.0,0.0,0.0,0.0,0.0
18.6587,22.77,227.59,81.84,140.58,65.01,175.78,122.1,38.28,0.0,0.0,0.0,0.0,0.0,0.0,0.0,0.0
18.6687,20.68,221.32,72.93,146.74,67.21,180.4,124.41,38.28,0.0,0.0,0.0,0.0,0.0,0.0,0.0,0.0
18.6787,20.68,215.05,64.02,153.01,67.21,184.91,126.61,38.28,0.0,0.0,0.0,0.0,0.0,0.0,0.0,0.0
18.6887,20.68,206.8,53.13,159.17,69.3,189.53,128.92,40.59,0.0,0.0,0.0,0.0,0.0,0.0,0.0,0.0
18.6987,20.68,200.64,47.19,165.44,69.3,194.15,131.23,40.59,0.0,0.0,0.0,0.0,0.0,0.0,0.0,0.0
18.7087,18.59,194.37,39.27,171.71,71.5,198.66,133.43,42.79,0.0,0.0,0.0,0.0,0.0,0.0,0.0,0.0
18.7187,18.59,186.12,33.44,180.18,71.5,203.28,135.74,42.79,0.0,0.0,0.0,0.0,0.0,0.0,0.0,0.0
18.7287,18.59,175.78,25.52,186.56,73.59,210.21,140.25,45.1,0.0,0.0,0.0,0.0,0.0,0.0,0.0,0.0
18.7387,16.5,167.53,21.56,195.03,73.59,214.72,142.56,47.3,0.0,0.0,0.0,0.0,0.0,0.0,0.0,0.0
18.7487,16.5,156.42,17.71,201.41,73.59,221.65,144.76,49.61,0.0,0.0,0.0,0.0,0.0,0.0,0.0,0.0
18.7587,16.5,145.42,13.75,209.88,75.79,226.27,149.38,49.61,0.0,0.0,0.0,0.0,0.0,0.0,0.0,0.0
18.7687,16.5,132.22,11.77,218.46,75.79,233.09,151.58,51.81,0.0,0.0,0.0,0.0,0.0,0.0,0.0,0.0
18.7787,16.5,119.02,11.77,224.84,75.79,240.02,153.89,54.12,0.0,0.0,0.0,0.0,0.0,0.0,0.0,0.0
18.7887,16.5,106.15,9.79,232.43,75.79,246.95,156.09,54.12,0.0,0.0,0.0,0.0,0.0,0.0,0.0,0.0
18.7987,14.41,94.27,9.79,240.02,73.59,251.57,158.4,56.32,0.0,0.0,0.0,0.0,0.0,0.0,0.0,0.0
18.8087,14.41,82.28,7.81,247.72,73.59,258.5,160.71,58.63,0.0,0.0,0.0,0.0,0.0,0.0,0.0,0.0
18.8187,14.41,68.42,7.81,253.44,73.59,265.43,162.91,58.63,0.0,0.0,0.0,0.0,0.0,0.0,0.0,0.0
18.8287,12.32,54.56,7.81,259.16,73.59,272.36,167.53,60.72,0.0,0.0,0.0,0.0,0.0,0.0,0.0,0.0
18.8387,12.32,43.34,7.81,263.01,73.59,279.29,169.84,62.92,0.0,0.0,0.0,0.0,0.0,0.0,0.0,0.0
18.8487,10.34,32.01,5.83,263.01,73.59,283.69,174.46,65.12,0.0,0.0,0.0,0.0,0.0,0.0,0.0,0.0
18.8587,10.34,20.68,5.83,263.01,73.59,290.29,179.08,67.32,0.0,0.0,0.0,0.0,0.0,0.0,0.0,0.0
18.8687,8.25,16.94,5.83,255.31,71.5,294.69,183.81,71.61,0.0,0.0,0.0,0.0,0.0,0.0,0.0,0.0
18.8787,8.25,13.09,3.85,247.72,69.3,301.29,188.43,76.01,0.0,0.0,0.0,0.0,0.0,0.0,0.0,0.0
18.8887,6.16,11.22,3.85,238.15,65.01,305.8,193.05,80.3,15.95,0.0,0.0,0.0,0.0,0.0,0.0,0.0
18.8987,4.07,9.35,0.0,226.71,60.72,312.4,195.47,86.9,27.39,0.0,0.0,0.0,0.0,0.0,0.0,0.0
18.9087,4.07,7.48,0.0,216.26,54.23,316.8,197.78,93.39,38.83,0.0,0.0,0.0,0.0,0.0,0.0,0.0
18.9187,0.0,5.61,0.0,203.61,49.94,323.4,200.09,99.99,50.27,0.0,0.0,0.0,0.0,0.0,0.0,0.0
18.9287,0.0,5.61,0.0,192.94,41.25,327.8,200.09,106.48,88.22,0.0,0.0,0.0,0.0,0.0,0.0,0.0
18.9387,0.0,3.74,0.0,180.18,34.65,332.42,197.78,113.08,125.84,0.0,0.0,0.0,0.0,0.0,0.0,0.0
18.9487,0.0,3.74,0.0,163.35,25.96,334.73,197.78,119.9,146.3,0.0,3.74,0.0,0.0,0.0,0.0,0.0
18.9587,0.0,3.74,0.0,144.76,17.27,334.73,195.47,129.03,197.12,4.18,3.74,0.0,0.0,0.0,0.0,0.0
18.9687,0.0,3.74,0.0,121.99,10.78,334.73,190.74,135.96,239.03,31.35,18.92,0.0,0.0,0.0,0.0,0.0
18.9787,0.0,0.0,0.0,96.8,8.58,327.8,183.81,145.09,146.3,107.47,89.87,0.0,0.0,0.0,0.0,0.0
18.9887,0.0,0.0,0.0,65.01,8.58,314.6,169.84,156.53,81.07,161.59,132.22,15.07,14.74,22.66,28.27,11.11
18.9987,0.0,0.0,0.0,33.44,8.58,292.49,144.76,168.08,71.5,168.19,157.52,17.6,19.03,37.73,44.33,13.86
19.0087,0.0,0.0,0.0,18.81,8.58,237.71,113.08,182.16,59.51,163.79,171.38,20.13,23.21,47.85,58.85,16.72
19.0187,0.0,0.0,0.0,14.63,8.58,154.55,72.82,198.88,50.27,163.79,176.11,20.13,27.5,57.97,78.1,22.33
19.0287,0.0,0.0,0.0,12.54,8.58,88.0,36.08,208.34,41.14,165.99,178.42,22.66,31.79,69.85,97.24,27.83
19.0387,0.0,0.0,0.0,10.45,8.58,42.35,18.04,175.12,38.83,170.28,185.46,25.19,35.97,79.53,113.96,33.44
19.0487,0.0,0.0,0.0,10.45,6.49,21.12,15.73,110.88,34.32,172.37,192.39,25.19,38.06,86.68,130.24,41.8
19.0587,0.0,0.0,0.0,8.36,6.49,14.74,13.53,71.61,32.01,176.55,197.12,27.72,42.35,93.83,141.9,53.02
19.0687,0.0,0.0,0.0,6.27,4.29,10.56,9.02,51.81,29.7,178.64,197.12,27.72,44.44,98.67,151.14,61.49
19.0787,0.0,0.0,0.0,6.27,0.0,8.47,6.71,40.59,29.7,180.73,199.43,30.14,46.53,103.4,160.49,73.15
19.0887,0.0,0.0,0.0,4.18,0.0,6.27,4.51,22.55,29.7,182.82,199.43,32.67,48.73,105.82,167.53,81.84
19.0987,0.0,0.0,0.0,4.18,0.0,4.18,0.0,4.51,27.39,182.82,199.43,32.67,50.82,110.66,174.79,90.53
19.1087,0.0,0.0,0.0,0.0,0.0,0.0,0.0,0.0,27.39,180.73,197.12,35.2,52.91,113.08,179.63,93.5
19.1187,0.0,0.0,0.0,0.0,0.0,0.0,0.0,0.0,25.08,178.64,194.81,35.2,55.11,115.5,187.0,102.19
19.1287,0.0,0.0,0.0,0.0,0.0,0.0,0.0,0.0,25.08,176.55,192.39,35.2,57.53,115.5,191.84,105.16
19.1387,0.0,0.0,0.0,0.0,0.0,0.0,0.0,0.0,22.88,170.28,190.08,37.73,60.06,118.03,194.37,110.99
19.1487,0.0,0.0,0.0,0.0,0.0,0.0,0.0,0.0,22.88,165.99,183.04,37.73,60.06,120.56,201.63,113.52
19.1587,0.0,0.0,0.0,0.0,0.0,0.0,0.0,0.0,22.88,159.39,178.42,40.26,62.59,123.09,204.05,116.05
19.1687,0.0,0.0,0.0,0.0,0.0,0.0,0.0,0.0,20.57,152.9,173.69,40.26,62.59,125.62,209.0,121.11
19.1787,0.0,0.0,0.0,0.0,0.0,0.0,0.0,0.0,20.57,146.41,166.76,40.26,65.12,125.62,211.42,123.64
19.1887,0.0,0.0,0.0,0.0,0.0,0.0,0.0,0.0,20.57,142.01,162.14,42.79,67.65,128.15,213.84,126.17
19.1987,0.0,0.0,0.0,0.0,0.0,0.0,0.0,0.0,20.57,137.72,157.52,42.79,70.18,130.68,218.68,128.7
19.2087,0.0,0.0,0.0,0.0,0.0,0.0,0.0,0.0,20.57,133.32,152.9,45.32,70.18,133.21,223.52,131.23
19.2187,0.0,0.0,0.0,0.0,0.0,0.0,0.0,0.0,18.26,129.03,145.97,45.32,72.71,138.27,228.36,133.76
19.2287,0.0,0.0,0.0,0.0,0.0,0.0,0.0,0.0,18.26,124.63,141.35,47.85,75.24,138.27,230.78,136.29
19.2387,0.0,0.0,0.0,0.0,0.0,0.0,0.0,0.0,18.26,118.14,134.53,50.38,77.77,140.8,235.51,141.35
19.2487,0.0,0.0,0.0,0.0,0.0,0.0,0.0,0.0,18.26,113.85,127.6,50.38,77.77,145.75,242.77,143.88
19.2587,0.0,0.0,0.0,0.0,0.0,0.0,0.0,0.0,18.26,107.47,122.98,52.91,80.3,148.28,245.19,148.94
19.2687,0.0,0.0,0.0,0.0,0.0,0.0,0.0,0.0,18.26,103.18,116.05,55.44,82.83,150.81,252.34,151.47
19.2787,0.0,0.0,0.0,0.0,0.0,0.0,0.0,0.0,18.26,96.8,109.45,55.44,85.25,153.34,257.18,154.0
19.2886,0.0,0.0,0.0,0.0,0.0,0.0,0.0,0.0,18.26,92.51,102.96,57.97,87.78,155.87,262.02,159.06
19.2986,0.0,0.0,0.0,0.0,0.0,0.0,0.0,0.0,15.95,86.13,98.56,60.39,87.78,160.93,264.33,161.59
19.3086,0.0,0.0,0.0,0.0,0.0,0.0,0.0,0.0,15.95,79.86,92.07,62.92,90.31,163.46,269.17,164.12
19.3186,0.0,0.0,0.0,0.0,0.0,0.0,0.0,0.0,15.95,75.57,83.38,62.92,92.84,168.52,274.01,169.18
19.3286,0.0,0.0,0.0,0.0,0.0,0.0,0.0,0.0,15.95,69.19,76.78,65.45,95.37,173.36,280.94,171.71
19.3386,0.0,0.0,0.0,0.0,0.0,0.0,0.0,0.0,15.95,62.81,68.09,67.98,95.37,175.67,285.56,174.24
19.3486,0.0,0.0,0.0,0.0,0.0,0.0,0.0,0.0,15.95,56.43,59.4,70.4,97.9,180.4,290.18,179.19
19.3586,0.0,0.0,0.0,0.0,0.0,0.0,0.0,0.0,15.95,50.16,53.13,72.93,100.43,185.13,292.49,184.25
19.3686,0.0,0.0,0.0,0.0,0.0,0.0,0.0,0.0,15.95,43.89,47.41,72.93,100.43,187.44,297.0,186.78
19.3786,0.0,0.0,0.0,0.0,0.0,0.0,0.0,0.0,13.64,35.53,41.8,75.46,100.43,192.17,301.62,191.73
19.3886,0.0,0.0,0.0,0.0,0.0,0.0,0.0,0.0,13.64,27.17,36.08,75.46,100.43,196.9,306.24,196.79
19.3986,18.59,0.0,0.0,0.0,0.0,0.0,0.0,0.0,13.64,18.81,28.49,77.99,102.96,201.63,310.86,201.85
19.4086,18.59,0.0,0.0,0.0,0.0,0.0,0.0,0.0,11.44,14.63,20.9,77.99,102.96,203.94,315.37,206.8
19.4186,24.75,0.0,0.0,0.0,0.0,0.0,0.0,0.0,9.13,10.45,15.18,75.46,100.43,208.67,319.99,214.39
19.4286,31.02,0.0,0.0,0.0,0.0,0.0,0.0,0.0,6.82,6.27,11.33,72.93,95.37,213.4,324.61,226.93
19.4386,37.18,0.0,0.0,0.0,0.0,0.0,0.0,0.0,4.51,6.27,9.46,65.45,87.78,218.13,326.92,233.86
19.4486,49.61,0.0,0.0,0.0,0.0,0.0,0.0,0.0,4.51,4.18,7.59,60.39,80.3,220.55,329.23,243.32
19.4586,122.32,0.0,0.0,0.0,0.0,0.0,0.0,0.0,4.51,4.18,5.61,52.91,70.18,225.39,326.92,250.36
19.4686,190.3,5.61,0.0,0.0,0.0,0.0,0.0,0.0,0.0,0.0,5.61,45.32,57.53,225.39,326.92,257.4
19.4786,166.1,102.19,3.85,0.0,0.0,0.0,0.0,0.0,0.0,0.0,5.61,35.2,46.53,225.39,324.61,264.44
19.4886,99.33,200.64,27.5,33.44,0.0,4.18,0.0,0.0,0.0,0.0,3.74,22.66,35.97,220.55,319.99,269.06
19.4986,68.75,231.77,86.24,54.34,10.78,31.79,6.71,6.71,0.0,0.0,3.74,7.48,23.21,208.67,313.17,273.79
19.5086,64.46,252.67,99.66,62.81,17.27,52.91,11.22,11.22,0.0,0.0,3.74,0.0,10.56,187.44,297.0,273.79
19.5186,51.7,256.85,104.06,67.1,25.96,71.5,22.55,13.53,0.0,0.0,0.0,0.0,6.27,153.34,264.33,273.79
19.5286,43.45,261.03,101.86,73.48,28.16,85.58,29.26,15.73,0.0,0.0,0.0,0.0,6.27,108.24,216.26,273.79
19.5386,37.18,267.3,97.46,79.75,30.36,99.66,36.08,18.04,0.0,0.0,0.0,0.0,6.27,74.69,155.87,271.48
19.5486,33.11,281.93,84.04,86.13,30.36,109.12,40.59,20.24,0.0,0.0,0.0,0.0,6.27,45.32,92.4,266.75
19.5586,31.02,294.36,77.33,92.51,32.56,113.85,45.1,22.55,0.0,0.0,0.0,0.0,6.27,17.6,36.3,240.9
19.5686,31.02,302.61,75.13,98.89,34.65,121.0,47.3,22.55,0.0,0.0,0.0,0.0,6.27,10.01,16.06,156.53
19.5786,28.93,306.79,70.62,105.27,34.65,128.15,51.81,24.75,0.0,0.0,0.0,0.0,4.18,7.48,14.08,102.19
19.5886,26.84,312.95,61.71,113.63,36.85,135.41,54.12,24.75,0.0,0.0,0.0,0.0,4.18,4.95,10.01,81.84
19.5986,26.84,317.02,57.31,119.9,39.05,142.56,58.63,27.06,0.0,0.0,0.0,0.0,4.18,0.0,8.03,70.18
19.6086,24.75,317.02,51.15,126.06,41.25,147.29,63.36,27.06,0.0,0.0,0.0,0.0,0.0,0.0,3.96,53.02
19.6186,24.75,315.04,49.17,130.24,43.34,152.13,65.67,29.26,0.0,0.0,0.0,0.0,0.0,0.0,0.0,22.33
19.6286,22.77,310.86,45.21,136.4,45.54,159.28,72.82,29.26,0.0,0.0,0.0,0.0,0.0,0.0,0.0,5.5
19.6386,24.75,304.7,45.21,142.67,47.74,164.12,77.55,31.57,0.0,0.0,0.0,0.0,0.0,0.0,0.0,0.0
19.6486,22.77,298.43,43.23,146.74,49.94,168.96,79.86,31.57,0.0,0.0,0.0,0.0,0.0,0.0,0.0,0.0
19.6586,22.77,290.18,39.27,153.01,52.03,173.47,84.59,33.77,0.0,0.0,0.0,0.0,0.0,0.0,0.0,0.0
19.6686,20.68,281.93,33.44,159.17,54.23,178.09,87.01,33.77,0.0,0.0,0.0,0.0,0.0,0.0,0.0,0.0
19.6786,20.68,273.57,29.48,165.44,54.23,182.71,89.32,33.77,0.0,0.0,0.0,0.0,0.0,0.0,0.0,0.0
19.6886,20.68,265.21,25.52,171.71,56.43,187.22,91.74,36.08,0.0,0.0,0.0,0.0,0.0,0.0,0.0,0.0
19.6986,20.68,254.76,19.58,178.09,56.43,191.84,94.05,36.08,0.0,0.0,0.0,0.0,0.0,0.0,0.0,0.0
19.7086,20.68,244.31,17.71,184.47,56.43,196.46,94.05,36.08,0.0,0.0,0.0,0.0,0.0,0.0,0.0,0.0
19.7186,18.59,233.86,13.75,192.94,56.43,200.97,96.47,36.08,0.0,0.0,0.0,0.0,0.0,0.0,0.0,0.0
19.7286,18.59,223.41,11.77,199.32,56.43,203.28,96.47,38.28,0.0,0.0,0.0,0.0,0.0,0.0,0.0,0.0
19.7386,18.59,210.98,9.79,205.7,56.43,207.9,98.78,38.28,0.0,0.0,0.0,0.0,0.0,0.0,0.0,0.0
19.7486,18.59,200.64,9.79,212.08,56.43,212.41,98.78,38.28,0.0,0.0,0.0,0.0,0.0,0.0,0.0,0.0
19.7586,16.5,190.19,9.79,218.46,58.63,217.03,101.2,40.59,0.0,0.0,0.0,0.0,0.0,0.0,0.0,0.0
19.7686,16.5,179.85,9.79,224.84,56.43,219.34,103.51,40.59,0.0,0.0,0.0,0.0,0.0,0.0,0.0,0.0
19.7786,16.5,169.51,7.81,230.56,58.63,223.96,103.51,40.59,0.0,0.0,0.0,0.0,0.0,0.0,0.0,0.0
19.7886,16.5,160.82,7.81,234.3,58.63,228.47,105.93,40.59,0.0,0.0,0.0,0.0,0.0,0.0,0.0,0.0
19.7986,16.5,149.82,7.81,240.02,58.63,230.78,108.24,42.79,0.0,0.0,0.0,0.0,0.0,0.0,0.0,0.0
19.8086,16.5,141.02,7.81,243.87,58.63,235.4,110.66,42.79,0.0,0.0,0.0,0.0,0.0,0.0,0.0,0.0
19.8186,14.41,132.22,7.81,249.59,58.63,237.71,110.66,42.79,0.0,0.0,0.0,0.0,0.0,0.0,0.0,0.0
19.8286,14.41,123.42,7.81,255.31,60.72,242.33,113.08,45.1,0.0,0.0,0.0,0.0,0.0,0.0,0.0,0.0
19.8386,14.41,114.62,7.81,261.14,60.72,246.95,115.28,45.1,0.0,0.0,0.0,0.0,0.0,0.0,0.0,0.0
19.8486,14.41,106.15,7.81,266.86,60.72,251.57,117.59,45.1,0.0,0.0,0.0,0.0,0.0,0.0,0.0,0.0
19.8586,14.41,98.23,7.81,272.58,60.72,256.19,119.79,47.3,0.0,0.0,0.0,0.0,0.0,0.0,0.0,0.0
19.8686,14.41,90.31,5.83,278.52,60.72,260.81,122.1,47.3,0.0,0.0,0.0,0.0,0.0,0.0,0.0,0.0
19.8786,14.41,80.3,5.83,284.9,62.92,267.74,124.41,49.61,0.0,0.0,0.0,0.0,0.0,0.0,0.0,0.0
19.8886,14.41,70.4,5.83,291.17,62.92,272.36,126.61,49.61,0.0,0.0,0.0,0.0,0.0,0.0,0.0,0.0
19.8986,14.41,60.5,5.83,297.55,62.92,276.98,128.92,51.81,0.0,0.0,0.0,0.0,0.0,0.0,0.0,0.0
19.9086,12.32,48.95,5.83,301.84,62.92,281.49,131.23,51.81,0.0,0.0,0.0,0.0,0.0,0.0,0.0,0.0
19.9186,12.32,39.49,5.83,306.02,65.01,285.89,135.74,54.12,0.0,0.0,0.0,0.0,0.0,0.0,0.0,0.0
19.9286,10.34,28.16,5.83,308.22,65.01,290.29,140.25,54.12,0.0,0.0,0.0,0.0,0.0,0.0,0.0,0.0
19.9386,10.34,18.81,5.83,306.02,67.21,294.69,144.76,56.32,0.0,0.0,0.0,0.0,0.0,0.0,0.0,0.0
19.9486,8.25,15.07,3.85,299.75,65.01,301.29,149.38,58.63,0.0,0.0,0.0,0.0,0.0,0.0,0.0,0.0
19.9586,6.16,13.09,3.85,291.17,65.01,305.8,153.89,60.72,0.0,0.0,0.0,0.0,0.0,0.0,0.0,0.0
19.9686,6.16,11.22,3.85,280.61,60.72,310.2,158.4,62.92,15.95,0.0,0.0,0.0,0.0,0.0,0.0,0.0
19.9786,6.16,9.35,0.0,270.6,58.63,316.8,162.91,67.32,20.57,0.0,0.0,0.0,0.0,0.0,0.0,0.0
19.9886,4.07,7.48,0.0,259.16,54.23,321.2,165.22,69.41,32.01,0.0,0.0,0.0,0.0,0.0,0.0,0.0
19.9986,4.07,7.48,0.0,249.59,49.94,327.8,167.53,76.01,41.14,0.0,0.0,0.0,0.0,0.0,0.0,0.0
20.0086,0.0,5.61,0.0,238.15,43.34,332.42,169.84,80.3,52.58,0.0,0.0,0.0,0.0,0.0,0.0,0.0
20.0186,0.0,5.61,0.0,226.71,39.05,337.15,172.15,86.9,100.1,0.0,0.0,0.0,0.0,0.0,0.0,0.0
20.0286,0.0,3.74,0.0,212.08,32.56,339.46,172.15,93.39,123.53,0.0,3.74,0.0,0.0,0.0,0.0,0.0
20.0386,0.0,3.74,0.0,192.94,23.87,341.77,174.46,99.99,153.12,0.0,3.74,0.0,0.0,0.0,0.0,0.0
20.0486,0.0,0.0,0.0,169.62,17.27,341.77,174.46,108.68,218.13,6.27,7.59,0.0,0.0,0.0,0.0,0.0
20.0586,0.0,0.0,0.0,142.67,12.98,339.46,174.46,117.59,187.77,69.19,55.11,0.0,0.0,0.0,0.0,0.0
20.0686,0.0,0.0,0.0,111.65,8.58,330.11,169.84,126.83,116.71,150.7,102.96,4.95,4.18,0.0,3.96,5.5
20.0786,0.0,0.0,0.0,75.57,8.58,316.8,158.4,138.27,78.65,180.73,141.35,12.54,14.74,20.13,28.27,11.11
20.0886,0.0,0.0,0.0,35.53,8.58,292.49,135.74,152.02,69.08,184.91,150.59,17.6,19.03,32.67,42.35,13.86
20.0986,0.0,0.0,0.0,20.9,8.58,233.09,101.2,175.12,57.2,184.91,159.83,20.13,23.21,45.32,54.45,19.47
20.1086,0.0,0.0,0.0,16.72,10.78,142.56,60.94,191.73,45.76,191.18,159.83,22.66,25.41,57.97,68.42,22.33
20.1186,0.0,0.0,0.0,14.63,8.58,80.85,45.1,196.46,38.83,199.54,162.14,25.19,29.59,69.85,82.83,27.83
20.1286,0.0,0.0,0.0,12.54,8.58,35.97,20.24,156.53,36.52,205.81,164.45,27.72,33.88,79.53,97.24,30.69
20.1386,0.0,0.0,0.0,10.45,6.49,21.12,15.73,97.79,34.32,214.17,169.07,32.67,35.97,89.1,109.23,36.19
20.1486,0.0,0.0,0.0,10.45,6.49,16.94,11.22,65.12,32.01,222.64,169.07,35.2,38.06,96.25,118.58,39.05
20.1586,0.0,0.0,0.0,8.36,4.29,12.65,9.02,47.3,29.7,228.69,166.76,37.73,40.26,105.82,125.62,44.66
20.1686,0.0,0.0,0.0,6.27,0.0,8.47,6.71,36.08,27.39,234.85,164.45,40.26,42.35,113.08,132.55,47.41
20.1786,0.0,0.0,0.0,6.27,0.0,6.27,0.0,18.04,27.39,238.92,159.83,45.32,44.44,120.56,139.59,53.02
20.1886,0.0,0.0,0.0,4.18,0.0,4.18,0.0,0.0,25.08,242.99,152.9,47.85,44.44,125.62,144.21,58.63
20.1986,0.0,0.0,0.0,4.18,0.0,4.18,0.0,0.0,25.08,242.99,148.28,50.38,46.53,133.21,148.83,61.49
20.2086,0.0,0.0,0.0,4.18,0.0,0.0,0.0,0.0,22.88,242.99,143.66,52.91,48.73,135.74,153.56,67.32
20.2186,0.0,0.0,0.0,0.0,0.0,4.18,0.0,0.0,22.88,240.9,139.15,55.44,50.82,140.8,158.18,70.18
20.2286,0.0,0.0,0.0,0.0,0.0,0.0,0.0,0.0,20.57,236.83,134.53,57.97,52.91,143.22,162.8,76.01
20.2386,0.0,0.0,0.0,0.0,0.0,0.0,0.0,0.0,20.57,232.76,127.6,60.39,52.91,145.75,167.53,78.98
20.2486,0.0,0.0,0.0,0.0,0.0,0.0,0.0,0.0,20.57,226.71,122.98,60.39,55.11,148.28,169.95,81.84
20.2586,0.0,0.0,0.0,0.0,0.0,0.0,0.0,0.0,20.57,220.44,120.67,62.92,57.53,150.81,172.37,81.84
20.2686,0.0,0.0,0.0,0.0,0.0,0.0,0.0,0.0,18.26,214.17,113.85,62.92,57.53,153.34,177.21,84.81
20.2786,0.0,0.0,0.0,0.0,0.0,0.0,0.0,0.0,18.26,209.99,111.65,65.45,60.06,155.87,179.63,84.81
20.2886,0.0,0.0,0.0,0.0,0.0,0.0,0.0,0.0,18.26,203.72,109.45,65.45,62.59,155.87,182.16,87.67
20.2986,0.0,0.0,0.0,0.0,0.0,0.0,0.0,0.0,18.26,199.54,105.05,67.98,62.59,158.4,184.58,90.53
20.3086,0.0,0.0,0.0,0.0,0.0,0.0,0.0,0.0,18.26,195.36,100.76,67.98,65.12,160.93,189.42,93.5
20.3186,0.0,0.0,0.0,0.0,0.0,0.0,0.0,0.0,18.26,191.18,98.56,70.4,65.12,160.93,191.84,93.5
20.3286,0.0,0.0,0.0,0.0,0.0,0.0,0.0,0.0,18.26,184.91,94.27,70.4,67.65,163.46,194.37,96.36
20.3386,0.0,0.0,0.0,0.0,0.0,0.0,0.0,0.0,15.95,178.64,89.87,72.93,67.65,165.99,196.79,99.33
20.3486,0.0,0.0,0.0,0.0,0.0,0.0,0.0,0.0,15.95,174.46,83.38,75.46,70.18,168.52,199.21,99.33
20.3586,0.0,0.0,0.0,0.0,0.0,0.0,0.0,0.0,15.95,168.19,78.98,75.46,72.71,171.05,204.05,102.19
20.3686,0.0,0.0,0.0,0.0,0.0,0.0,0.0,0.0,15.95,161.59,74.69,77.99,72.71,173.36,206.47,108.02
20.3786,0.0,0.0,0.0,0.0,0.0,0.0,0.0,0.0,15.95,155.1,70.29,80.41,75.24,175.67,211.42,110.99
20.3886,0.0,0.0,0.0,0.0,0.0,0.0,0.0,0.0,15.95,148.61,63.8,82.94,77.77,180.4,216.26,113.52
20.3986,0.0,0.0,0.0,0.0,0.0,0.0,0.0,0.0,15.95,142.01,57.2,85.47,80.3,182.82,221.21,118.58
20.4086,0.0,0.0,0.0,0.0,0.0,0.0,0.0,0.0,15.95,133.32,51.26,88.0,82.83,187.44,225.94,123.64
20.4186,0.0,0.0,0.0,0.0,0.0,0.0,0.0,0.0,15.95,124.63,45.54,92.95,82.83,192.17,230.78,128.7
20.4286,0.0,0.0,0.0,0.0,0.0,0.0,0.0,0.0,15.95,118.14,37.95,95.48,85.25,196.9,237.93,133.76
20.4386,0.0,0.0,0.0,0.0,0.0,0.0,0.0,0.0,15.95,109.56,32.23,98.01,85.25,201.63,242.77,136.29
20.4486,0.0,0.0,0.0,0.0,0.0,0.0,0.0,0.0,13.64,98.89,26.51,100.54,87.78,206.36,247.61,141.35
20.4586,0.0,0.0,0.0,0.0,0.0,0.0,0.0,0.0,13.64,86.13,20.9,105.49,87.78,211.09,254.76,148.94
20.4686,0.0,0.0,0.0,0.0,0.0,0.0,0.0,0.0,13.64,73.48,18.92,108.02,87.78,218.13,259.6,154.0
20.4786,0.0,0.0,0.0,0.0,0.0,0.0,0.0,0.0,13.64,58.63,17.05,110.55,87.78,225.39,264.33,159.06
20.4886,0.0,0.0,0.0,0.0,0.0,0.0,0.0,0.0,13.64,43.89,15.18,115.5,87.78,232.76,269.17,164.12
20.4986,0.0,0.0,0.0,0.0,0.0,0.0,0.0,0.0,11.44,29.26,13.2,118.03,87.78,237.6,274.01,171.71
20.5086,4.07,0.0,0.0,0.0,0.0,0.0,0.0,0.0,9.13,20.9,11.33,115.5,85.25,244.97,278.63,179.19
20.5186,6.16,0.0,0.0,0.0,0.0,0.0,0.0,0.0,6.82,14.63,9.46,115.5,82.83,252.34,283.25,186.78
20.5286,16.5,0.0,0.0,0.0,0.0,0.0,0.0,0.0,6.82,10.45,7.59,110.55,77.77,257.18,287.87,196.79
20.5386,26.84,0.0,0.0,0.0,0.0,0.0,0.0,0.0,4.51,8.36,7.59,105.49,72.71,262.13,290.18,204.27
20.5486,37.18,0.0,0.0,0.0,0.0,0.0,0.0,0.0,4.51,6.27,5.61,98.01,65.12,266.97,294.8,214.39
20.5586,57.97,0.0,0.0,0.0,0.0,0.0,0.0,0.0,0.0,6.27,3.74,90.53,57.53,269.5,294.8,221.87
20.5686,79.64,0.0,0.0,0.0,0.0,0.0,0.0,0.0,0.0,4.18,3.74,82.94,50.82,274.34,297.0,229.24
20.5786,88.44,0.0,0.0,0.0,0.0,0.0,0.0,0.0,0.0,4.18,3.74,75.46,42.35,276.76,297.0,236.28
20.5886,103.62,0.0,0.0,0.0,0.0,0.0,0.0,0.0,0.0,4.18,0.0,65.45,35.97,281.71,297.0,245.63
20.5986,138.16,0.0,0.0,0.0,0.0,0.0,0.0,0.0,0.0,0.0,0.0,50.38,29.59,281.71,297.0,252.67
20.6086,196.46,7.48,0.0,0.0,0.0,0.0,0.0,0.0,0.0,0.0,0.0,37.73,21.12,279.29,292.49,262.02
20.6186,180.18,102.19,0.0,0.0,0.0,0.0,0.0,0.0,0.0,0.0,0.0,22.66,12.65,276.76,287.87,266.75
20.6286,116.38,206.8,11.77,31.35,0.0,4.18,0.0,0.0,0.0,0.0,0.0,10.01,8.47,266.97,274.01,271.48
20.6386,86.24,227.59,88.55,54.34,19.47,33.88,9.02,9.02,0.0,0.0,0.0,4.95,8.47,249.92,252.34,278.52
20.6486,86.24,248.49,115.28,60.72,28.16,50.82,22.55,11.22,0.0,0.0,0.0,4.95,8.47,218.13,216.26,283.47
20.6586,75.35,248.49,126.28,62.81,34.65,64.46,38.28,15.73,0.0,0.0,0.0,4.95,10.56,178.09,165.11,286.0
20.6686,68.75,246.4,128.48,65.01,39.05,73.81,47.3,15.73,0.0,0.0,0.0,4.95,10.56,130.68,111.65,291.06
20.6786,62.26,246.4,132.88,67.1,43.34,83.27,58.63,18.04,0.0,0.0,0.0,4.95,10.56,91.41,58.85,283.47
20.6886,57.97,250.58,135.08,69.19,45.54,90.31,68.09,20.24,0.0,0.0,0.0,4.95,10.56,42.79,28.27,238.59
20.6986,55.88,256.85,137.28,73.48,49.94,97.35,75.13,22.55,0.0,0.0,0.0,4.95,8.47,17.6,22.11,154.0
20.7086,53.79,263.12,135.08,75.57,52.03,104.39,82.28,22.55,0.0,0.0,0.0,4.95,8.47,15.07,18.15,113.52
20.7185,49.61,269.39,132.88,79.75,54.23,113.85,89.32,24.75,0.0,0.0,0.0,4.95,6.27,10.01,14.08,99.33
20.7285,47.52,273.57,126.28,86.13,56.43,121.0,94.05,27.06,0.0,0.0,0.0,4.95,4.18,7.48,10.01,90.53
20.7385,43.45,279.95,119.68,90.42,58.63,128.15,98.78,27.06,0.0,0.0,0.0,0.0,4.18,4.95,6.05,61.49
20.7485,41.36,281.93,113.08,96.8,60.72,135.41,105.93,29.26,0.0,0.0,0.0,0.0,0.0,0.0,3.96,22.33
20.7585,39.27,281.93,106.37,103.07,62.92,142.56,110.66,31.57,0.0,0.0,0.0,0.0,0.0,0.0,0.0,5.5
20.7685,37.18,277.75,101.86,107.36,65.01,149.71,115.28,31.57,0.0,0.0,0.0,0.0,0.0,0.0,0.0,0.0
20.7785,35.09,271.48,97.46,113.63,69.3,154.55,122.1,33.77,0.0,0.0,0.0,0.0,0.0,0.0,0.0,0.0
20.7885,33.11,261.03,92.95,117.81,71.5,161.7,126.61,36.08,0.0,0.0,0.0,0.0,0.0,0.0,0.0,0.0
20.7985,31.02,252.67,86.24,123.97,73.59,166.54,131.23,36.08,0.0,0.0,0.0,0.0,0.0,0.0,0.0,0.0
20.8085,28.93,242.22,77.33,130.24,75.79,171.16,135.74,38.28,0.0,0.0,0.0,0.0,0.0,0.0,0.0,0.0
20.8185,26.84,229.68,68.42,134.31,77.88,178.09,140.25,40.59,0.0,0.0,0.0,0.0,0.0,0.0,0.0,0.0
20.8285,24.75,217.14,59.51,140.58,80.08,182.71,144.76,40.59,0.0,0.0,0.0,0.0,0.0,0.0,0.0,0.0
20.8385,24.75,204.71,53.13,144.76,82.17,187.22,149.38,42.79,0.0,0.0,0.0,0.0,0.0,0.0,0.0,0.0
20.8485,22.77,194.37,47.19,150.92,84.37,191.84,153.89,45.1,0.0,0.0,0.0,0.0,0.0,0.0,0.0,0.0
20.8585,22.77,181.94,39.27,157.08,86.57,198.66,158.4,45.1,0.0,0.0,0.0,0.0,0.0,0.0,0.0,0.0
20.8685,22.77,171.6,35.42,161.26,88.66,203.28,162.91,47.3,0.0,0.0,0.0,0.0,0.0,0.0,0.0,0.0
20.8785,20.68,160.82,29.48,167.53,90.86,207.9,169.84,49.61,0.0,0.0,0.0,0.0,0.0,0.0,0.0,0.0
20.8885,20.68,149.82,25.52,171.71,92.95,214.72,174.46,51.81,0.0,0.0,0.0,0.0,0.0,0.0,0.0,0.0
20.8985,20.68,141.02,21.56,178.09,95.15,219.34,179.08,54.12,0.0,0.0,0.0,0.0,0.0,0.0,0.0,0.0
20.9085,18.59,130.02,17.71,182.38,95.15,223.96,183.81,56.32,0.0,0.0,0.0,0.0,0.0,0.0,0.0,0.0
20.9185,18.59,116.82,15.73,186.56,97.24,228.47,188.43,58.63,0.0,0.0,0.0,0.0,0.0,0.0,0.0,0.0
20.9285,18.59,104.17,11.77,192.94,97.24,233.09,190.74,60.72,0.0,0.0,0.0,0.0,0.0,0.0,0.0,0.0
20.9385,16.5,92.29,11.77,197.23,97.24,237.71,195.47,62.92,0.0,0.0,0.0,0.0,0.0,0.0,0.0,0.0
20.9485,16.5,80.3,9.79,201.41,97.24,242.33,197.78,62.92,0.0,0.0,0.0,0.0,0.0,0.0,0.0,0.0
20.9585,16.5,68.42,9.79,205.7,97.24,246.95,200.09,65.12,0.0,0.0,0.0,0.0,0.0,0.0,0.0,0.0
20.9685,14.41,56.54,7.81,209.88,97.24,253.88,202.4,67.32,0.0,0.0,0.0,0.0,0.0,0.0,0.0,0.0
20.9785,14.41,45.21,7.81,214.17,97.24,258.5,204.71,69.41,0.0,0.0,0.0,0.0,0.0,0.0,0.0,0.0
20.9885,14.41,35.75,7.81,218.46,95.15,263.12,207.02,69.41,0.0,0.0,0.0,0.0,0.0,0.0,0.0,0.0
20.9985,12.32,26.29,5.83,220.55,95.15,267.74,209.44,71.61,0.0,0.0,0.0,0.0,0.0,0.0,0.0,0.0
21.0085,10.34,18.81,5.83,220.55,95.15,274.67,214.06,73.81,0.0,0.0,0.0,0.0,0.0,0.0,0.0,0.0
21.0185,10.34,15.07,5.83,218.46,92.95,279.29,216.37,76.01,0.0,0.0,0.0,0.0,0.0,0.0,0.0,0.0
21.0285,8.25,13.09,3.85,214.17,90.86,283.69,218.68,80.3,0.0,0.0,0.0,0.0,0.0,0.0,0.0,0.0
21.0385,6.16,11.22,3.85,207.79,86.57,288.09,220.99,82.5,0.0,0.0,0.0,0.0,0.0,0.0,0.0,0.0
21.0485,6.16,9.35,0.0,201.41,82.17,292.49,223.41,86.9,0.0,0.0,0.0,0.0,0.0,0.0,0.0,0.0
21.0585,4.07,7.48,0.0,192.94,77.88,296.89,227.92,93.39,15.95,0.0,0.0,0.0,0.0,0.0,0.0,0.0
21.0685,4.07,7.48,0.0,184.47,73.59,301.29,227.92,97.79,25.08,0.0,0.0,0.0,0.0,0.0,0.0,0.0
21.0785,0.0,5.61,0.0,176.0,69.3,305.8,230.23,102.08,34.32,0.0,0.0,0.0,0.0,0.0,0.0,0.0
21.0885,0.0,3.74,0.0,167.53,62.92,308.0,232.54,108.68,43.45,0.0,0.0,0.0,0.0,0.0,0.0,0.0
21.0985,0.0,3.74,0.0,159.17,56.43,312.4,232.54,113.08,54.89,0.0,0.0,0.0,0.0,0.0,0.0,0.0
21.1085,0.0,3.74,0.0,148.83,49.94,314.6,232.54,119.9,61.93,0.0,0.0,0.0,0.0,0.0,0.0,0.0
21.1185,0.0,3.74,0.0,138.49,43.34,319.0,232.54,124.52,76.23,0.0,0.0,0.0,0.0,0.0,0.0,0.0
21.1285,0.0,0.0,0.0,128.15,34.65,323.4,230.23,131.34,130.35,0.0,0.0,0.0,0.0,0.0,0.0,0.0
21.1385,0.0,0.0,0.0,113.63,25.96,325.6,227.92,135.96,146.3,0.0,0.0,0.0,0.0,0.0,0.0,0.0
21.1485,0.0,0.0,0.0,98.89,17.27,325.6,225.61,142.78,199.43,0.0,3.74,0.0,0.0,0.0,0.0,0.0
21.1585,0.0,0.0,0.0,79.75,12.98,321.2,218.68,149.71,245.96,29.26,18.92,0.0,0.0,0.0,0.0,0.0
21.1685,0.0,0.0,0.0,56.54,8.58,312.4,209.44,158.84,146.3,115.94,98.56,0.0,0.0,0.0,0.0,0.0
21.1785,0.0,0.0,0.0,29.26,8.58,294.69,193.05,168.08,97.79,176.55,145.97,20.13,14.74,27.72,28.27,8.36
21.1885,0.0,0.0,0.0,16.72,10.78,256.19,162.91,182.16,88.22,176.55,164.45,22.66,23.21,42.79,48.4,13.86
21.1985,0.0,0.0,0.0,12.54,10.78,189.53,126.61,201.19,71.5,170.28,173.69,25.19,27.5,57.97,70.84,19.47
21.2085,0.0,0.0,0.0,12.54,10.78,118.58,89.32,217.8,52.58,168.19,171.38,30.14,31.79,74.69,92.4,22.33
21.2185,0.0,0.0,0.0,10.45,10.78,71.5,45.1,231.99,41.14,168.19,171.38,32.67,38.06,89.1,113.96,30.69
21.2285,0.0,0.0,0.0,8.36,8.58,29.59,22.55,194.04,36.52,172.37,173.69,35.2,42.35,101.09,132.55,41.8
21.2385,0.0,0.0,0.0,8.36,6.49,19.03,18.04,113.08,34.32,174.46,176.11,40.26,46.53,110.66,146.52,50.16
21.2485,0.0,0.0,0.0,6.27,6.49,14.74,15.73,69.41,32.01,174.46,178.42,42.79,48.73,115.5,158.18,61.49
21.2585,0.0,0.0,0.0,6.27,4.29,12.65,11.22,49.61,29.7,174.46,178.42,45.32,52.91,123.09,167.53,73.15
21.2685,0.0,0.0,0.0,4.18,0.0,8.47,6.71,42.79,27.39,174.46,173.69,47.85,55.11,130.68,177.21,81.84
21.2785,0.0,0.0,0.0,4.18,0.0,6.27,4.51,22.55,25.08,174.46,169.07,50.38,60.06,135.74,184.58,90.53
21.2885,0.0,0.0,0.0,0.0,0.0,4.18,0.0,0.0,25.08,174.46,164.45,52.91,62.59,140.8,191.84,99.33
21.2985,0.0,0.0,0.0,0.0,0.0,0.0,0.0,0.0,22.88,174.46,157.52,55.44,62.59,145.75,199.21,105.16
21.3085,0.0,0.0,0.0,0.0,0.0,0.0,0.0,0.0,22.88,172.37,148.28,57.97,65.12,150.81,204.05,110.99
21.3185,0.0,0.0,0.0,0.0,0.0,0.0,0.0,0.0,20.57,168.19,141.35,62.92,67.65,155.87,206.47,113.52
21.3285,0.0,0.0,0.0,0.0,0.0,0.0,0.0,0.0,20.57,165.99,129.91,65.45,70.18,160.93,211.42,118.58
21.3385,0.0,0.0,0.0,0.0,0.0,0.0,0.0,0.0,20.57,159.39,120.67,67.98,72.71,165.99,213.84,121.11
21.3485,0.0,0.0,0.0,0.0,0.0,0.0,0.0,0.0,20.57,150.7,111.65,70.4,75.24,171.05,218.68,123.64
21.3585,0.0,0.0,0.0,0.0,0.0,0.0,0.0,0.0,18.26,142.01,102.96,72.93,77.77,175.67,223.52,128.7
21.3685,0.0,0.0,0.0,0.0,0.0,0.0,0.0,0.0,18.26,133.32,92.07,75.46,77.77,178.09,225.94,128.7
21.3785,0.0,0.0,0.0,0.0,0.0,0.0,0.0,0.0,18.26,126.83,83.38,80.41,80.3,182.82,230.78,131.23
21.3885,0.0,0.0,0.0,0.0,0.0,0.0,0.0,0.0,18.26,120.34,72.49,82.94,80.3,187.44,233.2,136.29
21.3985,0.0,0.0,0.0,0.0,0.0,0.0,0.0,0.0,18.26,113.85,65.89,85.47,82.83,189.86,237.93,138.82
21.4085,0.0,0.0,0.0,0.0,0.0,0.0,0.0,0.0,15.95,107.47,57.2,88.0,85.25,194.59,242.77,143.88
21.4185,0.0,0.0,0.0,0.0,0.0,0.0,0.0,0.0,15.95,103.18,53.13,90.53,87.78,196.9,247.61,146.41
21.4285,0.0,0.0,0.0,0.0,0.0,0.0,0.0,0.0,15.95,96.8,47.41,92.95,87.78,201.63,249.92,151.47
21.4385,0.0,0.0,0.0,0.0,0.0,0.0,0.0,0.0,15.95,90.42,41.8,92.95,90.31,203.94,254.76,156.53
21.4485,0.0,0.0,0.0,0.0,0.0,0.0,0.0,0.0,15.95,86.13,37.95,95.48,90.31,206.36,259.6,159.06
21.4585,0.0,0.0,0.0,0.0,0.0,0.0,0.0,0.0,15.95,77.66,32.23,98.01,90.31,211.09,264.33,164.12
21.4685,0.0,0.0,0.0,0.0,0.0,0.0,0.0,0.0,15.95,69.19,26.51,100.54,92.84,215.82,269.17,166.76
21.4785,0.0,0.0,0.0,0.0,0.0,0.0,0.0,0.0,15.95,58.63,22.77,102.96,92.84,218.13,274.01,171.71
21.4885,0.0,0.0,0.0,0.0,0.0,0.0,0.0,0.0,13.64,50.16,18.92,105.49,92.84,222.97,276.43,176.77
21.4985,0.0,0.0,0.0,0.0,0.0,0.0,0.0,0.0,13.64,39.71,17.05,108.02,92.84,227.81,280.94,179.19
21.5085,0.0,0.0,0.0,0.0,0.0,0.0,0.0,0.0,13.64,29.26,15.18,110.55,92.84,232.76,285.56,184.25
21.5185,0.0,0.0,0.0,0.0,0.0,0.0,0.0,0.0,13.64,20.9,13.2,110.55,90.31,237.6,287.87,189.31
21.5285,0.0,0.0,0.0,0.0,0.0,0.0,0.0,0.0,11.44,14.63,11.33,110.55,90.31,242.55,292.49,194.26
21.5385,0.0,0.0,0.0,0.0,0.0,0.0,0.0,0.0,9.13,10.45,9.46,108.02,87.78,247.39,297.0,201.85
21.5485,0.0,0.0,0.0,0.0,0.0,0.0,0.0,0.0,6.82,8.36,9.46,105.49,85.25,252.34,299.31,209.33
21.5585,0.0,0.0,0.0,0.0,0.0,0.0,0.0,0.0,6.82,6.27,7.59,100.54,80.3,257.18,303.93,216.81
21.5685,0.0,0.0,0.0,0.0,0.0,0.0,0.0,0.0,4.51,6.27,5.61,98.01,75.24,259.71,308.55,224.4
21.5785,0.0,0.0,0.0,0.0,0.0,0.0,0.0,0.0,4.51,4.18,5.61,92.95,70.18,264.55,308.55,231.55
21.5885,0.0,0.0,0.0,0.0,0.0,0.0,0.0,0.0,0.0,4.18,3.74,85.47,65.12,266.97,313.17,236.28
21.5985,4.07,0.0,0.0,0.0,0.0,0.0,0.0,0.0,0.0,0.0,3.74,80.41,57.53,271.92,313.17,243.32
21.6085,8.25,0.0,0.0,0.0,0.0,0.0,0.0,0.0,0.0,0.0,3.74,75.46,50.82,274.34,315.37,250.36
21.6185,12.32,0.0,0.0,0.0,0.0,0.0,0.0,0.0,0.0,0.0,3.74,67.98,44.44,276.76,315.37,257.4
21.6285,24.75,0.0,0.0,0.0,0.0,0.0,0.0,0.0,0.0,0.0,0.0,60.39,40.26,279.29,317.68,262.02
21.6385,37.18,0.0,0.0,0.0,0.0,0.0,0.0,0.0,0.0,0.0,0.0,52.91,31.79,281.71,315.37,269.06
21.6485,45.54,0.0,0.0,0.0,0.0,0.0,0.0,0.0,0.0,0.0,0.0,42.79,25.41,284.13,313.17,276.1
21.6585,75.35,0.0,0.0,0.0,0.0,0.0,0.0,0.0,0.0,0.0,0.0,32.67,19.03,286.55,308.55,280.94
21.6685,118.36,0.0,0.0,0.0,0.0,0.0,0.0,0.0,0.0,0.0,0.0,20.13,12.65,286.55,303.93,288.53
21.6785,146.19,0.0,0.0,0.0,0.0,0.0,0.0,0.0,0.0,0.0,0.0,10.01,8.47,281.71,294.8,293.59
21.6885,200.53,3.74,0.0,0.0,0.0,0.0,0.0,0.0,0.0,0.0,0.0,4.95,8.47,266.97,280.94,301.18
21.6985,238.92,58.52,0.0,0.0,0.0,0.0,0.0,0.0,0.0,0.0,0.0,0.0,8.47,244.97,257.18,306.24
21.7085,168.08,204.71,3.85,0.0,0.0,0.0,0.0,0.0,0.0,0.0,0.0,0.0,8.47,227.81,228.36,311.3
21.7185,108.02,277.75,55.11,43.89,0.0,6.27,0.0,0.0,0.0,0.0,0.0,4.95,10.56,180.4,184.58,318.89
21.7285,75.35,290.18,135.08,67.1,19.47,50.82,11.22,9.02,0.0,0.0,0.0,4.95,10.56,138.27,134.86,321.42
21.7385,68.75,294.36,159.28,71.28,25.96,71.5,24.75,15.73,0.0,0.0,0.0,4.95,10.56,98.67,78.1,321.42
21.7485,55.88,290.18,168.19,75.57,32.56,88.0,42.79,18.04,0.0,0.0,0.0,4.95,10.56,52.91,34.32,283.47
21.7585,47.52,290.18,168.19,79.75,36.85,102.08,56.32,22.55,0.0,0.0,0.0,4.95,10.56,20.13,26.18,191.73
21.7685,43.45,296.45,170.5,84.04,39.05,111.43,65.67,24.75,0.0,0.0,0.0,4.95,8.47,15.07,22.11,136.29
21.7785,41.36,304.7,168.19,88.33,41.25,121.0,72.82,27.06,0.0,0.0,0.0,4.95,6.27,12.54,18.15,123.64
21.7885,39.27,315.04,163.68,92.51,43.34,125.73,77.55,27.06,0.0,0.0,0.0,4.95,4.18,7.48,12.1,113.52
21.7985,37.18,321.2,161.48,96.8,45.54,130.57,82.28,29.26,0.0,0.0,0.0,0.0,4.18,4.95,8.03,70.18
21.8085,37.18,323.29,154.88,100.98,47.74,137.72,87.01,29.26,0.0,0.0,0.0,0.0,0.0,0.0,3.96,22.33
21.8185,35.09,325.27,148.28,105.27,49.94,142.56,91.74,31.57,0.0,0.0,0.0,0.0,0.0,0.0,0.0,5.5
21.8285,33.11,327.36,141.68,109.45,49.94,147.29,94.05,31.57,0.0,0.0,0.0,0.0,0.0,0.0,0.0,0.0
21.8385,31.02,325.27,132.88,113.63,52.03,149.71,96.47,31.57,0.0,0.0,0.0,0.0,0.0,0.0,0.0,0.0
21.8485,31.02,321.2,126.28,117.81,54.23,152.13,98.78,33.77,0.0,0.0,0.0,0.0,0.0,0.0,0.0,0.0
21.8585,28.93,312.95,121.88,119.9,56.43,154.55,101.2,33.77,0.0,0.0,0.0,0.0,0.0,0.0,0.0,0.0
21.8685,28.93,300.52,117.48,121.99,58.63,156.97,103.51,33.77,0.0,0.0,0.0,0.0,0.0,0.0,0.0,0.0
21.8785,26.84,288.2,115.28,121.99,58.63,156.97,108.24,36.08,0.0,0.0,0.0,0.0,0.0,0.0,0.0,0.0
21.8885,26.84,273.57,113.08,123.97,60.72,156.97,110.66,36.08,0.0,0.0,0.0,0.0,0.0,0.0,0.0,0.0
21.8985,24.75,261.03,108.57,126.06,62.92,159.28,113.08,36.08,0.0,0.0,0.0,0.0,0.0,0.0,0.0,0.0
21.9085,24.75,250.58,106.37,126.06,65.01,159.28,113.08,36.08,0.0,0.0,0.0,0.0,0.0,0.0,0.0,0.0
21.9185,24.75,242.22,99.66,128.15,65.01,161.7,115.28,36.08,0.0,0.0,0.0,0.0,0.0,0.0,0.0,0.0
21.9285,24.75,231.77,92.95,130.24,67.21,161.7,117.59,36.08,0.0,0.0,0.0,0.0,0.0,0.0,0.0,0.0
21.9385,22.77,221.32,88.55,134.31,67.21,164.12,122.1,38.28,0.0,0.0,0.0,0.0,0.0,0.0,0.0,0.0
21.9485,22.77,208.89,84.04,136.4,69.3,166.54,124.41,38.28,0.0,0.0,0.0,0.0,0.0,0.0,0.0,0.0
21.9585,22.77,196.46,81.84,138.49,71.5,171.16,128.92,40.59,0.0,0.0,0.0,0.0,0.0,0.0,0.0,0.0
21.9685,20.68,188.21,77.33,142.67,75.79,173.47,133.43,40.59,0.0,0.0,0.0,0.0,0.0,0.0,0.0,0.0
21.9785,20.68,179.85,72.93,146.74,77.88,178.09,137.94,42.79,0.0,0.0,0.0,0.0,0.0,0.0,0.0,0.0
21.9885,20.68,173.69,70.62,150.92,80.08,180.4,142.56,42.79,0.0,0.0,0.0,0.0,0.0,0.0,0.0,0.0
21.9985,20.68,165.22,64.02,155.1,82.17,184.91,147.07,45.1,0.0,0.0,0.0,0.0,0.0,0.0,0.0,0.0
22.0085,20.68,158.62,57.31,159.17,84.37,189.53,153.89,47.3,0.0,0.0,0.0,0.0,0.0,0.0,0.0,0.0
22.0185,20.68,149.82,51.15,165.44,86.57,196.46,158.4,49.61,0.0,0.0,0.0,0.0,0.0,0.0,0.0,0.0
22.0285,18.59,143.22,45.21,171.71,88.66,200.97,165.22,51.81,0.0,0.0,0.0,0.0,0.0,0.0,0.0,0.0
22.0385,18.59,134.42,37.29,178.09,90.86,207.9,169.84,54.12,0.0,0.0,0.0,0.0,0.0,0.0,0.0,0.0
22.0485,18.59,127.82,31.46,186.56,92.95,212.41,174.46,56.32,0.0,0.0,0.0,0.0,0.0,0.0,0.0,0.0
22.0585,18.59,119.02,23.54,195.03,92.95,219.34,179.08,58.63,0.0,0.0,0.0,0.0,0.0,0.0,0.0,0.0
22.0685,16.5,108.13,17.71,201.41,92.95,226.27,183.81,62.92,0.0,0.0,0.0,0.0,0.0,0.0,0.0,0.0
22.0785,16.5,96.25,13.75,209.88,92.95,233.09,186.12,65.12,0.0,0.0,0.0,0.0,0.0,0.0,0.0,0.0
22.0885,14.41,82.28,11.77,218.46,92.95,240.02,188.43,67.32,0.0,0.0,0.0,0.0,0.0,0.0,0.0,0.0
22.0985,14.41,66.44,9.79,224.84,90.86,246.95,190.74,69.41,0.0,0.0,0.0,0.0,0.0,0.0,0.0,0.0
22.1085,14.41,52.69,9.79,230.56,90.86,253.88,193.05,69.41,0.0,0.0,0.0,0.0,0.0,0.0,0.0,0.0
22.1185,12.32,39.49,7.81,234.3,88.66,258.5,195.47,71.61,0.0,0.0,0.0,0.0,0.0,0.0,0.0,0.0
22.1285,10.34,28.16,5.83,236.28,88.66,265.43,197.78,73.81,0.0,0.0,0.0,0.0,0.0,0.0,0.0,0.0
22.1385,10.34,18.81,5.83,236.28,86.57,272.36,200.09,76.01,0.0,0.0,0.0,0.0,0.0,0.0,0.0,0.0
22.1484,8.25,15.07,5.83,232.43,82.17,279.29,202.4,80.3,0.0,0.0,0.0,0.0,0.0,0.0,0.0,0.0
22.1584,6.16,11.22,3.85,224.84,77.88,283.69,204.71,84.7,0.0,0.0,0.0,0.0,0.0,0.0,0.0,0.0
22.1684,6.16,9.35,3.85,216.26,71.5,290.29,207.02,89.1,0.0,0.0,0.0,0.0,0.0,0.0,0.0,0.0
22.1784,4.07,7.48,0.0,207.79,67.21,296.89,207.02,93.39,0.0,0.0,0.0,0.0,0.0,0.0,0.0,0.0
22.1884,4.07,7.48,0.0,199.32,60.72,303.49,209.44,99.99,15.95,0.0,0.0,0.0,0.0,0.0,0.0,0.0
22.1984,0.0,5.61,0.0,190.85,54.23,310.2,209.44,104.28,27.39,0.0,0.0,0.0,0.0,0.0,0.0,0.0
22.2084,0.0,3.74,0.0,182.38,47.74,316.8,209.44,110.88,45.76,0.0,0.0,0.0,0.0,0.0,0.0,0.0
22.2184,0.0,3.74,0.0,171.71,41.25,321.2,209.44,115.28,100.1,0.0,0.0,0.0,0.0,0.0,0.0,0.0
22.2284,0.0,3.74,0.0,159.17,32.56,325.6,209.44,122.21,125.84,0.0,0.0,0.0,0.0,0.0,0.0,0.0
22.2384,0.0,0.0,0.0,142.67,23.87,325.6,207.02,129.03,143.99,0.0,0.0,0.0,0.0,0.0,0.0,0.0
22.2484,0.0,0.0,0.0,121.99,17.27,325.6,204.71,135.96,166.76,0.0,3.74,0.0,0.0,0.0,0.0,0.0
22.2584,0.0,0.0,0.0,100.98,10.78,323.4,200.09,142.78,234.41,4.18,3.74,0.0,0.0,0.0,0.0,0.0
22.2684,0.0,0.0,0.0,75.57,10.78,314.6,193.05,152.02,257.51,77.66,13.2,0.0,0.0,0.0,0.0,0.0
22.2784,0.0,0.0,0.0,43.89,8.58,296.89,176.77,163.46,155.32,152.9,92.07,0.0,0.0,0.0,0.0,0.0
22.2884,0.0,0.0,0.0,20.9,10.78,267.74,151.58,177.43,97.79,199.54,143.66,22.66,14.74,27.72,20.13,8.36
22.2984,0.0,0.0,0.0,14.63,10.78,200.97,115.28,196.46,83.38,203.72,169.07,27.72,19.03,45.32,38.28,8.36
22.3084,0.0,0.0,0.0,12.54,10.78,121.0,72.82,215.49,66.66,201.63,178.42,30.14,23.21,57.97,54.45,13.86
22.3184,0.0,0.0,0.0,10.45,8.58,69.19,33.77,220.22,52.58,203.72,185.46,30.14,27.5,74.69,68.42,19.47
22.3284,0.0,0.0,0.0,10.45,8.58,29.59,20.24,165.77,43.45,207.9,187.77,32.67,31.79,89.1,85.25,22.33
22.3384,0.0,0.0,0.0,8.36,8.58,19.03,18.04,97.79,36.52,214.17,192.39,35.2,33.88,101.09,99.66,27.83
22.3484,0.0,0.0,0.0,8.36,6.49,14.74,13.53,65.12,32.01,218.35,194.81,40.26,38.06,110.66,111.65,33.44
22.3584,0.0,0.0,0.0,6.27,4.29,10.56,9.02,49.61,29.7,222.64,194.81,42.79,40.26,120.56,123.2,39.05
22.3684,0.0,0.0,0.0,4.18,0.0,6.27,4.51,36.08,27.39,226.71,192.39,45.32,42.35,130.68,132.55,44.66
22.3784,0.0,0.0,0.0,4.18,0.0,4.18,0.0,13.53,25.08,228.69,190.08,47.85,44.44,138.27,141.9,50.16
22.3884,0.0,0.0,0.0,0.0,0.0,4.18,0.0,0.0,25.08,230.78,183.04,50.38,46.53,143.22,146.52,55.77
22.3984,0.0,0.0,0.0,0.0,0.0,0.0,0.0,0.0,22.88,228.69,178.42,52.91,48.73,148.28,151.14,58.63
22.4084,0.0,0.0,0.0,0.0,0.0,0.0,0.0,0.0,22.88,226.71,171.38,55.44,50.82,153.34,158.18,64.35
22.4184,0.0,0.0,0.0,0.0,0.0,0.0,0.0,0.0,20.57,222.64,164.45,57.97,50.82,155.87,160.49,67.32
22.4284,0.0,0.0,0.0,0.0,0.0,0.0,0.0,0.0,20.57,218.35,155.21,60.39,52.91,160.93,162.8,73.15
22.4384,0.0,0.0,0.0,0.0,0.0,0.0,0.0,0.0,20.57,214.17,148.28,62.92,52.91,165.99,165.11,73.15
22.4484,0.0,0.0,0.0,0.0,0.0,0.0,0.0,0.0,20.57,205.81,136.84,65.45,55.11,168.52,169.95,78.98
22.4584,0.0,0.0,0.0,0.0,0.0,0.0,0.0,0.0,18.26,199.54,127.6,67.98,57.53,173.36,172.37,81.84
22.4684,0.0,0.0,0.0,0.0,0.0,0.0,0.0,0.0,18.26,191.18,120.67,67.98,60.06,175.67,177.21,84.81
22.4784,0.0,0.0,0.0,0.0,0.0,0.0,0.0,0.0,18.26,182.82,111.65,70.4,60.06,178.09,179.63,87.67
22.4884,0.0,0.0,0.0,0.0,0.0,0.0,0.0,0.0,18.26,176.55,105.05,72.93,62.59,182.82,182.16,90.53
22.4984,0.0,0.0,0.0,0.0,0.0,0.0,0.0,0.0,18.26,168.19,98.56,75.46,65.12,185.13,187.0,96.36
22.5084,0.0,0.0,0.0,0.0,0.0,0.0,0.0,0.0,15.95,161.59,94.27,77.99,65.12,187.44,191.84,99.33
22.5184,0.0,0.0,0.0,0.0,0.0,0.0,0.0,0.0,15.95,155.1,87.67,80.41,67.65,189.86,196.79,102.19
22.5284,0.0,0.0,0.0,0.0,0.0,0.0,0.0,0.0,15.95,148.61,83.38,80.41,70.18,192.17,199.21,105.16
22.5384,0.0,0.0,0.0,0.0,0.0,0.0,0.0,0.0,15.95,139.92,78.98,82.94,70.18,194.59,204.05,110.99
22.5484,0.0,0.0,0.0,0.0,0.0,0.0,0.0,0.0,15.95,133.32,74.69,82.94,72.71,196.9,209.0,113.52
22.5584,0.0,0.0,0.0,0.0,0.0,0.0,0.0,0.0,15.95,126.83,70.29,85.47,75.24,199.32,213.84,116.05
22.5684,0.0,0.0,0.0,0.0,0.0,0.0,0.0,0.0,15.95,120.34,68.09,85.47,77.77,201.63,218.68,118.58
22.5784,0.0,0.0,0.0,0.0,0.0,0.0,0.0,0.0,13.64,113.85,63.8,88.0,77.77,203.94,223.52,123.64
22.5884,0.0,0.0,0.0,0.0,0.0,0.0,0.0,0.0,15.95,107.47,59.4,90.53,80.3,206.36,228.36,126.17
22.5984,0.0,0.0,0.0,0.0,0.0,0.0,0.0,0.0,15.95,101.09,55.11,90.53,82.83,208.67,233.2,131.23
22.6084,0.0,0.0,0.0,0.0,0.0,0.0,0.0,0.0,13.64,94.71,51.26,92.95,85.25,211.09,240.35,133.76
22.6184,0.0,0.0,0.0,0.0,0.0,0.0,0.0,0.0,13.64,88.33,45.54,95.48,85.25,215.82,242.77,138.82
22.6284,0.0,0.0,0.0,0.0,0.0,0.0,0.0,0.0,13.64,81.95,39.82,98.01,87.78,220.55,247.61,141.35
22.6384,0.0,0.0,0.0,0.0,0.0,0.0,0.0,0.0,13.64,73.48,34.1,100.54,87.78,225.39,252.34,146.41
22.6484,0.0,0.0,0.0,0.0,0.0,0.0,0.0,0.0,13.64,64.9,28.49,102.96,90.31,230.34,257.18,151.47
22.6584,0.0,0.0,0.0,0.0,0.0,0.0,0.0,0.0,13.64,56.43,22.77,105.49,87.78,235.18,262.02,156.53
22.6684,0.0,0.0,0.0,0.0,0.0,0.0,0.0,0.0,13.64,43.89,18.92,108.02,87.78,240.13,266.75,161.59
22.6784,0.0,0.0,0.0,0.0,0.0,0.0,0.0,0.0,11.44,31.35,17.05,110.55,90.31,247.39,274.01,166.76
22.6884,0.0,0.0,0.0,0.0,0.0,0.0,0.0,0.0,11.44,18.81,13.2,110.55,87.78,252.34,278.63,174.24
22.6984,0.0,0.0,0.0,0.0,0.0,0.0,0.0,0.0,9.13,14.63,11.33,110.55,85.25,257.18,283.25,181.72
22.7084,0.0,0.0,0.0,0.0,0.0,0.0,0.0,0.0,6.82,10.45,9.46,105.49,82.83,264.55,287.87,191.73
22.7184,0.0,0.0,0.0,0.0,0.0,0.0,0.0,0.0,4.51,8.36,7.59,100.54,77.77,266.97,292.49,201.85
22.7284,4.07,0.0,0.0,0.0,0.0,0.0,0.0,0.0,0.0,6.27,5.61,95.48,72.71,271.92,297.0,211.86
22.7384,8.25,0.0,0.0,0.0,0.0,0.0,0.0,0.0,0.0,4.18,5.61,88.0,62.59,276.76,301.62,219.34
22.7484,28.93,0.0,0.0,0.0,0.0,0.0,0.0,0.0,0.0,4.18,3.74,82.94,55.11,284.13,303.93,229.24
22.7584,45.54,0.0,0.0,0.0,0.0,0.0,0.0,0.0,0.0,4.18,3.74,75.46,48.73,286.55,306.24,238.59
22.7684,77.55,0.0,0.0,0.0,0.0,0.0,0.0,0.0,0.0,0.0,3.74,65.45,40.26,291.5,306.24,245.63
22.7784,99.33,0.0,0.0,0.0,0.0,0.0,0.0,0.0,0.0,0.0,0.0,55.44,31.79,293.92,306.24,254.98
22.7884,122.32,0.0,0.0,0.0,0.0,0.0,0.0,0.0,0.0,0.0,0.0,42.79,23.21,293.92,303.93,264.44
22.7984,156.09,0.0,0.0,0.0,0.0,0.0,0.0,0.0,0.0,0.0,0.0,30.14,16.94,293.92,299.31,271.48
22.8084,224.84,3.74,0.0,0.0,0.0,0.0,0.0,0.0,0.0,0.0,0.0,17.6,8.47,289.08,290.18,278.52
22.8184,220.77,96.25,0.0,0.0,0.0,0.0,0.0,0.0,0.0,0.0,0.0,4.95,6.27,276.76,276.43,286.0
22.8284,150.15,219.23,7.81,4.18,0.0,0.0,0.0,0.0,0.0,0.0,0.0,4.95,6.27,252.34,249.92,291.06
22.8384,75.35,250.58,106.37,50.16,10.78,21.12,4.51,4.51,0.0,0.0,0.0,0.0,8.47,220.55,213.84,298.65
22.8484,57.97,271.48,146.08,58.63,25.96,55.11,22.55,13.53,0.0,0.0,0.0,0.0,8.47,178.09,167.53,303.71
22.8584,51.7,267.3,163.68,60.72,34.65,73.81,45.1,18.04,0.0,0.0,0.0,4.95,8.47,130.68,109.23,306.24
22.8684,43.45,254.76,170.5,62.81,41.25,88.0,60.94,20.24,0.0,0.0,0.0,4.95,10.56,91.41,50.38,298.65
22.8784,37.18,248.49,172.81,67.1,45.54,102.08,77.55,24.75,0.0,0.0,0.0,4.95,8.47,37.73,26.18,236.28
22.8884,35.09,252.67,172.81,71.28,49.94,111.43,89.32,27.06,0.0,0.0,0.0,4.95,8.47,17.6,22.11,151.47
22.8984,33.11,261.03,172.81,75.57,52.03,121.0,101.2,29.26,0.0,0.0,0.0,4.95,6.27,12.54,18.15,123.64
22.9084,31.02,263.12,172.81,79.75,54.23,128.15,110.66,31.57,0.0,0.0,0.0,4.95,4.18,10.01,14.08,116.05
22.9184,28.93,265.21,168.19,86.13,58.63,137.72,117.59,33.77,0.0,0.0,0.0,0.0,4.18,4.95,10.01,81.84
22.9284,28.93,267.3,159.28,90.42,60.72,144.98,122.1,36.08,0.0,0.0,0.0,0.0,0.0,4.95,6.05,36.19
22.9384,26.84,271.48,150.48,96.8,62.92,152.13,126.61,38.28,0.0,0.0,0.0,0.0,0.0,0.0,0.0,11.11
22.9484,26.84,273.57,141.68,100.98,62.92,156.97,131.23,40.59,0.0,0.0,0.0,0.0,0.0,0.0,0.0,5.5
22.9584,24.75,271.48,132.88,107.36,65.01,161.7,135.74,42.79,0.0,0.0,0.0,0.0,0.0,0.0,0.0,0.0
22.9684,24.75,265.21,126.28,111.65,67.21,166.54,137.94,45.1,0.0,0.0,0.0,0.0,0.0,0.0,0.0,0.0
22.9784,24.75,254.76,119.68,115.72,69.3,171.16,140.25,47.3,0.0,0.0,0.0,0.0,0.0,0.0,0.0,0.0
22.9884,22.77,244.31,113.08,119.9,71.5,173.47,144.76,49.61,0.0,0.0,0.0,0.0,0.0,0.0,0.0,0.0
22.9984,22.77,233.86,104.06,123.97,73.59,175.78,147.07,49.61,0.0,0.0,0.0,0.0,0.0,0.0,0.0,0.0
23.0084,22.77,223.41,92.95,128.15,75.79,178.09,149.38,51.81,0.0,0.0,0.0,0.0,0.0,0.0,0.0,0.0
23.0184,20.68,210.98,81.84,132.33,75.79,182.71,151.58,51.81,0.0,0.0,0.0,0.0,0.0,0.0,0.0,0.0
23.0284,20.68,200.64,70.62,138.49,77.88,184.91,153.89,54.12,0.0,0.0,0.0,0.0,0.0,0.0,0.0,0.0
23.0384,20.68,190.19,57.31,142.67,80.08,189.53,156.09,54.12,0.0,0.0,0.0,0.0,0.0,0.0,0.0,0.0
23.0484,18.59,177.87,47.19,148.83,80.08,191.84,156.09,56.32,0.0,0.0,0.0,0.0,0.0,0.0,0.0,0.0
23.0584,18.59,167.53,39.27,153.01,82.17,196.46,160.71,58.63,0.0,0.0,0.0,0.0,0.0,0.0,0.0,0.0
23.0684,18.59,158.62,31.46,159.17,82.17,200.97,162.91,58.63,0.0,0.0,0.0,0.0,0.0,0.0,0.0,0.0
23.0784,18.59,147.62,25.52,163.35,84.37,203.28,165.22,60.72,0.0,0.0,0.0,0.0,0.0,0.0,0.0,0.0
23.0884,18.59,138.82,21.56,167.53,86.57,207.9,169.84,62.92,0.0,0.0,0.0,0.0,0.0,0.0,0.0,0.0
23.0984,16.5,130.02,19.58,171.71,86.57,212.41,172.15,65.12,0.0,0.0,0.0,0.0,0.0,0.0,0.0,0.0
23.1084,16.5,121.22,15.73,176.0,88.66,214.72,176.77,65.12,0.0,0.0,0.0,0.0,0.0,0.0,0.0,0.0
23.1184,16.5,114.62,15.73,180.18,90.86,219.34,181.5,67.32,0.0,0.0,0.0,0.0,0.0,0.0,0.0,0.0
23.1284,16.5,106.15,13.75,184.47,90.86,223.96,183.81,69.41,0.0,0.0,0.0,0.0,0.0,0.0,0.0,0.0
23.1384,16.5,98.23,11.77,190.85,90.86,228.47,188.43,71.61,0.0,0.0,0.0,0.0,0.0,0.0,0.0,0.0
23.1484,14.41,90.31,11.77,195.03,90.86,230.78,190.74,73.81,0.0,0.0,0.0,0.0,0.0,0.0,0.0,0.0
23.1584,14.41,82.28,9.79,199.32,92.95,237.71,193.05,76.01,0.0,0.0,0.0,0.0,0.0,0.0,0.0,0.0
23.1684,14.41,74.36,9.79,205.7,92.95,242.33,195.47,78.21,0.0,0.0,0.0,0.0,0.0,0.0,0.0,0.0
23.1784,14.41,64.46,9.79,212.08,90.86,246.95,197.78,78.21,0.0,0.0,0.0,0.0,0.0,0.0,0.0,0.0
23.1884,14.41,56.54,7.81,216.26,90.86,251.57,200.09,80.3,0.0,0.0,0.0,0.0,0.0,0.0,0.0,0.0
23.1984,12.32,47.08,7.81,220.55,90.86,256.19,202.4,82.5,0.0,0.0,0.0,0.0,0.0,0.0,0.0,0.0
23.2084,12.32,37.62,7.81,224.84,90.86,260.81,204.71,84.7,0.0,0.0,0.0,0.0,0.0,0.0,0.0,0.0
23.2184,12.32,30.14,7.81,226.71,90.86,267.74,207.02,86.9,0.0,0.0,0.0,0.0,0.0,0.0,0.0,0.0
23.2284,10.34,22.55,5.83,226.71,90.86,272.36,209.44,89.1,0.0,0.0,0.0,0.0,0.0,0.0,0.0,0.0
23.2384,10.34,16.94,5.83,226.71,90.86,276.98,211.75,93.39,0.0,0.0,0.0,0.0,0.0,0.0,0.0,0.0
23.2484,8.25,13.09,3.85,220.55,86.57,281.49,216.37,97.79,0.0,0.0,0.0,0.0,0.0,0.0,0.0,0.0
23.2584,6.16,11.22,3.85,214.17,84.37,285.89,216.37,99.99,0.0,0.0,0.0,0.0,0.0,0.0,0.0,0.0
23.2684,6.16,9.35,3.85,207.79,80.08,290.29,218.68,106.48,0.0,0.0,0.0,0.0,0.0,0.0,0.0,0.0
23.2784,4.07,7.48,0.0,199.32,75.79,294.69,220.99,110.88,13.64,0.0,0.0,0.0,0.0,0.0,0.0,0.0
23.2884,4.07,5.61,0.0,192.94,71.5,299.09,220.99,115.28,18.26,0.0,0.0,0.0,0.0,0.0,0.0,0.0
23.2984,0.0,5.61,0.0,186.56,65.01,303.49,223.41,119.9,27.39,0.0,0.0,0.0,0.0,0.0,0.0,0.0
23.3084,0.0,3.74,0.0,178.09,58.63,310.2,220.99,124.52,36.52,0.0,0.0,0.0,0.0,0.0,0.0,0.0
23.3184,0.0,3.74,0.0,171.71,52.03,314.6,220.99,129.03,45.76,0.0,0.0,0.0,0.0,0.0,0.0,0.0
23.3284,0.0,3.74,0.0,161.26,45.54,319.0,218.68,133.65,83.38,0.0,0.0,0.0,0.0,0.0,0.0,0.0
23.3384,0.0,0.0,0.0,150.92,36.85,323.4,216.37,140.58,119.02,0.0,0.0,0.0,0.0,0.0,0.0,0.0
23.3484,0.0,0.0,0.0,136.4,28.16,325.6,214.06,145.09,132.66,0.0,0.0,0.0,0.0,0.0,0.0,0.0
23.3584,0.0,0.0,0.0,117.81,19.47,325.6,209.44,152.02,180.73,0.0,3.74,0.0,0.0,0.0,0.0,0.0
23.3684,0.0,0.0,0.0,96.8,12.98,321.2,204.71,158.84,243.65,33.44,15.18,0.0,0.0,0.0,0.0,0.0
23.3784,0.0,0.0,0.0,73.48,10.78,314.6,195.47,165.77,143.99,122.54,89.87,0.0,0.0,0.0,0.0,0.0
23.3884,0.0,0.0,0.0,43.89,10.78,301.29,176.77,175.12,85.8,180.73,139.15,22.66,10.56,32.67,22.11,8.36
23.3984,0.0,0.0,0.0,18.81,10.78,272.36,147.07,187.0,76.23,184.91,166.76,22.66,16.94,47.85,40.37,13.86
23.4084,0.0,0.0,0.0,14.63,10.78,205.59,105.93,203.61,59.51,180.73,176.11,25.19,21.12,60.28,56.54,16.72
23.4184,0.0,0.0,0.0,12.54,10.78,123.42,65.67,217.8,47.96,184.91,176.11,27.72,23.21,74.69,73.26,22.33
23.4284,0.0,0.0,0.0,10.45,10.78,69.19,29.26,215.49,36.52,187.0,173.69,32.67,29.59,89.1,92.4,27.83
23.4384,0.0,0.0,0.0,10.45,8.58,31.79,20.24,158.84,34.32,191.18,178.42,35.2,31.79,101.09,109.23,36.19
23.4484,0.0,0.0,0.0,8.36,8.58,19.03,18.04,97.79,29.7,193.27,180.73,37.73,35.97,110.66,123.2,47.41
23.4584,0.0,0.0,0.0,8.36,6.49,14.74,13.53,67.32,27.39,195.36,183.04,40.26,40.26,118.03,134.86,58.63
23.4684,0.0,0.0,0.0,6.27,4.29,10.56,6.71,51.81,25.08,197.45,180.73,45.32,42.35,125.62,146.52,70.18
23.4784,0.0,0.0,0.0,4.18,4.29,8.47,6.71,38.28,25.08,199.54,178.42,47.85,46.53,133.21,153.56,78.98
23.4884,0.0,0.0,0.0,4.18,0.0,6.27,4.51,15.73,22.88,199.54,173.69,50.38,48.73,138.27,160.49,87.67
23.4984,0.0,0.0,0.0,0.0,0.0,4.18,0.0,0.0,22.88,197.45,169.07,52.91,50.82,143.22,167.53,96.36
23.5084,0.0,0.0,0.0,0.0,0.0,0.0,0.0,0.0,20.57,195.36,162.14,55.44,52.91,150.81,174.79,102.19
23.5184,0.0,0.0,0.0,0.0,0.0,0.0,0.0,0.0,20.57,193.27,152.9,60.39,55.11,153.34,182.16,108.02
23.5284,0.0,0.0,0.0,0.0,0.0,0.0,0.0,0.0,20.57,189.09,145.97,62.92,57.53,158.4,187.0,113.52
23.5384,0.0,0.0,0.0,0.0,0.0,0.0,0.0,0.0,18.26,182.82,136.84,62.92,60.06,163.46,191.84,116.05
23.5484,0.0,0.0,0.0,0.0,0.0,0.0,0.0,0.0,18.26,176.55,129.91,65.45,62.59,165.99,194.37,121.11
23.5584,0.0,0.0,0.0,0.0,0.0,0.0,0.0,0.0,18.26,168.19,120.67,70.4,62.59,171.05,199.21,123.64
23.5684,0.0,0.0,0.0,0.0,0.0,0.0,0.0,0.0,18.26,159.39,111.65,70.4,65.12,173.36,204.05,128.7
23.5783,0.0,0.0,0.0,0.0,0.0,0.0,0.0,0.0,15.95,150.7,102.96,72.93,67.65,178.09,206.47,131.23
23.5883,0.0,0.0,0.0,0.0,0.0,0.0,0.0,0.0,15.95,142.01,94.27,75.46,67.65,180.4,211.42,133.76
23.5983,0.0,0.0,0.0,0.0,0.0,0.0,0.0,0.0,15.95,135.52,85.47,77.99,72.71,182.82,216.26,136.29
23.6083,0.0,0.0,0.0,0.0,0.0,0.0,0.0,0.0,15.95,129.03,76.78,80.41,72.71,185.13,218.68,138.82
23.6183,0.0,0.0,0.0,0.0,0.0,0.0,0.0,0.0,15.95,122.54,70.29,82.94,75.24,187.44,223.52,141.35
23.6283,0.0,0.0,0.0,0.0,0.0,0.0,0.0,0.0,15.95,115.94,63.8,82.94,77.77,192.17,228.36,143.88
23.6383,0.0,0.0,0.0,0.0,0.0,0.0,0.0,0.0,15.95,109.56,57.2,85.47,77.77,194.59,233.2,146.41
23.6483,0.0,0.0,0.0,0.0,0.0,0.0,0.0,0.0,15.95,103.18,53.13,88.0,80.3,196.9,235.51,148.94
23.6583,0.0,0.0,0.0,0.0,0.0,0.0,0.0,0.0,13.64,96.8,47.41,88.0,82.83,199.32,240.35,154.0
23.6683,0.0,0.0,0.0,0.0,0.0,0.0,0.0,0.0,13.64,90.42,43.67,90.53,82.83,201.63,247.61,156.53
23.6783,0.0,0.0,0.0,0.0,0.0,0.0,0.0,0.0,13.64,81.95,39.82,92.95,85.25,206.36,252.34,161.59
23.6883,0.0,0.0,0.0,0.0,0.0,0.0,0.0,0.0,13.64,75.57,34.1,92.95,85.25,208.67,257.18,164.12
23.6983,0.0,0.0,0.0,0.0,0.0,0.0,0.0,0.0,13.64,69.19,30.36,95.48,87.78,211.09,259.6,169.18
23.7083,0.0,0.0,0.0,0.0,0.0,0.0,0.0,0.0,13.64,60.72,26.51,98.01,87.78,215.82,266.75,174.24
23.7183,0.0,0.0,0.0,0.0,0.0,0.0,0.0,0.0,13.64,52.25,20.9,100.54,87.78,218.13,269.17,176.77
23.7283,0.0,0.0,0.0,0.0,0.0,0.0,0.0,0.0,13.64,43.89,18.92,102.96,90.31,225.39,274.01,181.72
23.7383,0.0,0.0,0.0,0.0,0.0,0.0,0.0,0.0,13.64,33.44,17.05,105.49,87.78,230.34,278.63,186.78
23.7483,0.0,0.0,0.0,0.0,0.0,0.0,0.0,0.0,11.44,22.99,15.18,105.49,87.78,235.18,283.25,191.73
23.7583,0.0,0.0,0.0,0.0,0.0,0.0,0.0,0.0,9.13,16.72,11.33,105.49,87.78,240.13,287.87,196.79
23.7683,0.0,0.0,0.0,0.0,0.0,0.0,0.0,0.0,6.82,12.54,11.33,102.96,85.25,244.97,292.49,204.27
23.7783,0.0,0.0,0.0,0.0,0.0,0.0,0.0,0.0,4.51,8.36,9.46,100.54,82.83,249.92,297.0,211.86
23.7883,0.0,0.0,0.0,0.0,0.0,0.0,0.0,0.0,4.51,6.27,7.59,95.48,77.77,254.76,303.93,219.34
23.7983,0.0,0.0,0.0,0.0,0.0,0.0,0.0,0.0,0.0,6.27,5.61,90.53,72.71,257.18,306.24,229.24
23.8083,10.34,0.0,0.0,0.0,0.0,0.0,0.0,0.0,0.0,4.18,5.61,82.94,67.65,262.13,310.86,236.28
23.8183,16.5,0.0,0.0,0.0,0.0,0.0,0.0,0.0,0.0,4.18,3.74,77.99,60.06,264.55,313.17,245.63
23.8283,22.77,0.0,0.0,0.0,0.0,0.0,0.0,0.0,0.0,4.18,3.74,70.4,52.91,266.97,317.68,252.67
23.8383,33.11,0.0,0.0,0.0,0.0,0.0,0.0,0.0,0.0,0.0,3.74,62.92,46.53,269.5,317.68,259.71
23.8483,43.45,0.0,0.0,0.0,0.0,0.0,0.0,0.0,0.0,0.0,0.0,55.44,40.26,274.34,317.68,266.75
23.8583,49.61,0.0,0.0,0.0,0.0,0.0,0.0,0.0,0.0,0.0,0.0,47.85,33.88,276.76,317.68,273.79
23.8683,94.93,0.0,0.0,0.0,0.0,0.0,0.0,0.0,0.0,0.0,0.0,37.73,25.41,279.29,315.37,278.52
23.8783,120.34,0.0,0.0,0.0,0.0,0.0,0.0,0.0,0.0,0.0,0.0,27.72,16.94,279.29,310.86,286.0
23.8883,156.09,0.0,0.0,0.0,0.0,0.0,0.0,0.0,0.0,0.0,0.0,15.07,10.56,279.29,303.93,291.06
23.8983,228.8,9.35,0.0,0.0,0.0,0.0,0.0,0.0,0.0,0.0,0.0,10.01,8.47,271.92,290.18,296.12
23.9083,204.49,125.62,3.85,0.0,0.0,0.0,0.0,0.0,0.0,0.0,0.0,4.95,6.27,257.18,274.01,303.71
23.9183,140.25,238.04,27.5,22.99,0.0,0.0,0.0,0.0,0.0,0.0,0.0,0.0,6.27,235.18,247.61,303.71
23.9283,86.24,261.03,110.77,60.72,10.78,33.88,6.71,6.71,0.0,0.0,0.0,0.0,8.47,206.36,213.84,308.77
23.9383,77.55,271.48,137.28,65.01,19.47,57.42,15.73,11.22,0.0,0.0,0.0,0.0,8.47,168.52,165.11,311.3
23.9483,62.26,263.12,146.08,69.19,28.16,78.54,31.57,15.73,0.0,0.0,0.0,0.0,8.47,125.62,116.27,311.3
23.9583,51.7,256.85,148.28,73.48,32.56,92.62,45.1,20.24,0.0,0.0,0.0,4.95,8.47,89.1,66.11,303.71
23.9683,43.45,254.76,146.08,79.75,36.85,106.7,58.63,22.55,0.0,0.0,0.0,4.95,8.47,47.85,28.27,264.44
23.9783,39.27,258.94,143.88,86.13,41.25,116.16,68.09,24.75,0.0,0.0,0.0,4.95,8.47,17.6,22.11,179.19
23.9883,37.18,263.12,143.88,90.42,43.34,125.73,77.55,27.06,0.0,0.0,0.0,4.95,6.27,15.07,20.13,128.7
23.9983,35.09,263.12,141.68,96.8,47.74,135.41,87.01,29.26,0.0,0.0,0.0,0.0,6.27,12.54,16.06,110.99
24.0083,33.11,263.12,135.08,103.07,49.94,142.56,94.05,31.57,0.0,0.0,0.0,0.0,4.18,7.48,12.1,105.16
24.0183,31.02,267.3,126.28,109.45,52.03,149.71,98.78,31.57,0.0,0.0,0.0,0.0,4.18,4.95,8.03,76.01
24.0283,28.93,269.39,115.28,115.72,54.23,156.97,103.51,33.77,0.0,0.0,0.0,0.0,0.0,0.0,3.96,36.19
24.0383,28.93,271.48,104.06,123.97,54.23,164.12,108.24,36.08,0.0,0.0,0.0,0.0,0.0,0.0,0.0,11.11
24.0483,26.84,269.39,92.95,130.24,56.43,168.96,110.66,36.08,0.0,0.0,0.0,0.0,0.0,0.0,0.0,5.5
24.0583,24.75,263.12,84.04,136.4,58.63,175.78,117.59,38.28,0.0,0.0,0.0,0.0,0.0,0.0,0.0,0.0
24.0683,24.75,252.67,75.13,144.76,60.72,180.4,119.79,40.59,0.0,0.0,0.0,0.0,0.0,0.0,0.0,0.0
24.0783,22.77,244.31,68.42,150.92,62.92,184.91,124.41,40.59,0.0,0.0,0.0,0.0,0.0,0.0,0.0,0.0
24.0883,22.77,235.95,59.51,155.1,65.01,189.53,128.92,42.79,0.0,0.0,0.0,0.0,0.0,0.0,0.0,0.0
24.0983,22.77,225.5,51.15,161.26,67.21,194.15,131.23,42.79,0.0,0.0,0.0,0.0,0.0,0.0,0.0,0.0
24.1083,20.68,215.05,43.23,167.53,69.3,198.66,133.43,45.1,0.0,0.0,0.0,0.0,0.0,0.0,0.0,0.0
24.1183,20.68,204.71,35.42,173.8,69.3,200.97,135.74,45.1,0.0,0.0,0.0,0.0,0.0,0.0,0.0,0.0
24.1283,20.68,194.37,29.48,180.18,69.3,205.59,135.74,47.3,0.0,0.0,0.0,0.0,0.0,0.0,0.0,0.0
24.1383,20.68,184.03,23.54,186.56,71.5,210.21,137.94,47.3,0.0,0.0,0.0,0.0,0.0,0.0,0.0,0.0
24.1483,18.59,173.69,19.58,192.94,71.5,212.41,140.25,47.3,0.0,0.0,0.0,0.0,0.0,0.0,0.0,0.0
24.1583,18.59,163.02,15.73,199.32,71.5,217.03,140.25,49.61,0.0,0.0,0.0,0.0,0.0,0.0,0.0,0.0
24.1683,18.59,152.02,13.75,205.7,71.5,221.65,142.56,49.61,0.0,0.0,0.0,0.0,0.0,0.0,0.0,0.0
24.1783,16.5,143.22,11.77,209.88,71.5,223.96,142.56,49.61,0.0,0.0,0.0,0.0,0.0,0.0,0.0,0.0
24.1883,16.5,132.22,11.77,216.26,73.59,228.47,144.76,51.81,0.0,0.0,0.0,0.0,0.0,0.0,0.0,0.0
24.1983,16.5,123.42,9.79,220.55,73.59,230.78,147.07,51.81,0.0,0.0,0.0,0.0,0.0,0.0,0.0,0.0
24.2083,16.5,116.82,9.79,224.84,73.59,233.09,149.38,54.12,0.0,0.0,0.0,0.0,0.0,0.0,0.0,0.0
24.2183,16.5,108.13,9.79,228.58,73.59,237.71,151.58,54.12,0.0,0.0,0.0,0.0,0.0,0.0,0.0,0.0
24.2283,16.5,100.21,9.79,232.43,75.79,240.02,153.89,54.12,0.0,0.0,0.0,0.0,0.0,0.0,0.0,0.0
24.2383,14.41,94.27,7.81,234.3,75.79,244.64,158.4,56.32,0.0,0.0,0.0,0.0,0.0,0.0,0.0,0.0
24.2483,14.41,86.35,7.81,238.15,77.88,246.95,160.71,56.32,0.0,0.0,0.0,0.0,0.0,0.0,0.0,0.0
24.2583,14.41,80.3,7.81,242.0,77.88,251.57,162.91,58.63,0.0,0.0,0.0,0.0,0.0,0.0,0.0,0.0
24.2683,14.41,74.36,7.81,245.85,80.08,253.88,165.22,58.63,0.0,0.0,0.0,0.0,0.0,0.0,0.0,0.0
24.2783,14.41,66.44,7.81,247.72,80.08,258.5,169.84,60.72,0.0,0.0,0.0,0.0,0.0,0.0,0.0,0.0
24.2883,14.41,58.52,7.81,251.57,80.08,263.12,172.15,60.72,0.0,0.0,0.0,0.0,0.0,0.0,0.0,0.0
24.2983,12.32,50.82,7.81,255.31,82.17,265.43,174.46,62.92,0.0,0.0,0.0,0.0,0.0,0.0,0.0,0.0
24.3083,12.32,43.34,7.81,257.29,82.17,270.05,179.08,62.92,0.0,0.0,0.0,0.0,0.0,0.0,0.0,0.0
24.3183,12.32,35.75,5.83,259.16,82.17,274.67,181.5,65.12,0.0,0.0,0.0,0.0,0.0,0.0,0.0,0.0
24.3283,12.32,28.16,5.83,259.16,84.37,276.98,183.81,67.32,0.0,0.0,0.0,0.0,0.0,0.0,0.0,0.0
24.3383,10.34,20.68,5.83,259.16,84.37,281.49,188.43,69.41,0.0,0.0,0.0,0.0,0.0,0.0,0.0,0.0
24.3483,10.34,15.07,3.85,255.31,84.37,285.89,193.05,71.61,0.0,0.0,0.0,0.0,0.0,0.0,0.0,0.0
24.3583,8.25,13.09,3.85,247.72,82.17,288.09,197.78,73.81,0.0,0.0,0.0,0.0,0.0,0.0,0.0,0.0
24.3683,6.16,11.22,3.85,240.02,80.08,292.49,202.4,76.01,15.95,0.0,0.0,0.0,0.0,0.0,0.0,0.0
24.3783,6.16,9.35,0.0,232.43,75.79,296.89,204.71,80.3,18.26,0.0,0.0,0.0,0.0,0.0,0.0,0.0
24.3883,4.07,7.48,0.0,222.64,71.5,303.49,209.44,86.9,22.88,0.0,0.0,0.0,0.0,0.0,0.0,0.0
24.3983,4.07,5.61,0.0,212.08,67.21,308.0,209.44,91.19,29.7,0.0,0.0,0.0,0.0,0.0,0.0,0.0
24.4083,0.0,5.61,0.0,201.41,60.72,312.4,211.75,95.59,36.52,0.0,0.0,0.0,0.0,0.0,0.0,0.0
24.4183,0.0,3.74,0.0,190.85,54.23,314.6,211.75,99.99,43.45,0.0,0.0,0.0,0.0,0.0,0.0,0.0
24.4283,0.0,3.74,0.0,180.18,47.74,319.0,211.75,104.28,76.23,0.0,0.0,0.0,0.0,0.0,0.0,0.0
24.4383,0.0,3.74,0.0,167.53,41.25,321.2,211.75,108.68,112.09,0.0,0.0,0.0,0.0,0.0,0.0,0.0
24.4483,0.0,0.0,0.0,153.01,32.56,323.4,209.44,115.28,143.99,0.0,3.74,0.0,0.0,0.0,0.0,0.0
24.4583,0.0,0.0,0.0,136.4,23.87,323.4,207.02,119.9,204.16,12.54,9.46,0.0,0.0,0.0,0.0,0.0
24.4683,0.0,0.0,0.0,115.72,17.27,319.0,204.71,126.83,146.3,81.95,68.09,0.0,0.0,0.0,0.0,0.0
24.4783,0.0,0.0,0.0,92.51,10.78,312.4,197.78,133.65,85.8,157.3,105.05,22.66,10.56,17.6,14.08,5.5
24.4883,0.0,0.0,0.0,65.01,8.58,301.29,181.5,142.78,71.5,172.37,132.22,25.19,14.74,32.67,30.25,11.11
24.4983,0.0,0.0,0.0,33.44,8.58,279.29,158.4,154.33,59.51,174.46,141.35,27.72,21.12,47.85,46.42,13.86
24.5083,0.0,0.0,0.0,16.72,8.58,230.78,124.41,168.08,45.76,180.73,143.66,32.67,23.21,65.12,58.85,16.72
24.5183,0.0,0.0,0.0,14.63,8.58,147.29,87.01,191.73,36.52,182.82,141.35,35.2,27.5,79.53,73.26,22.33
24.5283,0.0,0.0,0.0,12.54,8.58,92.62,47.3,198.88,29.7,187.0,143.66,40.26,31.79,91.41,89.98,27.83
24.5383,0.0,0.0,0.0,10.45,8.58,46.53,22.55,179.85,27.39,193.27,148.28,42.79,33.88,103.4,104.39,33.44
24.5483,0.0,0.0,0.0,8.36,6.49,21.12,15.73,119.9,25.08,197.45,152.9,45.32,35.97,113.08,118.58,39.05
24.5583,0.0,0.0,0.0,8.36,6.49,14.74,13.53,73.81,25.08,201.63,155.21,50.38,40.26,123.09,127.93,44.66
24.5683,0.0,0.0,0.0,6.27,4.29,12.65,11.22,51.81,22.88,205.81,155.21,52.91,42.35,130.68,137.17,50.16
24.5783,0.0,0.0,0.0,6.27,4.29,8.47,6.71,38.28,22.88,209.99,152.9,55.44,44.44,138.27,146.52,55.77
24.5883,0.0,0.0,0.0,4.18,0.0,6.27,4.51,29.26,20.57,212.08,148.28,60.39,46.53,145.75,153.56,61.49
24.5983,0.0,0.0,0.0,4.18,0.0,4.18,0.0,9.02,20.57,214.17,143.66,62.92,48.73,150.81,160.49,67.32
24.6083,0.0,0.0,0.0,0.0,0.0,0.0,0.0,0.0,20.57,212.08,141.35,65.45,50.82,158.4,167.53,73.15
24.6183,0.0,0.0,0.0,0.0,0.0,0.0,0.0,0.0,20.57,209.99,136.84,67.98,52.91,163.46,172.37,81.84
24.6283,0.0,0.0,0.0,0.0,0.0,0.0,0.0,0.0,18.26,205.81,132.22,70.4,55.11,168.52,179.63,87.67
24.6383,0.0,0.0,0.0,0.0,0.0,0.0,0.0,0.0,18.26,203.72,127.6,75.46,57.53,173.36,182.16,90.53
24.6483,0.0,0.0,0.0,0.0,0.0,0.0,0.0,0.0,18.26,199.54,120.67,77.99,57.53,178.09,187.0,96.36
24.6583,0.0,0.0,0.0,0.0,0.0,0.0,0.0,0.0,18.26,195.36,113.85,80.41,60.06,180.4,189.42,99.33
24.6683,0.0,0.0,0.0,0.0,0.0,0.0,0.0,0.0,18.26,189.09,107.25,82.94,60.06,185.13,194.37,102.19
24.6783,0.0,0.0,0.0,0.0,0.0,0.0,0.0,0.0,15.95,182.82,98.56,85.47,62.59,187.44,196.79,105.16
24.6883,0.0,0.0,0.0,0.0,0.0,0.0,0.0,0.0,15.95,176.55,92.07,85.47,62.59,192.17,199.21,108.02
24.6983,0.0,0.0,0.0,0.0,0.0,0.0,0.0,0.0,15.95,172.37,85.47,88.0,65.12,194.59,201.63,110.99
24.7083,0.0,0.0,0.0,0.0,0.0,0.0,0.0,0.0,15.95,165.99,78.98,90.53,65.12,196.9,204.05,113.52
24.7183,0.0,0.0,0.0,0.0,0.0,0.0,0.0,0.0,15.95,161.59,72.49,92.95,67.65,199.32,209.0,116.05
24.7283,0.0,0.0,0.0,0.0,0.0,0.0,0.0,0.0,15.95,155.1,68.09,95.48,70.18,201.63,211.42,118.58
24.7383,0.0,0.0,0.0,0.0,0.0,0.0,0.0,0.0,15.95,148.61,63.8,95.48,70.18,203.94,213.84,121.11
24.7483,0.0,0.0,0.0,0.0,0.0,0.0,0.0,0.0,15.95,142.01,57.2,98.01,72.71,206.36,218.68,123.64
24.7583,0.0,0.0,0.0,0.0,0.0,0.0,0.0,0.0,15.95,137.72,53.13,100.54,72.71,208.67,221.21,126.17
24.7683,0.0,0.0,0.0,0.0,0.0,0.0,0.0,0.0,15.95,131.23,49.39,100.54,75.24,211.09,223.52,128.7
24.7783,0.0,0.0,0.0,0.0,0.0,0.0,0.0,0.0,13.64,124.63,45.54,102.96,75.24,213.4,228.36,133.76
24.7883,0.0,0.0,0.0,0.0,0.0,0.0,0.0,0.0,15.95,120.34,39.82,105.49,75.24,215.82,230.78,136.29
24.7983,0.0,0.0,0.0,0.0,0.0,0.0,0.0,0.0,13.64,113.85,37.95,105.49,77.77,218.13,235.51,138.82
24.8083,0.0,0.0,0.0,0.0,0.0,0.0,0.0,0.0,13.64,107.47,34.1,108.02,77.77,220.55,237.93,141.35
24.8183,0.0,0.0,0.0,0.0,0.0,0.0,0.0,0.0,13.64,101.09,30.36,110.55,80.3,222.97,240.35,143.88
24.8283,0.0,0.0,0.0,0.0,0.0,0.0,0.0,0.0,13.64,94.71,26.51,110.55,80.3,227.81,245.19,146.41
24.8383,0.0,0.0,0.0,0.0,0.0,0.0,0.0,0.0,13.64,86.13,22.77,113.08,80.3,230.34,247.61,151.47
24.8483,0.0,0.0,0.0,0.0,0.0,0.0,0.0,0.0,13.64,79.86,20.9,115.5,80.3,235.18,249.92,154.0
24.8583,0.0,0.0,0.0,0.0,0.0,0.0,0.0,0.0,13.64,71.28,18.92,118.03,80.3,237.6,254.76,156.53
24.8683,0.0,0.0,0.0,0.0,0.0,0.0,0.0,0.0,11.44,62.81,17.05,120.45,80.3,242.55,257.18,159.06
24.8783,0.0,0.0,0.0,0.0,0.0,0.0,0.0,0.0,13.64,52.25,15.18,122.98,80.3,247.39,259.6,164.12
24.8883,0.0,0.0,0.0,0.0,0.0,0.0,0.0,0.0,11.44,43.89,13.2,122.98,80.3,249.92,262.02,166.76
24.8983,0.0,0.0,0.0,0.0,0.0,0.0,0.0,0.0,11.44,33.44,13.2,125.51,80.3,254.76,264.33,171.71
24.9083,0.0,0.0,0.0,0.0,0.0,0.0,0.0,0.0,11.44,25.08,13.2,127.93,80.3,259.71,266.75,174.24
24.9183,0.0,0.0,0.0,0.0,0.0,0.0,0.0,0.0,9.13,20.9,11.33,125.51,80.3,262.13,271.59,179.19
24.9283,0.0,0.0,0.0,0.0,0.0,0.0,0.0,0.0,9.13,14.63,9.46,122.98,80.3,264.55,276.43,184.25
24.9383,0.0,0.0,0.0,0.0,0.0,0.0,0.0,0.0,6.82,10.45,7.59,120.45,77.77,269.5,278.63,191.73
24.9483,4.07,0.0,0.0,0.0,0.0,0.0,0.0,0.0,4.51,8.36,7.59,118.03,75.24,271.92,283.25,199.32
24.9583,16.5,0.0,0.0,0.0,0.0,0.0,0.0,0.0,4.51,6.27,5.61,113.08,70.18,276.76,285.56,206.8
24.9683,22.77,0.0,0.0,0.0,0.0,0.0,0.0,0.0,0.0,6.27,5.61,108.02,65.12,279.29,287.87,214.39
24.9783,28.93,0.0,0.0,0.0,0.0,0.0,0.0,0.0,0.0,4.18,3.74,102.96,60.06,284.13,290.18,221.87
24.9883,37.18,0.0,0.0,0.0,0.0,0.0,0.0,0.0,0.0,4.18,3.74,95.48,52.91,289.08,290.18,229.24
24.9983,55.88,0.0,0.0,0.0,0.0,0.0,0.0,0.0,0.0,0.0,3.74,88.0,46.53,291.5,292.49,236.28
25.0082,73.15,0.0,0.0,0.0,0.0,0.0,0.0,0.0,0.0,0.0,3.74,82.94,40.26,293.92,294.8,243.32
25.0182,99.33,0.0,0.0,0.0,0.0,0.0,0.0,0.0,0.0,0.0,0.0,72.93,33.88,296.34,294.8,250.36
25.0282,130.24,0.0,0.0,0.0,0.0,0.0,0.0,0.0,0.0,0.0,0.0,60.39,27.5,296.34,292.49,257.4
25.0382,176.22,3.74,0.0,0.0,0.0,0.0,0.0,0.0,0.0,0.0,0.0,47.85,21.12,296.34,290.18,264.44
25.0482,174.13,74.36,0.0,0.0,0.0,0.0,0.0,0.0,0.0,0.0,0.0,35.2,14.74,293.92,285.56,269.06
25.0582,130.24,160.82,7.81,6.27,0.0,0.0,0.0,0.0,0.0,0.0,0.0,20.13,10.56,289.08,278.63,273.79
25.0682,86.24,192.28,61.71,35.53,0.0,4.18,0.0,0.0,0.0,0.0,0.0,7.48,8.47,276.76,262.02,278.52
25.0782,75.35,217.14,92.95,50.16,10.78,19.03,6.71,6.71,0.0,0.0,0.0,4.95,8.47,249.92,235.51,283.47
25.0882,62.26,223.41,106.37,58.63,19.47,38.06,13.53,9.02,0.0,0.0,0.0,4.95,8.47,211.09,196.79,288.53
25.0982,53.79,225.5,115.28,60.72,25.96,52.91,22.55,13.53,0.0,0.0,0.0,4.95,8.47,163.46,146.52,291.06
25.1082,49.61,231.77,117.48,65.01,30.36,62.15,29.26,13.53,0.0,0.0,0.0,4.95,10.56,110.66,94.82,291.06
25.1182,45.54,240.13,121.88,67.1,32.56,71.5,36.08,15.73,0.0,0.0,0.0,4.95,10.56,69.85,44.33,273.79
25.1282,43.45,254.76,124.08,71.28,34.65,80.85,42.79,18.04,0.0,0.0,0.0,4.95,8.47,27.72,24.2,204.27
25.1382,43.45,269.39,128.48,75.57,36.85,88.0,49.61,20.24,0.0,0.0,0.0,4.95,8.47,17.6,22.11,136.29
25.1482,41.36,284.02,128.48,79.75,36.85,92.62,51.81,20.24,0.0,0.0,0.0,4.95,6.27,12.54,16.06,108.02
25.1582,41.36,298.43,130.68,84.04,36.85,99.66,56.32,20.24,0.0,0.0,0.0,4.95,4.18,10.01,12.1,99.33
25.1682,41.36,310.86,128.48,88.33,39.05,104.39,58.63,22.55,0.0,0.0,0.0,4.95,4.18,4.95,8.03,84.81
25.1782,41.36,321.2,126.28,92.51,39.05,109.12,60.94,22.55,0.0,0.0,0.0,0.0,0.0,4.95,6.05,55.77
25.1882,39.27,327.36,124.08,96.8,41.25,113.85,65.67,24.75,0.0,0.0,0.0,0.0,0.0,0.0,3.96,16.72
25.1982,37.18,331.54,121.88,100.98,43.34,121.0,68.09,24.75,0.0,0.0,0.0,0.0,0.0,0.0,0.0,5.5
25.2082,37.18,331.54,121.88,105.27,45.54,125.73,72.82,27.06,0.0,0.0,0.0,0.0,0.0,0.0,0.0,0.0
25.2182,35.09,329.45,121.88,107.36,45.54,130.57,77.55,27.06,0.0,0.0,0.0,0.0,0.0,0.0,0.0,0.0
25.2282,33.11,325.27,121.88,111.65,47.74,135.41,82.28,29.26,0.0,0.0,0.0,0.0,0.0,0.0,0.0,0.0
25.2382,31.02,321.2,119.68,115.72,49.94,137.72,84.59,29.26,0.0,0.0,0.0,0.0,0.0,0.0,0.0,0.0
25.2482,31.02,315.04,117.48,119.9,52.03,142.56,87.01,31.57,0.0,0.0,0.0,0.0,0.0,0.0,0.0,0.0
25.2582,28.93,308.77,113.08,121.99,52.03,147.29,91.74,31.57,0.0,0.0,0.0,0.0,0.0,0.0,0.0,0.0
25.2682,28.93,302.61,108.57,126.06,52.03,149.71,94.05,31.57,0.0,0.0,0.0,0.0,0.0,0.0,0.0,0.0
25.2782,26.84,296.45,101.86,130.24,54.23,152.13,94.05,33.77,0.0,0.0,0.0,0.0,0.0,0.0,0.0,0.0
25.2882,26.84,290.18,97.46,132.33,56.43,154.55,96.47,33.77,0.0,0.0,0.0,0.0,0.0,0.0,0.0,0.0
25.2982,24.75,286.11,90.75,134.31,56.43,156.97,96.47,33.77,0.0,0.0,0.0,0.0,0.0,0.0,0.0,0.0
25.3082,24.75,279.95,86.24,138.49,56.43,156.97,98.78,33.77,0.0,0.0,0.0,0.0,0.0,0.0,0.0,0.0
25.3182,24.75,273.57,81.84,140.58,56.43,159.28,98.78,33.77,0.0,0.0,0.0,0.0,0.0,0.0,0.0,0.0
25.3282,24.75,267.3,79.53,142.67,58.63,161.7,101.2,36.08,0.0,0.0,0.0,0.0,0.0,0.0,0.0,0.0
25.3382,22.77,261.03,75.13,144.76,60.72,161.7,101.2,36.08,0.0,0.0,0.0,0.0,0.0,0.0,0.0,0.0
25.3482,22.77,254.76,72.93,148.83,60.72,164.12,103.51,36.08,0.0,0.0,0.0,0.0,0.0,0.0,0.0,0.0
25.3582,22.77,248.49,68.42,150.92,62.92,166.54,105.93,36.08,0.0,0.0,0.0,0.0,0.0,0.0,0.0,0.0
25.3682,22.77,240.13,64.02,155.1,65.01,171.16,110.66,38.28,0.0,0.0,0.0,0.0,0.0,0.0,0.0,0.0
25.3782,20.68,233.86,57.31,159.17,65.01,173.47,113.08,38.28,0.0,0.0,0.0,0.0,0.0,0.0,0.0,0.0
25.3882,20.68,225.5,53.13,165.44,67.21,178.09,115.28,38.28,0.0,0.0,0.0,0.0,0.0,0.0,0.0,0.0
25.3982,20.68,219.23,47.19,171.71,69.3,182.71,117.59,40.59,0.0,0.0,0.0,0.0,0.0,0.0,0.0,0.0
25.4082,20.68,210.98,41.25,178.09,69.3,187.22,122.1,40.59,0.0,0.0,0.0,0.0,0.0,0.0,0.0,0.0
25.4182,20.68,204.71,37.29,184.47,73.59,191.84,126.61,42.79,0.0,0.0,0.0,0.0,0.0,0.0,0.0,0.0
25.4282,20.68,196.46,31.46,190.85,73.59,198.66,128.92,42.79,0.0,0.0,0.0,0.0,0.0,0.0,0.0,0.0
25.4382,18.59,188.21,27.5,199.32,75.79,203.28,133.43,45.1,0.0,0.0,0.0,0.0,0.0,0.0,0.0,0.0
25.4482,18.59,177.87,21.56,207.79,77.88,210.21,137.94,47.3,0.0,0.0,0.0,0.0,0.0,0.0,0.0,0.0
25.4582,18.59,169.51,17.71,214.17,80.08,214.72,142.56,49.61,0.0,0.0,0.0,0.0,0.0,0.0,0.0,0.0
25.4682,16.5,156.42,15.73,222.64,80.08,221.65,147.07,49.61,0.0,0.0,0.0,0.0,0.0,0.0,0.0,0.0
25.4782,16.5,145.42,13.75,230.56,80.08,228.47,149.38,51.81,0.0,0.0,0.0,0.0,0.0,0.0,0.0,0.0
25.4882,16.5,130.02,11.77,236.28,82.17,233.09,153.89,54.12,0.0,0.0,0.0,0.0,0.0,0.0,0.0,0.0
25.4982,16.5,116.82,11.77,243.87,82.17,240.02,156.09,56.32,0.0,0.0,0.0,0.0,0.0,0.0,0.0,0.0
25.5082,14.41,102.19,9.79,249.59,80.08,244.64,158.4,58.63,0.0,0.0,0.0,0.0,0.0,0.0,0.0,0.0
25.5182,14.41,86.35,9.79,255.31,80.08,251.57,160.71,60.72,0.0,0.0,0.0,0.0,0.0,0.0,0.0,0.0
25.5282,14.41,72.38,7.81,263.01,80.08,258.5,162.91,60.72,0.0,0.0,0.0,0.0,0.0,0.0,0.0,0.0
25.5382,12.32,56.54,7.81,268.73,77.88,263.12,165.22,62.92,0.0,0.0,0.0,0.0,0.0,0.0,0.0,0.0
25.5482,12.32,43.34,7.81,274.45,77.88,270.05,165.22,65.12,0.0,0.0,0.0,0.0,0.0,0.0,0.0,0.0
25.5582,10.34,30.14,5.83,278.52,77.88,276.98,167.53,65.12,13.64,0.0,0.0,0.0,0.0,0.0,0.0,0.0
25.5682,10.34,20.68,5.83,278.52,75.79,283.69,172.15,67.32,20.57,0.0,0.0,0.0,0.0,0.0,0.0,0.0
25.5782,8.25,15.07,3.85,272.58,71.5,290.29,174.46,69.41,22.88,0.0,0.0,0.0,0.0,0.0,0.0,0.0
25.5882,6.16,13.09,3.85,264.88,67.21,296.89,176.77,73.81,29.7,0.0,0.0,0.0,0.0,0.0,0.0,0.0
25.5982,4.07,11.22,0.0,253.44,60.72,303.49,179.08,78.21,50.27,0.0,0.0,0.0,0.0,0.0,0.0,0.0
25.6082,4.07,9.35,0.0,240.02,54.23,308.0,181.5,82.5,71.5,0.0,0.0,0.0,0.0,0.0,0.0,0.0
25.6182,0.0,7.48,0.0,226.71,47.74,312.4,181.5,89.1,95.37,0.0,3.74,0.0,0.0,0.0,0.0,0.0
25.6282,0.0,5.61,0.0,212.08,41.25,314.6,181.5,93.39,141.68,6.27,5.61,0.0,0.0,0.0,0.0,0.0
25.6382,0.0,5.61,0.0,192.94,34.65,314.6,181.5,99.99,134.86,50.16,39.82,0.0,0.0,0.0,0.0,0.0
25.6482,0.0,3.74,0.0,171.71,25.96,314.6,181.5,106.48,64.35,98.89,85.47,17.6,19.03,12.54,26.18,5.5
25.6582,0.0,3.74,0.0,148.83,17.27,314.6,179.08,115.28,61.93,118.14,111.65,20.13,21.12,25.19,36.3,8.36
25.6682,0.0,3.74,0.0,119.9,10.78,310.2,172.15,124.52,54.89,115.94,125.29,20.13,25.41,32.67,52.47,8.36
25.6782,0.0,0.0,0.0,86.13,8.58,299.09,160.71,133.65,43.45,113.85,132.22,22.66,27.5,47.85,68.42,13.86
25.6882,0.0,0.0,0.0,48.07,8.58,279.29,137.94,145.09,34.32,115.94,132.22,25.19,31.79,60.28,82.83,19.47
25.6982,0.0,0.0,0.0,20.9,8.58,233.09,105.93,161.15,29.7,118.14,134.53,27.72,33.88,69.85,99.66,25.08
25.7082,0.0,0.0,0.0,16.72,8.58,154.55,65.67,177.43,27.39,124.63,141.35,30.14,38.06,79.53,113.96,30.69
25.7182,0.0,0.0,0.0,12.54,8.58,88.0,31.57,184.58,25.08,131.23,148.28,32.67,40.26,89.1,127.93,36.19
25.7282,0.0,0.0,0.0,12.54,8.58,44.44,18.04,158.84,22.88,135.52,155.21,35.2,44.44,93.83,139.59,41.8
25.7382,0.0,0.0,0.0,10.45,6.49,19.03,15.73,106.48,22.88,139.92,159.83,37.73,46.53,101.09,151.14,47.41
25.7482,0.0,0.0,0.0,8.36,6.49,12.65,11.22,69.41,22.88,142.01,164.45,37.73,48.73,108.24,160.49,55.77
25.7582,0.0,0.0,0.0,8.36,4.29,10.56,9.02,49.61,20.57,146.41,166.76,40.26,50.82,113.08,167.53,64.35
25.7682,0.0,0.0,0.0,6.27,0.0,8.47,4.51,38.28,20.57,148.61,169.07,42.79,52.91,120.56,177.21,73.15
25.7782,0.0,0.0,0.0,6.27,0.0,4.18,0.0,27.06,20.57,150.7,169.07,45.32,55.11,125.62,184.58,78.98
25.7882,0.0,0.0,0.0,4.18,0.0,0.0,0.0,9.02,18.26,152.9,169.07,47.85,57.53,130.68,191.84,87.67
25.7982,0.0,0.0,0.0,0.0,0.0,0.0,0.0,0.0,18.26,152.9,169.07,50.38,60.06,135.74,196.79,96.36
25.8082,0.0,0.0,0.0,0.0,0.0,0.0,0.0,0.0,18.26,150.7,169.07,52.91,62.59,140.8,204.05,102.19
25.8182,0.0,0.0,0.0,0.0,0.0,0.0,0.0,0.0,18.26,148.61,166.76,55.44,65.12,143.22,209.0,108.02
25.8282,0.0,0.0,0.0,0.0,0.0,0.0,0.0,0.0,15.95,146.41,162.14,57.97,65.12,148.28,213.84,113.52
25.8382,0.0,0.0,0.0,0.0,0.0,0.0,0.0,0.0,15.95,144.21,157.52,57.97,67.65,153.34,218.68,118.58
25.8482,0.0,0.0,0.0,0.0,0.0,0.0,0.0,0.0,15.95,139.92,150.59,60.39,70.18,155.87,218.68,123.64
25.8582,0.0,0.0,0.0,0.0,0.0,0.0,0.0,0.0,15.95,135.52,145.97,62.92,70.18,158.4,223.52,126.17
25.8682,0.0,0.0,0.0,0.0,0.0,0.0,0.0,0.0,15.95,133.32,139.15,65.45,72.71,163.46,225.94,128.7
25.8782,0.0,0.0,0.0,0.0,0.0,0.0,0.0,0.0,15.95,129.03,134.53,65.45,72.71,165.99,230.78,131.23
25.8882,0.0,0.0,0.0,0.0,0.0,0.0,0.0,0.0,15.95,126.83,129.91,67.98,75.24,168.52,230.78,133.76
25.8982,0.0,0.0,0.0,0.0,0.0,0.0,0.0,0.0,13.64,124.63,125.29,67.98,75.24,168.52,233.2,136.29
25.9082,0.0,0.0,0.0,0.0,0.0,0.0,0.0,0.0,13.64,120.34,120.67,70.4,77.77,171.05,235.51,138.82
25.9182,0.0,0.0,0.0,0.0,0.0,0.0,0.0,0.0,13.64,118.14,116.05,70.4,77.77,173.36,237.93,138.82
25.9282,0.0,0.0,0.0,0.0,0.0,0.0,0.0,0.0,13.64,113.85,111.65,72.93,77.77,173.36,240.35,141.35
25.9382,0.0,0.0,0.0,0.0,0.0,0.0,0.0,0.0,13.64,109.56,109.45,72.93,80.3,175.67,240.35,141.35
25.9482,0.0,0.0,0.0,0.0,0.0,0.0,0.0,0.0,13.64,107.47,105.05,72.93,80.3,175.67,242.77,143.88
25.9582,0.0,0.0,0.0,0.0,0.0,0.0,0.0,0.0,13.64,103.18,100.76,75.46,82.83,178.09,245.19,143.88
25.9682,0.0,0.0,0.0,0.0,0.0,0.0,0.0,0.0,13.64,101.09,96.36,75.46,82.83,178.09,247.61,143.88
25.9782,0.0,0.0,0.0,0.0,0.0,0.0,0.0,0.0,13.64,96.8,92.07,77.99,82.83,180.4,249.92,146.41
25.9882,0.0,0.0,0.0,0.0,0.0,0.0,0.0,0.0,13.64,94.71,87.67,77.99,85.25,182.82,249.92,148.94
25.9982,0.0,0.0,0.0,0.0,0.0,0.0,0.0,0.0,13.64,92.51,81.18,80.41,85.25,185.13,252.34,148.94
26.0082,0.0,0.0,0.0,0.0,0.0,0.0,0.0,0.0,13.64,90.42,76.78,82.94,85.25,187.44,254.76,151.47
26.0182,0.0,0.0,0.0,0.0,0.0,0.0,0.0,0.0,13.64,86.13,70.29,85.47,87.78,189.86,257.18,154.0
26.0282,0.0,0.0,0.0,0.0,0.0,0.0,0.0,0.0,13.64,84.04,63.8,85.47,87.78,194.59,257.18,156.53
26.0382,0.0,0.0,0.0,0.0,0.0,0.0,0.0,0.0,13.64,81.95,57.2,90.53,87.78,199.32,259.6,159.06
26.0482,0.0,0.0,0.0,0.0,0.0,0.0,0.0,0.0,13.64,79.86,51.26,90.53,87.78,201.63,262.02,161.59
26.0582,0.0,0.0,0.0,0.0,0.0,0.0,0.0,0.0,13.64,75.57,45.54,95.48,90.31,206.36,264.33,164.12
26.0682,0.0,0.0,0.0,0.0,0.0,0.0,0.0,0.0,13.64,69.19,39.82,95.48,90.31,211.09,266.75,166.76
26.0782,0.0,0.0,0.0,0.0,0.0,0.0,0.0,0.0,11.44,62.81,36.08,100.54,90.31,215.82,269.17,171.71
26.0882,0.0,0.0,0.0,0.0,0.0,0.0,0.0,0.0,11.44,56.43,30.36,100.54,90.31,218.13,274.01,174.24
26.0982,0.0,0.0,0.0,0.0,0.0,0.0,0.0,0.0,11.44,48.07,24.64,102.96,90.31,222.97,278.63,179.19
26.1082,0.0,0.0,0.0,0.0,0.0,0.0,0.0,0.0,11.44,39.71,20.9,105.49,90.31,227.81,283.25,181.72
26.1182,0.0,0.0,0.0,0.0,0.0,0.0,0.0,0.0,11.44,31.35,18.92,105.49,90.31,232.76,285.56,186.78
26.1282,12.32,0.0,0.0,0.0,0.0,0.0,0.0,0.0,9.13,22.99,15.18,108.02,90.31,237.6,290.18,189.31
26.1382,18.59,0.0,0.0,0.0,0.0,0.0,0.0,0.0,9.13,14.63,13.2,108.02,90.31,242.55,292.49,196.79
26.1482,26.84,0.0,0.0,0.0,0.0,0.0,0.0,0.0,6.82,12.54,11.33,105.49,85.25,247.39,294.8,201.85
26.1582,28.93,0.0,0.0,0.0,0.0,0.0,0.0,0.0,4.51,8.36,7.59,102.96,82.83,252.34,299.31,209.33
26.1682,28.93,0.0,0.0,0.0,0.0,0.0,0.0,0.0,4.51,6.27,7.59,100.54,77.77,254.76,301.62,216.81
26.1782,49.61,0.0,0.0,0.0,0.0,0.0,0.0,0.0,0.0,4.18,7.59,95.48,70.18,259.71,303.93,224.4
26.1882,68.75,0.0,0.0,0.0,0.0,0.0,0.0,0.0,0.0,4.18,5.61,88.0,62.59,264.55,303.93,231.55
26.1982,86.24,0.0,0.0,0.0,0.0,0.0,0.0,0.0,0.0,0.0,5.61,82.94,55.11,266.97,303.93,238.59
26.2082,112.42,0.0,0.0,0.0,0.0,0.0,0.0,0.0,0.0,0.0,3.74,75.46,48.73,269.5,303.93,245.63
26.2182,156.09,7.48,0.0,0.0,0.0,0.0,0.0,0.0,0.0,0.0,3.74,67.98,40.26,271.92,301.62,250.36
26.2282,138.16,88.33,0.0,0.0,0.0,0.0,0.0,0.0,0.0,0.0,3.74,57.97,33.88,271.92,299.31,254.98
26.2382,99.33,158.62,0.0,4.18,0.0,0.0,0.0,0.0,0.0,0.0,0.0,45.32,27.5,269.5,294.8,262.02
26.2482,73.15,198.55,7.81,35.53,0.0,4.18,0.0,0.0,0.0,0.0,0.0,32.67,19.03,266.97,287.87,264.44
26.2582,81.84,206.8,49.17,50.16,15.18,19.03,4.51,4.51,0.0,0.0,0.0,20.13,12.65,262.13,276.43,266.75
26.2682,77.55,215.05,68.42,56.54,21.67,35.97,9.02,6.71,0.0,0.0,0.0,7.48,8.47,247.39,257.18,269.06
26.2782,64.46,223.41,75.13,60.72,28.16,52.91,18.04,11.22,0.0,0.0,0.0,0.0,6.27,213.4,225.94,271.48
26.2882,55.88,225.5,79.53,65.01,32.56,62.15,27.06,11.22,0.0,0.0,0.0,0.0,6.27,180.4,184.58,271.48
26.2982,51.7,231.77,84.04,67.1,34.65,71.5,33.77,13.53,0.0,0.0,0.0,0.0,6.27,133.21,137.17,271.48
26.3082,49.61,242.22,86.24,71.28,36.85,80.85,40.59,15.73,0.0,0.0,0.0,4.95,8.47,93.83,87.67,269.06
26.3182,47.52,252.67,88.55,75.57,39.05,88.0,47.3,18.04,0.0,0.0,0.0,0.0,8.47,62.7,42.35,252.67
26.3282,47.52,263.12,90.75,77.66,41.25,92.62,51.81,18.04,0.0,0.0,0.0,4.95,6.27,22.66,22.11,191.73
26.3382,45.54,271.48,92.95,81.95,43.34,99.66,58.63,20.24,0.0,0.0,0.0,0.0,6.27,12.54,18.15,123.64
26.3482,43.45,284.02,92.95,88.33,45.54,106.7,63.36,22.55,0.0,0.0,0.0,0.0,6.27,10.01,14.08,93.5
26.3582,41.36,294.36,88.55,94.6,47.74,116.16,70.4,22.55,0.0,0.0,0.0,0.0,4.18,7.48,12.1,81.84
26.3682,39.27,304.7,84.04,100.98,49.94,123.42,75.13,24.75,0.0,0.0,0.0,0.0,4.18,4.95,8.03,78.98
26.3782,37.18,310.86,79.53,107.36,52.03,130.57,79.86,27.06,0.0,0.0,0.0,0.0,0.0,0.0,6.05,61.49
26.3882,37.18,315.04,75.13,111.65,54.23,137.72,87.01,29.26,0.0,0.0,0.0,0.0,0.0,0.0,3.96,33.44
26.3982,35.09,315.04,75.13,117.81,56.43,142.56,91.74,29.26,0.0,0.0,0.0,0.0,0.0,0.0,0.0,8.36
26.4082,33.11,315.04,75.13,121.99,56.43,147.29,96.47,31.57,0.0,0.0,0.0,0.0,0.0,0.0,0.0,0.0
26.4182,33.11,312.95,72.93,126.06,58.63,154.55,101.2,31.57,0.0,0.0,0.0,0.0,0.0,0.0,0.0,0.0
26.4282,31.02,312.95,70.62,132.33,60.72,156.97,105.93,33.77,0.0,0.0,0.0,0.0,0.0,0.0,0.0,0.0
26.4381,31.02,308.77,68.42,136.4,62.92,164.12,108.24,36.08,0.0,0.0,0.0,0.0,0.0,0.0,0.0,0.0
26.4481,28.93,304.7,61.71,142.67,62.92,168.96,113.08,36.08,0.0,0.0,0.0,0.0,0.0,0.0,0.0,0.0
26.4581,26.84,298.43,53.13,148.83,65.01,173.47,113.08,38.28,0.0,0.0,0.0,0.0,0.0,0.0,0.0,0.0
26.4681,26.84,292.27,45.21,155.1,65.01,175.78,115.28,38.28,0.0,0.0,0.0,0.0,0.0,0.0,0.0,0.0
26.4781,24.75,284.02,39.27,163.35,65.01,182.71,117.59,38.28,0.0,0.0,0.0,0.0,0.0,0.0,0.0,0.0
26.4881,24.75,273.57,31.46,169.62,65.01,184.91,119.79,40.59,0.0,0.0,0.0,0.0,0.0,0.0,0.0,0.0
26.4981,22.77,263.12,23.54,178.09,67.21,189.53,119.79,40.59,0.0,0.0,0.0,0.0,0.0,0.0,0.0,0.0
26.5081,22.77,250.58,19.58,184.47,65.01,194.15,119.79,42.79,0.0,0.0,0.0,0.0,0.0,0.0,0.0,0.0
26.5181,20.68,238.04,15.73,190.85,65.01,198.66,122.1,42.79,0.0,0.0,0.0,0.0,0.0,0.0,0.0,0.0
26.5281,20.68,225.5,13.75,197.23,67.21,205.59,124.41,42.79,0.0,0.0,0.0,0.0,0.0,0.0,0.0,0.0
26.5381,20.68,210.98,11.77,205.7,67.21,207.9,126.61,45.1,0.0,0.0,0.0,0.0,0.0,0.0,0.0,0.0
26.5481,20.68,196.46,9.79,212.08,67.21,214.72,128.92,45.1,0.0,0.0,0.0,0.0,0.0,0.0,0.0,0.0
26.5581,18.59,184.03,9.79,218.46,69.3,219.34,131.23,47.3,0.0,0.0,0.0,0.0,0.0,0.0,0.0,0.0
26.5681,18.59,171.6,9.79,224.84,69.3,223.96,133.43,49.61,0.0,0.0,0.0,0.0,0.0,0.0,0.0,0.0
26.5781,18.59,158.62,9.79,230.56,69.3,228.47,135.74,49.61,0.0,0.0,0.0,0.0,0.0,0.0,0.0,0.0
26.5881,16.5,147.62,7.81,236.28,69.3,233.09,140.25,51.81,0.0,0.0,0.0,0.0,0.0,0.0,0.0,0.0
26.5981,16.5,136.62,7.81,242.0,71.5,237.71,142.56,54.12,0.0,0.0,0.0,0.0,0.0,0.0,0.0,0.0
26.6081,16.5,125.62,7.81,247.72,71.5,242.33,144.76,54.12,0.0,0.0,0.0,0.0,0.0,0.0,0.0,0.0
26.6181,16.5,116.82,7.81,253.44,71.5,249.26,149.38,56.32,0.0,0.0,0.0,0.0,0.0,0.0,0.0,0.0
26.6281,16.5,106.15,7.81,259.16,73.59,253.88,151.58,58.63,0.0,0.0,0.0,0.0,0.0,0.0,0.0,0.0
26.6381,16.5,98.23,7.81,264.88,73.59,258.5,153.89,58.63,0.0,0.0,0.0,0.0,0.0,0.0,0.0,0.0
26.6481,14.41,88.33,7.81,268.73,73.59,263.12,156.09,60.72,0.0,0.0,0.0,0.0,0.0,0.0,0.0,0.0
26.6581,14.41,78.32,7.81,272.58,73.59,267.74,158.4,62.92,0.0,0.0,0.0,0.0,0.0,0.0,0.0,0.0
26.6681,14.41,66.44,5.83,276.43,73.59,270.05,160.71,62.92,0.0,0.0,0.0,0.0,0.0,0.0,0.0,0.0
26.6781,14.41,56.54,5.83,278.52,73.59,274.67,162.91,65.12,0.0,0.0,0.0,0.0,0.0,0.0,0.0,0.0
26.6881,12.32,47.08,5.83,280.61,75.79,279.29,165.22,65.12,0.0,0.0,0.0,0.0,0.0,0.0,0.0,0.0
26.6981,12.32,39.49,5.83,280.61,75.79,281.49,169.84,67.32,0.0,0.0,0.0,0.0,0.0,0.0,0.0,0.0
26.7081,10.34,30.14,5.83,280.61,77.88,283.69,172.15,69.41,0.0,0.0,0.0,0.0,0.0,0.0,0.0,0.0
26.7181,10.34,22.55,5.83,278.52,77.88,288.09,176.77,71.61,32.01,0.0,0.0,0.0,0.0,0.0,0.0,0.0
26.7281,10.34,16.94,3.85,274.45,77.88,290.29,179.08,71.61,18.26,0.0,0.0,0.0,0.0,0.0,0.0,0.0
26.7381,8.25,15.07,3.85,266.86,75.79,292.49,181.5,73.81,25.08,0.0,0.0,0.0,0.0,0.0,0.0,0.0
26.7481,6.16,11.22,3.85,257.29,73.59,292.49,183.81,76.01,29.7,0.0,0.0,0.0,0.0,0.0,0.0,0.0
26.7581,6.16,11.22,0.0,247.72,71.5,294.69,186.12,78.21,38.83,0.0,0.0,0.0,0.0,0.0,0.0,0.0
26.7681,4.07,9.35,0.0,240.02,67.21,296.89,188.43,82.5,52.58,0.0,0.0,0.0,0.0,0.0,0.0,0.0
26.7781,4.07,7.48,0.0,228.58,65.01,299.09,190.74,84.7,85.8,0.0,0.0,0.0,0.0,0.0,0.0,0.0
26.7881,4.07,7.48,0.0,218.46,60.72,301.29,193.05,89.1,116.71,0.0,3.74,0.0,0.0,0.0,0.0,0.0
26.7981,0.0,5.61,0.0,203.61,54.23,303.49,193.05,93.39,146.3,0.0,7.59,0.0,0.0,0.0,0.0,0.0
26.8081,0.0,5.61,0.0,190.85,49.94,303.49,195.47,97.79,178.42,4.18,36.08,0.0,0.0,0.0,0.0,0.0
26.8181,0.0,3.74,0.0,173.8,45.54,303.49,197.78,102.08,150.81,29.26,76.78,0.0,0.0,0.0,0.0,0.0
26.8281,0.0,3.74,0.0,155.1,39.05,301.29,200.09,108.68,121.22,71.28,107.25,7.48,12.65,0.0,12.1,5.5
26.8381,0.0,3.74,0.0,134.31,32.56,296.89,200.09,113.08,104.94,92.51,120.67,15.07,14.74,12.54,24.2,5.5
26.8481,0.0,0.0,0.0,109.45,23.87,290.29,200.09,119.9,95.37,96.8,129.91,17.6,19.03,20.13,34.32,8.36
26.8581,0.0,0.0,0.0,84.04,15.18,279.29,197.78,126.83,81.07,103.18,132.22,20.13,21.12,30.14,44.33,11.11
26.8681,0.0,0.0,0.0,56.54,10.78,263.12,186.12,133.65,69.08,113.85,132.22,25.19,23.21,42.79,50.38,13.86
26.8781,0.0,0.0,0.0,29.26,8.58,237.71,165.22,142.78,61.93,122.54,134.53,27.72,25.41,52.91,58.85,16.72
26.8881,0.0,0.0,0.0,16.72,8.58,194.15,135.74,156.53,57.2,131.23,139.15,27.72,27.5,60.28,66.11,19.47
26.8981,0.0,0.0,0.0,14.63,8.58,135.41,98.78,170.39,57.2,139.92,143.66,30.14,29.59,65.12,73.26,22.33
26.9081,0.0,0.0,0.0,12.54,8.58,83.27,75.13,182.16,54.89,146.41,150.59,32.67,29.59,72.27,82.83,25.08
26.9181,0.0,0.0,0.0,10.45,6.49,48.73,29.26,187.0,54.89,152.9,157.52,32.67,31.79,77.11,89.98,25.08
26.9281,0.0,0.0,0.0,8.36,6.49,23.21,15.73,154.33,54.89,157.3,164.45,32.67,33.88,81.84,97.24,27.83
26.9381,0.0,0.0,0.0,8.36,6.49,14.74,13.53,93.39,54.89,163.79,171.38,35.2,35.97,84.26,106.81,30.69
26.9481,0.0,0.0,0.0,8.36,4.29,12.65,11.22,58.63,52.58,168.19,178.42,35.2,38.06,89.1,113.96,36.19
26.9581,0.0,0.0,0.0,6.27,4.29,10.56,6.71,38.28,52.58,172.37,183.04,37.73,40.26,96.25,123.2,39.05
26.9681,0.0,0.0,0.0,6.27,0.0,6.27,4.51,31.57,52.58,178.64,187.77,37.73,42.35,101.09,132.55,44.66
26.9781,0.0,0.0,0.0,4.18,0.0,4.18,0.0,27.06,50.27,182.82,190.08,40.26,44.44,105.82,139.59,50.16
26.9881,0.0,0.0,0.0,4.18,0.0,4.18,0.0,13.53,47.96,187.0,192.39,42.79,46.53,110.66,146.52,53.02
26.9981,0.0,0.0,0.0,4.18,0.0,0.0,0.0,0.0,47.96,189.09,194.81,42.79,46.53,118.03,153.56,58.63
27.0081,0.0,0.0,0.0,0.0,0.0,0.0,0.0,0.0,45.76,191.18,194.81,45.32,48.73,120.56,158.18,64.35
27.0181,0.0,0.0,0.0,0.0,0.0,0.0,0.0,0.0,43.45,191.18,194.81,45.32,50.82,125.62,165.11,70.18
27.0281,0.0,0.0,0.0,0.0,0.0,0.0,0.0,0.0,41.14,189.09,194.81,47.85,50.82,128.15,167.53,76.01
27.0381,0.0,0.0,0.0,0.0,0.0,0.0,0.0,0.0,38.83,189.09,192.39,47.85,52.91,133.21,172.37,78.98
27.0481,0.0,0.0,0.0,0.0,0.0,0.0,0.0,0.0,38.83,184.91,190.08,50.38,52.91,133.21,174.79,84.81
27.0581,0.0,0.0,0.0,0.0,0.0,0.0,0.0,0.0,36.52,182.82,187.77,50.38,55.11,135.74,179.63,87.67
27.0681,0.0,0.0,0.0,0.0,0.0,0.0,0.0,0.0,34.32,180.73,185.46,52.91,55.11,138.27,182.16,90.53
27.0781,0.0,0.0,0.0,0.0,0.0,0.0,0.0,0.0,32.01,176.55,180.73,52.91,57.53,140.8,184.58,93.5
27.0881,0.0,0.0,0.0,0.0,0.0,0.0,0.0,0.0,32.01,174.46,176.11,52.91,57.53,143.22,187.0,96.36
27.0981,0.0,0.0,0.0,0.0,0.0,0.0,0.0,0.0,29.7,170.28,171.38,55.44,60.06,143.22,189.42,99.33
27.1081,0.0,0.0,0.0,0.0,0.0,0.0,0.0,0.0,27.39,165.99,169.07,55.44,60.06,145.75,191.84,99.33
27.1181,0.0,0.0,0.0,0.0,0.0,0.0,0.0,0.0,27.39,163.79,164.45,55.44,62.59,145.75,194.37,102.19
27.1281,0.0,0.0,0.0,0.0,0.0,0.0,0.0,0.0,27.39,161.59,164.45,55.44,62.59,145.75,196.79,105.16
27.1381,0.0,0.0,0.0,0.0,0.0,0.0,0.0,0.0,27.39,157.3,162.14,55.44,62.59,145.75,196.79,105.16
27.1481,0.0,0.0,0.0,0.0,0.0,0.0,0.0,0.0,25.08,155.1,159.83,57.97,62.59,148.28,199.21,108.02
27.1581,0.0,0.0,0.0,0.0,0.0,0.0,0.0,0.0,25.08,155.1,157.52,57.97,65.12,148.28,201.63,108.02
27.1681,0.0,0.0,0.0,0.0,0.0,0.0,0.0,0.0,25.08,152.9,155.21,57.97,65.12,150.81,201.63,110.99
27.1781,0.0,0.0,0.0,0.0,0.0,0.0,0.0,0.0,22.88,148.61,150.59,60.39,67.65,153.34,204.05,113.52
27.1881,0.0,0.0,0.0,0.0,0.0,0.0,0.0,0.0,22.88,146.41,145.97,60.39,67.65,155.87,209.0,113.52
27.1981,0.0,0.0,0.0,0.0,0.0,0.0,0.0,0.0,22.88,142.01,141.35,62.92,67.65,158.4,211.42,116.05
27.2081,0.0,0.0,0.0,0.0,0.0,0.0,0.0,0.0,20.57,137.72,136.84,65.45,70.18,160.93,213.84,121.11
27.2181,0.0,0.0,0.0,0.0,0.0,0.0,0.0,0.0,20.57,131.23,129.91,65.45,72.71,163.46,218.68,126.17
27.2281,0.0,0.0,0.0,0.0,0.0,0.0,0.0,0.0,20.57,126.83,122.98,67.98,75.24,168.52,223.52,128.7
27.2381,0.0,0.0,0.0,0.0,0.0,0.0,0.0,0.0,18.26,120.34,118.36,70.4,75.24,173.36,228.36,133.76
27.2481,0.0,0.0,0.0,0.0,0.0,0.0,0.0,0.0,18.26,113.85,109.45,72.93,77.77,178.09,233.2,138.82
27.2581,0.0,0.0,0.0,0.0,0.0,0.0,0.0,0.0,18.26,105.27,102.96,75.46,80.3,182.82,240.35,146.41
27.2681,0.0,0.0,0.0,0.0,0.0,0.0,0.0,0.0,18.26,98.89,96.36,77.99,82.83,187.44,245.19,151.47
27.2781,0.0,0.0,0.0,0.0,0.0,0.0,0.0,0.0,15.95,90.42,89.87,80.41,85.25,189.86,249.92,156.53
27.2881,0.0,0.0,0.0,0.0,0.0,0.0,0.0,0.0,15.95,84.04,83.38,82.94,87.78,194.59,257.18,161.59
27.2981,0.0,0.0,0.0,0.0,0.0,0.0,0.0,0.0,15.95,77.66,74.69,85.47,87.78,199.32,259.6,166.76
27.3081,0.0,0.0,0.0,0.0,0.0,0.0,0.0,0.0,15.95,71.28,68.09,88.0,87.78,203.94,264.33,169.18
27.3181,0.0,0.0,0.0,0.0,0.0,0.0,0.0,0.0,13.64,67.1,59.4,90.53,90.31,208.67,266.75,174.24
27.3281,0.0,0.0,0.0,0.0,0.0,0.0,0.0,0.0,13.64,60.72,51.26,92.95,90.31,213.4,269.17,179.19
27.3381,0.0,0.0,0.0,0.0,0.0,0.0,0.0,0.0,15.95,54.34,43.67,98.01,87.78,220.55,271.59,184.25
27.3481,12.32,0.0,0.0,0.0,0.0,0.0,0.0,0.0,13.64,48.07,34.1,100.54,90.31,227.81,271.59,186.78
27.3581,18.59,0.0,0.0,0.0,0.0,0.0,0.0,0.0,13.64,41.8,28.49,105.49,87.78,235.18,274.01,191.73
27.3681,22.77,0.0,0.0,0.0,0.0,0.0,0.0,0.0,13.64,31.35,20.9,110.55,85.25,242.55,274.01,194.26
27.3781,24.75,0.0,0.0,0.0,0.0,0.0,0.0,0.0,11.44,22.99,15.18,115.5,82.83,252.34,271.59,201.85
27.3881,37.18,0.0,0.0,0.0,0.0,0.0,0.0,0.0,9.13,14.63,13.2,115.5,77.77,259.71,271.59,206.8
27.3981,64.46,0.0,0.0,0.0,0.0,0.0,0.0,0.0,6.82,10.45,9.46,113.08,72.71,264.55,274.01,214.39
27.4081,97.13,0.0,0.0,0.0,0.0,0.0,0.0,0.0,4.51,8.36,7.59,108.02,65.12,269.5,276.43,221.87
27.4181,136.18,16.94,0.0,0.0,0.0,0.0,0.0,0.0,4.51,6.27,5.61,98.01,57.53,274.34,276.43,229.24
27.4281,99.33,88.33,0.0,0.0,0.0,0.0,0.0,0.0,0.0,4.18,5.61,90.53,50.82,274.34,278.63,236.28
27.4381,64.46,138.82,3.85,20.9,0.0,0.0,0.0,0.0,0.0,4.18,3.74,77.99,42.35,274.34,278.63,243.32
27.4481,68.75,154.22,39.27,41.8,8.58,19.03,6.71,4.51,0.0,0.0,3.74,65.45,33.88,271.92,276.43,250.36
27.4581,70.95,158.62,79.53,43.89,21.67,31.79,11.22,9.02,0.0,0.0,3.74,47.85,25.41,269.5,271.59,252.67
27.4681,60.06,169.51,92.95,48.07,28.16,48.73,22.55,13.53,0.0,0.0,0.0,30.14,14.74,259.71,262.02,257.4
27.4781,51.7,171.6,101.86,50.16,32.56,59.73,33.77,15.73,0.0,0.0,0.0,12.54,8.47,244.97,245.19,257.4
27.4881,45.54,171.6,106.37,52.25,34.65,69.19,45.1,18.04,0.0,0.0,0.0,4.95,6.27,208.67,216.26,259.71
27.4981,39.27,175.78,106.37,56.54,36.85,78.54,51.81,20.24,0.0,0.0,0.0,0.0,6.27,163.46,169.95,262.02
27.5081,37.18,186.12,110.77,58.63,39.05,88.0,58.63,22.55,0.0,0.0,0.0,0.0,6.27,113.08,116.27,259.71
27.5181,37.18,198.55,115.28,60.72,41.25,92.62,65.67,24.75,0.0,0.0,0.0,0.0,8.47,74.69,63.69,254.98
27.5281,37.18,212.96,121.88,65.01,41.25,99.66,70.4,24.75,0.0,0.0,0.0,4.95,6.27,37.73,24.2,221.87
27.5381,39.27,229.68,128.48,67.1,41.25,102.08,70.4,24.75,0.0,0.0,0.0,4.95,6.27,15.07,18.15,138.82
27.5481,41.36,248.49,135.08,69.19,41.25,104.39,72.82,27.06,0.0,0.0,0.0,0.0,6.27,10.01,14.08,93.5
27.5581,45.54,265.21,139.48,71.28,41.25,106.7,72.82,27.06,0.0,0.0,0.0,0.0,4.18,7.48,10.01,76.01
27.5681,49.61,279.95,143.88,71.28,41.25,109.12,72.82,27.06,0.0,0.0,0.0,0.0,4.18,4.95,8.03,73.15
27.5781,53.79,292.27,152.68,71.28,41.25,109.12,72.82,27.06,0.0,0.0,0.0,0.0,0.0,0.0,3.96,58.63
27.5881,57.97,300.52,161.48,71.28,41.25,109.12,75.13,27.06,0.0,0.0,0.0,0.0,0.0,0.0,0.0,33.44
27.5981,62.26,306.79,170.5,71.28,41.25,106.7,75.13,27.06,0.0,0.0,0.0,0.0,0.0,0.0,0.0,5.5
27.6081,68.75,310.86,177.54,69.19,41.25,104.39,75.13,27.06,0.0,0.0,0.0,0.0,0.0,0.0,0.0,0.0
27.6181,70.95,312.95,184.69,69.19,41.25,104.39,75.13,27.06,0.0,0.0,0.0,0.0,0.0,0.0,0.0,0.0
27.6281,73.15,312.95,187.0,69.19,41.25,104.39,75.13,27.06,0.0,0.0,0.0,0.0,0.0,0.0,0.0,0.0
27.6381,73.15,312.95,189.42,69.19,41.25,106.7,77.55,27.06,0.0,0.0,0.0,0.0,0.0,0.0,0.0,0.0
27.6481,73.15,310.86,187.0,71.28,43.34,109.12,77.55,29.26,0.0,0.0,0.0,0.0,0.0,0.0,0.0,0.0
27.6581,68.75,308.77,182.27,73.48,43.34,111.43,79.86,29.26,0.0,0.0,0.0,0.0,0.0,0.0,0.0,0.0
27.6681,64.46,308.77,177.54,75.57,45.54,116.16,82.28,29.26,0.0,0.0,0.0,0.0,0.0,0.0,0.0,0.0
27.6781,60.06,306.79,170.5,79.75,45.54,121.0,84.59,29.26,0.0,0.0,0.0,0.0,0.0,0.0,0.0,0.0
27.6881,55.88,304.7,163.68,84.04,45.54,123.42,87.01,31.57,0.0,0.0,0.0,0.0,0.0,0.0,0.0,0.0
27.6981,51.7,302.61,154.88,86.13,47.74,128.15,89.32,31.57,0.0,0.0,0.0,0.0,0.0,0.0,0.0,0.0
27.7081,47.52,300.52,148.28,88.33,47.74,130.57,91.74,31.57,0.0,0.0,0.0,0.0,0.0,0.0,0.0,0.0
27.7181,45.54,298.43,141.68,90.42,49.94,132.99,94.05,33.77,0.0,0.0,0.0,0.0,0.0,0.0,0.0,0.0
27.7281,43.45,294.36,137.28,92.51,49.94,132.99,96.47,33.77,0.0,0.0,0.0,0.0,0.0,0.0,0.0,0.0
27.7381,41.36,292.27,135.08,92.51,52.03,135.41,98.78,33.77,0.0,0.0,0.0,0.0,0.0,0.0,0.0,0.0
27.7481,41.36,290.18,130.68,94.6,52.03,135.41,98.78,33.77,0.0,0.0,0.0,0.0,0.0,0.0,0.0,0.0
27.7581,39.27,288.2,130.68,94.6,52.03,135.41,98.78,33.77,0.0,0.0,0.0,0.0,0.0,0.0,0.0,0.0
27.7681,39.27,288.2,130.68,94.6,52.03,135.41,98.78,33.77,0.0,0.0,0.0,0.0,0.0,0.0,0.0,0.0
27.7781,39.27,288.2,130.68,96.8,52.03,135.41,98.78,33.77,0.0,0.0,0.0,0.0,0.0,0.0,0.0,0.0
27.7881,41.36,288.2,132.88,96.8,52.03,135.41,98.78,33.77,0.0,0.0,0.0,0.0,0.0,0.0,0.0,0.0
27.7981,41.36,288.2,135.08,98.89,52.03,137.72,98.78,36.08,0.0,0.0,0.0,0.0,0.0,0.0,0.0,0.0
27.8081,41.36,288.2,137.28,98.89,52.03,137.72,101.2,36.08,0.0,0.0,0.0,0.0,0.0,0.0,0.0,0.0
27.8181,41.36,288.2,139.48,103.07,52.03,140.14,101.2,36.08,0.0,0.0,0.0,0.0,0.0,0.0,0.0,0.0
27.8281,39.27,290.18,139.48,105.27,52.03,142.56,101.2,36.08,0.0,0.0,0.0,0.0,0.0,0.0,0.0,0.0
27.8381,41.36,290.18,141.68,107.36,52.03,144.98,103.51,36.08,0.0,0.0,0.0,0.0,0.0,0.0,0.0,0.0
27.8481,39.27,290.18,141.68,109.45,54.23,147.29,103.51,36.08,0.0,0.0,0.0,0.0,0.0,0.0,0.0,0.0
27.858,39.27,288.2,141.68,113.63,54.23,149.71,105.93,38.28,0.0,0.0,0.0,0.0,0.0,0.0,0.0,0.0
27.868,37.18,286.11,139.48,117.81,56.43,154.55,105.93,38.28,0.0,0.0,0.0,0.0,0.0,0.0,0.0,0.0
27.878,35.09,284.02,135.08,123.97,56.43,156.97,108.24,38.28,0.0,0.0,0.0,0.0,0.0,0.0,0.0,0.0
27.888,33.11,279.95,126.28,130.24,56.43,161.7,108.24,40.59,0.0,0.0,0.0,0.0,0.0,0.0,0.0,0.0
27.898,31.02,275.66,117.48,136.4,56.43,166.54,108.24,40.59,0.0,0.0,0.0,0.0,0.0,0.0,0.0,0.0
27.908,28.93,269.39,104.06,144.76,56.43,171.16,108.24,42.79,0.0,0.0,0.0,0.0,0.0,0.0,0.0,0.0
27.918,26.84,263.12,88.55,153.01,56.43,175.78,108.24,42.79,0.0,0.0,0.0,0.0,0.0,0.0,0.0,0.0
27.928,24.75,254.76,72.93,163.35,56.43,182.71,108.24,42.79,0.0,0.0,0.0,0.0,0.0,0.0,0.0,0.0
27.938,24.75,242.22,55.11,176.0,56.43,189.53,110.66,45.1,0.0,0.0,0.0,0.0,0.0,0.0,0.0,0.0
27.948,22.77,227.59,41.25,188.65,58.63,196.46,113.08,47.3,0.0,0.0,0.0,0.0,0.0,0.0,0.0,0.0
27.958,20.68,208.89,29.48,199.32,58.63,203.28,115.28,47.3,0.0,0.0,0.0,0.0,0.0,0.0,0.0,0.0
27.968,20.68,192.28,21.56,212.08,58.63,212.41,117.59,49.61,18.26,0.0,0.0,0.0,0.0,0.0,0.0,0.0
27.978,18.59,171.6,15.73,222.64,58.63,221.65,122.1,51.81,15.95,0.0,0.0,0.0,0.0,0.0,0.0,0.0
27.988,18.59,149.82,13.75,232.43,60.72,228.47,124.41,51.81,22.88,0.0,0.0,0.0,0.0,0.0,0.0,0.0
27.998,16.5,125.62,11.77,242.0,58.63,235.4,128.92,54.12,29.7,0.0,0.0,0.0,0.0,0.0,0.0,0.0
28.008,16.5,104.17,11.77,251.57,60.72,244.64,131.23,56.32,47.96,0.0,0.0,0.0,0.0,0.0,0.0,0.0
28.018,14.41,82.28,9.79,259.16,58.63,251.57,135.74,58.63,76.23,0.0,0.0,0.0,0.0,0.0,0.0,0.0
28.028,14.41,62.48,9.79,264.88,58.63,258.5,137.94,60.72,90.53,0.0,3.74,0.0,0.0,0.0,0.0,0.0
28.038,12.32,43.34,7.81,268.73,58.63,265.43,142.56,60.72,128.04,0.0,5.61,0.0,0.0,0.0,0.0,0.0
28.048,10.34,24.42,7.81,268.73,58.63,272.36,147.07,62.92,162.14,14.63,18.92,0.0,0.0,0.0,0.0,0.0
28.058,8.25,16.94,5.83,257.29,56.43,279.29,151.58,65.12,130.35,43.89,55.11,0.0,0.0,0.0,0.0,0.0
28.068,6.16,13.09,3.85,238.15,49.94,285.89,156.09,69.41,104.94,77.66,72.49,0.0,4.18,0.0,3.96,0.0
28.078,4.07,11.22,3.85,214.17,43.34,290.29,162.91,78.21,85.8,92.51,85.47,4.95,10.56,0.0,16.06,5.5
28.088,0.0,7.48,0.0,186.56,36.85,292.49,167.53,86.9,76.23,103.18,92.07,7.48,14.74,4.95,26.18,5.5
28.098,0.0,7.48,0.0,157.08,28.16,292.49,169.84,97.79,64.35,109.56,98.56,10.01,14.74,12.54,34.32,8.36
28.108,0.0,5.61,0.0,128.15,19.47,288.09,169.84,108.68,59.51,115.94,105.05,12.54,16.94,20.13,42.35,11.11
28.118,0.0,3.74,0.0,94.6,10.78,281.49,162.91,119.9,54.89,122.54,111.65,12.54,19.03,25.19,48.4,13.86
28.128,0.0,3.74,0.0,60.72,6.49,263.12,140.25,131.34,54.89,129.03,120.67,15.07,21.12,27.72,54.45,13.86
28.138,0.0,3.74,0.0,27.17,6.49,230.78,105.93,145.09,54.89,135.52,129.91,12.54,21.12,32.67,61.27,16.72
28.148,0.0,3.74,0.0,14.63,6.49,164.12,63.36,161.15,57.2,144.21,139.15,15.07,23.21,35.2,68.42,19.47
28.158,0.0,0.0,0.0,12.54,6.49,95.04,22.55,168.08,59.51,152.9,150.59,15.07,23.21,40.26,75.68,19.47
28.168,0.0,0.0,0.0,10.45,6.49,50.82,15.73,147.4,61.93,163.79,159.83,17.6,25.41,45.32,82.83,25.08
28.178,0.0,0.0,0.0,10.45,4.29,19.03,11.22,104.28,64.35,174.46,169.07,17.6,27.5,47.85,92.4,27.83
28.188,0.0,0.0,0.0,8.36,4.29,10.56,9.02,67.32,66.66,182.82,178.42,17.6,29.59,52.91,101.97,30.69
28.198,0.0,0.0,0.0,6.27,0.0,8.47,4.51,49.61,66.66,191.18,187.77,20.13,31.79,57.97,109.23,36.19
28.208,0.0,0.0,0.0,6.27,0.0,6.27,0.0,33.77,64.35,199.54,194.81,20.13,33.88,62.7,116.27,41.8
28.218,0.0,0.0,0.0,4.18,0.0,4.18,0.0,24.75,66.66,205.81,201.74,20.13,33.88,67.54,125.62,50.16
28.228,0.0,0.0,0.0,4.18,0.0,0.0,0.0,6.71,64.35,209.99,208.78,22.66,35.97,69.85,130.24,55.77
28.238,0.0,0.0,0.0,0.0,0.0,0.0,0.0,0.0,64.35,212.08,213.51,22.66,38.06,74.69,137.17,61.49
28.248,0.0,0.0,0.0,0.0,0.0,0.0,0.0,0.0,61.93,214.17,218.13,25.19,40.26,77.11,144.21,70.18
28.258,0.0,0.0,0.0,0.0,0.0,0.0,0.0,0.0,59.51,214.17,220.55,25.19,42.35,79.53,148.83,76.01
28.268,0.0,0.0,0.0,0.0,0.0,0.0,0.0,0.0,57.2,214.17,222.75,25.19,42.35,81.84,153.56,81.84
28.278,0.0,0.0,0.0,0.0,0.0,0.0,0.0,0.0,54.89,212.08,222.75,25.19,44.44,84.26,158.18,87.67
28.288,0.0,0.0,0.0,0.0,0.0,0.0,0.0,0.0,52.58,209.99,222.75,27.72,44.44,89.1,160.49,90.53
28.298,0.0,0.0,0.0,0.0,0.0,0.0,0.0,0.0,50.27,209.99,220.55,27.72,46.53,89.1,162.8,96.36
28.308,0.0,0.0,0.0,0.0,0.0,0.0,0.0,0.0,47.96,207.9,215.82,27.72,46.53,91.41,165.11,99.33
28.318,0.0,0.0,0.0,0.0,0.0,0.0,0.0,0.0,45.76,207.9,213.51,30.14,48.73,93.83,167.53,102.19
28.328,0.0,0.0,0.0,0.0,0.0,0.0,0.0,0.0,43.45,203.72,208.78,30.14,48.73,96.25,169.95,105.16
28.338,0.0,0.0,0.0,0.0,0.0,0.0,0.0,0.0,41.14,201.63,204.16,32.67,48.73,96.25,172.37,108.02
28.348,0.0,0.0,0.0,0.0,0.0,0.0,0.0,0.0,38.83,199.54,201.74,32.67,50.82,98.67,174.79,108.02
28.358,0.0,0.0,0.0,0.0,0.0,0.0,0.0,0.0,36.52,197.45,197.12,32.67,50.82,101.09,174.79,110.99
28.368,0.0,0.0,0.0,0.0,0.0,0.0,0.0,0.0,36.52,195.36,194.81,32.67,50.82,101.09,177.21,110.99
28.378,0.0,0.0,0.0,0.0,0.0,0.0,0.0,0.0,34.32,191.18,190.08,32.67,52.91,101.09,177.21,113.52
28.388,0.0,0.0,0.0,0.0,0.0,0.0,0.0,0.0,34.32,189.09,187.77,32.67,52.91,103.4,179.63,113.52
28.398,0.0,0.0,0.0,0.0,0.0,0.0,0.0,0.0,32.01,184.91,185.46,35.2,52.91,105.82,182.16,116.05
28.408,0.0,0.0,0.0,0.0,0.0,0.0,0.0,0.0,29.7,182.82,183.04,35.2,55.11,105.82,184.58,116.05
28.418,0.0,0.0,0.0,0.0,0.0,0.0,0.0,0.0,29.7,180.73,180.73,35.2,55.11,105.82,187.0,118.58
28.428,0.0,0.0,0.0,0.0,0.0,0.0,0.0,0.0,29.7,178.64,178.42,35.2,55.11,108.24,189.42,118.58
28.438,0.0,0.0,0.0,0.0,0.0,0.0,0.0,0.0,29.7,176.55,176.11,37.73,57.53,110.66,189.42,121.11
28.448,0.0,0.0,0.0,0.0,0.0,0.0,0.0,0.0,29.7,176.55,176.11,37.73,57.53,113.08,191.84,121.11
28.458,0.0,0.0,0.0,0.0,0.0,0.0,0.0,0.0,27.39,174.46,171.38,40.26,57.53,115.5,194.37,123.64
28.468,0.0,0.0,0.0,0.0,0.0,0.0,0.0,0.0,27.39,172.37,169.07,40.26,60.06,118.03,196.79,126.17
28.478,0.0,0.0,0.0,0.0,0.0,0.0,0.0,0.0,25.08,170.28,164.45,42.79,62.59,123.09,199.21,128.7
28.488,0.0,0.0,0.0,0.0,0.0,0.0,0.0,0.0,25.08,168.19,159.83,45.32,62.59,125.62,201.63,133.76
28.498,0.0,0.0,0.0,0.0,0.0,0.0,0.0,0.0,22.88,163.79,155.21,47.85,65.12,130.68,204.05,136.29
28.508,0.0,0.0,0.0,0.0,0.0,0.0,0.0,0.0,22.88,157.3,145.97,47.85,65.12,133.21,209.0,138.82
28.518,0.0,0.0,0.0,0.0,0.0,0.0,0.0,0.0,20.57,150.7,139.15,52.91,67.65,138.27,211.42,143.88
28.528,4.07,0.0,0.0,0.0,0.0,0.0,0.0,0.0,20.57,142.01,129.91,52.91,67.65,143.22,213.84,148.94
28.538,16.5,0.0,0.0,0.0,0.0,0.0,0.0,0.0,18.26,133.32,120.67,55.44,70.18,148.28,216.26,154.0
28.548,22.77,0.0,0.0,0.0,0.0,0.0,0.0,0.0,18.26,126.83,109.45,60.39,72.71,153.34,221.21,156.53
28.558,24.75,0.0,0.0,0.0,0.0,0.0,0.0,0.0,18.26,118.14,96.36,62.92,72.71,158.4,223.52,161.59
28.568,35.09,0.0,0.0,0.0,0.0,0.0,0.0,0.0,15.95,107.47,85.47,65.45,75.24,163.46,225.94,164.12
28.578,55.88,0.0,0.0,0.0,0.0,0.0,0.0,0.0,15.95,96.8,74.69,67.98,75.24,168.52,230.78,169.18
28.588,79.64,0.0,0.0,0.0,0.0,0.0,0.0,0.0,15.95,86.13,63.8,70.4,77.77,171.05,233.2,171.71
28.598,118.36,0.0,0.0,0.0,0.0,0.0,0.0,0.0,15.95,73.48,53.13,70.4,77.77,173.36,237.93,174.24
28.608,170.06,3.74,0.0,0.0,0.0,0.0,0.0,0.0,15.95,58.63,43.67,72.93,80.3,175.67,240.35,176.77
28.618,206.58,41.36,0.0,0.0,0.0,0.0,0.0,0.0,13.64,41.8,36.08,72.93,80.3,178.09,245.19,179.19
28.628,174.13,132.22,3.85,0.0,0.0,0.0,0.0,0.0,13.64,25.08,26.51,72.93,77.77,180.4,249.92,179.19
28.638,136.18,210.98,11.77,14.63,0.0,0.0,0.0,0.0,11.44,14.63,18.92,70.4,75.24,182.82,249.92,184.25
28.648,112.42,240.13,57.31,39.71,0.0,8.47,0.0,0.0,6.82,8.36,11.33,62.92,67.65,182.82,252.34,189.31
28.658,101.42,256.85,79.53,52.25,4.29,25.41,4.51,4.51,4.51,8.36,9.46,52.91,57.53,180.4,249.92,196.79
28.668,88.44,267.3,86.24,58.63,8.58,40.26,6.71,6.71,4.51,4.18,7.59,37.73,44.44,173.36,249.92,204.27
28.678,79.64,271.48,92.95,60.72,12.98,50.82,11.22,9.02,0.0,4.18,5.61,22.66,33.88,163.46,247.61,211.86
28.688,75.35,277.75,92.95,62.81,15.18,57.42,13.53,11.22,0.0,0.0,5.61,7.48,21.12,148.28,240.35,216.81
28.698,73.15,284.02,95.15,65.01,17.27,62.15,15.73,11.22,0.0,0.0,3.74,0.0,8.47,120.56,221.21,219.34
28.708,70.95,292.27,95.15,67.1,17.27,66.77,18.04,13.53,0.0,0.0,3.74,0.0,4.18,86.68,184.58,229.24
28.718,73.15,302.61,90.75,67.1,17.27,66.77,18.04,13.53,0.0,0.0,0.0,0.0,4.18,55.44,137.17,224.4
28.728,73.15,310.86,88.55,69.19,17.27,69.19,18.04,11.22,0.0,0.0,0.0,0.0,4.18,35.2,82.83,221.87
28.738,75.35,321.2,81.84,71.28,15.18,69.19,15.73,11.22,0.0,0.0,0.0,0.0,0.0,12.54,42.35,209.33
28.748,75.35,333.63,77.33,73.48,15.18,71.5,15.73,11.22,0.0,0.0,0.0,0.0,0.0,4.95,12.1,159.06
28.758,77.55,347.05,70.62,77.66,15.18,73.81,15.73,11.22,0.0,0.0,0.0,0.0,0.0,0.0,8.03,99.33
28.768,77.55,358.27,66.22,79.75,12.98,76.23,15.73,13.53,0.0,0.0,0.0,0.0,0.0,0.0,6.05,70.18
28.778,77.55,367.18,64.02,84.04,15.18,78.54,18.04,13.53,0.0,0.0,0.0,0.0,0.0,0.0,3.96,55.77
28.788,77.55,376.2,61.71,86.13,15.18,83.27,18.04,13.53,0.0,0.0,0.0,0.0,0.0,0.0,0.0,44.66
28.798,77.55,382.91,64.02,90.42,15.18,85.58,20.24,13.53,0.0,0.0,0.0,0.0,0.0,0.0,0.0,33.44
28.808,75.35,389.4,66.22,92.51,17.27,90.31,20.24,13.53,0.0,0.0,0.0,0.0,0.0,0.0,0.0,13.86
28.818,75.35,393.47,68.42,96.8,17.27,95.04,22.55,15.73,0.0,0.0,0.0,0.0,0.0,0.0,0.0,0.0
28.828,70.95,395.56,70.62,100.98,19.47,99.66,24.75,15.73,0.0,0.0,0.0,0.0,0.0,0.0,0.0,0.0
28.838,68.75,397.54,70.62,105.27,21.67,104.39,27.06,15.73,0.0,0.0,0.0,0.0,0.0,0.0,0.0,0.0
28.848,66.66,399.63,70.62,109.45,21.67,106.7,29.26,18.04,0.0,0.0,0.0,0.0,0.0,0.0,0.0,0.0
28.858,62.26,399.63,68.42,111.65,21.67,111.43,31.57,18.04,0.0,0.0,0.0,0.0,0.0,0.0,0.0,0.0
28.868,60.06,399.63,66.22,115.72,23.87,113.85,33.77,18.04,0.0,0.0,0.0,0.0,0.0,0.0,0.0,0.0
28.878,55.88,397.54,66.22,119.9,23.87,118.58,36.08,18.04,0.0,0.0,0.0,0.0,0.0,0.0,0.0,0.0
28.888,53.79,395.56,64.02,123.97,25.96,121.0,36.08,20.24,0.0,0.0,0.0,0.0,0.0,0.0,0.0,0.0
28.898,51.7,393.47,61.71,128.15,25.96,123.42,38.28,20.24,0.0,0.0,0.0,0.0,0.0,0.0,0.0,0.0
28.908,49.61,389.4,59.51,130.24,28.16,125.73,40.59,20.24,0.0,0.0,0.0,0.0,0.0,0.0,0.0,0.0
28.918,45.54,385.11,55.11,134.31,28.16,128.15,42.79,20.24,0.0,0.0,0.0,0.0,0.0,0.0,0.0,0.0
28.928,43.45,380.6,53.13,138.49,30.36,130.57,45.1,22.55,0.0,0.0,0.0,0.0,0.0,0.0,0.0,0.0
28.938,41.36,376.2,51.15,140.58,30.36,132.99,47.3,22.55,0.0,0.0,0.0,0.0,0.0,0.0,0.0,0.0
28.948,39.27,369.49,47.19,144.76,32.56,135.41,49.61,22.55,0.0,0.0,0.0,0.0,0.0,0.0,0.0,0.0
28.958,37.18,362.67,45.21,146.74,32.56,137.72,49.61,24.75,0.0,0.0,0.0,0.0,0.0,0.0,0.0,0.0
28.968,35.09,355.96,41.25,150.92,34.65,140.14,51.81,24.75,0.0,0.0,0.0,0.0,0.0,0.0,0.0,0.0
28.978,35.09,349.25,39.27,155.1,34.65,144.98,54.12,24.75,0.0,0.0,0.0,0.0,0.0,0.0,0.0,0.0
28.988,33.11,342.54,37.29,157.08,36.85,147.29,56.32,27.06,0.0,0.0,0.0,0.0,0.0,0.0,0.0,0.0
28.998,31.02,335.83,37.29,161.26,36.85,149.71,60.94,27.06,0.0,0.0,0.0,0.0,0.0,0.0,0.0,0.0
29.008,31.02,329.45,33.44,165.44,39.05,154.55,63.36,27.06,0.0,0.0,0.0,0.0,0.0,0.0,0.0,0.0
29.018,28.93,321.2,33.44,169.62,41.25,156.97,65.67,29.26,0.0,0.0,0.0,0.0,0.0,0.0,0.0,0.0
29.028,26.84,315.04,29.48,176.0,41.25,161.7,70.4,29.26,0.0,0.0,0.0,0.0,0.0,0.0,0.0,0.0
29.038,26.84,306.79,27.5,180.18,43.34,166.54,72.82,29.26,0.0,0.0,0.0,0.0,0.0,0.0,0.0,0.0
29.048,26.84,298.43,25.52,186.56,45.54,171.16,77.55,31.57,0.0,0.0,0.0,0.0,0.0,0.0,0.0,0.0
29.058,24.75,290.18,21.56,192.94,47.74,173.47,79.86,31.57,0.0,0.0,0.0,0.0,0.0,0.0,0.0,0.0
29.068,24.75,279.95,19.58,201.41,47.74,180.4,82.28,33.77,0.0,0.0,0.0,0.0,0.0,0.0,0.0,0.0
29.078,22.77,269.39,17.71,207.79,49.94,184.91,87.01,33.77,0.0,0.0,0.0,0.0,0.0,0.0,0.0,0.0
29.088,22.77,256.85,15.73,216.26,52.03,191.84,89.32,36.08,0.0,0.0,0.0,0.0,0.0,0.0,0.0,0.0
29.098,22.77,244.31,13.75,226.71,52.03,196.46,94.05,36.08,0.0,0.0,0.0,0.0,0.0,0.0,0.0,0.0
29.108,20.68,227.59,11.77,234.3,54.23,205.59,98.78,38.28,0.0,0.0,0.0,0.0,0.0,0.0,0.0,0.0
29.118,20.68,212.96,9.79,243.87,54.23,210.21,101.2,38.28,0.0,0.0,0.0,0.0,0.0,0.0,0.0,0.0
29.128,18.59,196.46,9.79,251.57,56.43,217.03,105.93,40.59,0.0,0.0,0.0,0.0,0.0,0.0,0.0,0.0
29.138,18.59,179.85,9.79,259.16,56.43,223.96,108.24,40.59,0.0,0.0,0.0,0.0,0.0,0.0,0.0,0.0
29.148,18.59,163.02,9.79,266.86,56.43,230.78,113.08,42.79,0.0,0.0,0.0,0.0,0.0,0.0,0.0,0.0
29.158,16.5,143.22,7.81,274.45,56.43,237.71,115.28,42.79,0.0,0.0,0.0,0.0,0.0,0.0,0.0,0.0
29.168,16.5,123.42,7.81,282.7,54.23,242.33,117.59,45.1,0.0,0.0,0.0,0.0,0.0,0.0,0.0,0.0
29.178,16.5,104.17,7.81,291.17,54.23,249.26,117.59,45.1,11.44,0.0,0.0,0.0,0.0,0.0,0.0,0.0
29.188,16.5,86.35,7.81,297.55,52.03,253.88,119.79,45.1,15.95,0.0,0.0,0.0,0.0,0.0,0.0,0.0
29.198,14.41,68.42,7.81,303.93,52.03,260.81,122.1,47.3,20.57,0.0,0.0,0.0,0.0,0.0,0.0,0.0
29.208,14.41,50.82,5.83,310.31,52.03,265.43,124.41,47.3,22.88,0.0,0.0,0.0,0.0,0.0,0.0,0.0
29.218,12.32,35.75,5.83,312.4,52.03,272.36,126.61,47.3,29.7,0.0,0.0,0.0,0.0,0.0,0.0,0.0
29.228,10.34,22.55,5.83,310.31,49.94,276.98,128.92,49.61,41.14,0.0,0.0,0.0,0.0,0.0,0.0,0.0
29.238,8.25,16.94,3.85,299.75,47.74,283.69,133.43,51.81,69.08,0.0,3.74,0.0,0.0,0.0,0.0,0.0
29.248,6.16,13.09,3.85,282.7,43.34,290.29,137.94,54.12,109.67,0.0,3.74,0.0,0.0,0.0,0.0,0.0
29.258,4.07,11.22,0.0,263.01,39.05,294.69,140.25,58.63,157.63,12.54,9.46,0.0,0.0,0.0,0.0,0.0
29.268,4.07,9.35,0.0,243.87,32.56,301.29,144.76,62.92,109.67,60.72,51.26,0.0,0.0,0.0,0.0,0.0
29.278,0.0,7.48,0.0,222.64,25.96,303.49,149.38,69.41,69.08,105.27,81.18,10.01,12.65,7.48,22.11,5.5
29.2879,0.0,5.61,0.0,197.23,19.47,305.8,153.89,80.3,73.81,118.14,94.27,10.01,16.94,15.07,30.25,8.36
29.2979,0.0,5.61,0.0,167.53,10.78,303.49,153.89,91.19,64.35,122.54,102.96,12.54,19.03,22.66,42.35,8.36
29.3079,0.0,3.74,0.0,132.33,6.49,299.09,151.58,102.08,54.89,129.03,109.45,15.07,21.12,30.14,50.38,11.11
29.3179,0.0,3.74,0.0,96.8,6.49,288.09,137.94,115.28,47.96,137.72,113.85,17.6,23.21,40.26,58.85,13.86
29.3279,0.0,3.74,0.0,56.54,6.49,265.43,117.59,129.03,43.45,144.21,120.67,17.6,23.21,47.85,68.42,16.72
29.3379,0.0,3.74,0.0,22.99,6.49,223.96,84.59,145.09,43.45,150.7,129.91,17.6,25.41,52.91,78.1,19.47
29.3479,0.0,3.74,0.0,18.81,6.49,144.98,49.61,161.15,43.45,159.39,141.35,20.13,27.5,57.97,85.25,22.33
29.3579,0.0,3.74,0.0,14.63,6.49,80.85,22.55,161.15,43.45,168.19,152.9,20.13,29.59,62.7,94.82,25.08
29.3679,0.0,0.0,0.0,12.54,6.49,40.26,13.53,131.34,45.76,178.64,162.14,22.66,31.79,67.54,101.97,27.83
29.3779,0.0,0.0,0.0,10.45,4.29,19.03,11.22,89.1,47.96,189.09,169.07,22.66,31.79,72.27,106.81,30.69
29.3879,0.0,0.0,0.0,10.45,4.29,12.65,9.02,60.72,47.96,197.45,176.11,25.19,33.88,79.53,113.96,33.44
29.3979,0.0,0.0,0.0,8.36,0.0,8.47,4.51,45.1,47.96,205.81,180.73,25.19,33.88,84.26,120.89,39.05
29.4079,0.0,0.0,0.0,8.36,0.0,6.27,0.0,33.77,47.96,212.08,185.46,27.72,35.97,89.1,125.62,41.8
29.4179,0.0,0.0,0.0,6.27,0.0,4.18,0.0,22.55,45.76,218.35,185.46,30.14,38.06,93.83,132.55,47.41
29.4279,0.0,0.0,0.0,4.18,0.0,0.0,0.0,0.0,45.76,222.64,187.77,32.67,40.26,98.67,137.17,50.16
29.4379,0.0,0.0,0.0,4.18,0.0,0.0,0.0,0.0,43.45,224.62,190.08,32.67,40.26,103.4,141.9,55.77
29.4479,0.0,0.0,0.0,4.18,0.0,0.0,0.0,0.0,41.14,226.71,187.77,35.2,42.35,105.82,146.52,61.49
29.4579,0.0,0.0,0.0,0.0,0.0,0.0,0.0,0.0,38.83,224.62,185.46,37.73,44.44,110.66,151.14,67.32
29.4679,0.0,0.0,0.0,0.0,0.0,0.0,0.0,0.0,36.52,222.64,183.04,37.73,46.53,115.5,153.56,70.18
29.4779,0.0,0.0,0.0,0.0,0.0,0.0,0.0,0.0,34.32,220.44,180.73,40.26,46.53,120.56,158.18,73.15
29.4879,0.0,0.0,0.0,0.0,0.0,0.0,0.0,0.0,32.01,218.35,176.11,42.79,48.73,123.09,162.8,78.98
29.4979,0.0,0.0,0.0,0.0,0.0,0.0,0.0,0.0,29.7,218.35,171.38,45.32,50.82,125.62,165.11,81.84
29.5079,0.0,0.0,0.0,0.0,0.0,0.0,0.0,0.0,27.39,216.26,169.07,45.32,50.82,130.68,167.53,84.81
29.5179,0.0,0.0,0.0,0.0,0.0,0.0,0.0,0.0,27.39,214.17,164.45,47.85,50.82,133.21,169.95,87.67
29.5279,0.0,0.0,0.0,0.0,0.0,0.0,0.0,0.0,25.08,214.17,155.21,50.38,52.91,135.74,174.79,93.5
29.5379,0.0,0.0,0.0,0.0,0.0,0.0,0.0,0.0,25.08,207.9,152.9,50.38,52.91,138.27,177.21,93.5
29.5479,0.0,0.0,0.0,0.0,0.0,0.0,0.0,0.0,25.08,205.81,148.28,52.91,55.11,140.8,179.63,96.36
29.5579,0.0,0.0,0.0,0.0,0.0,0.0,0.0,0.0,22.88,201.63,141.35,55.44,57.53,143.22,182.16,99.33
29.5679,0.0,0.0,0.0,0.0,0.0,0.0,0.0,0.0,22.88,199.54,134.53,57.97,57.53,145.75,184.58,102.19
29.5779,0.0,0.0,0.0,0.0,0.0,0.0,0.0,0.0,20.57,195.36,127.6,60.39,57.53,150.81,187.0,105.16
29.5879,0.0,0.0,0.0,0.0,0.0,0.0,0.0,0.0,20.57,191.18,122.98,62.92,60.06,153.34,189.42,108.02
29.5979,0.0,0.0,0.0,0.0,0.0,0.0,0.0,0.0,20.57,187.0,116.05,65.45,60.06,158.4,191.84,113.52
29.6079,0.0,0.0,0.0,0.0,0.0,0.0,0.0,0.0,20.57,182.82,107.25,67.98,62.59,160.93,194.37,116.05
29.6179,0.0,0.0,0.0,0.0,0.0,0.0,0.0,0.0,18.26,178.64,98.56,70.4,65.12,165.99,199.21,118.58
29.6279,0.0,0.0,0.0,0.0,0.0,0.0,0.0,0.0,18.26,174.46,92.07,72.93,65.12,171.05,201.63,123.64
29.6379,0.0,0.0,0.0,0.0,0.0,0.0,0.0,0.0,18.26,170.28,81.18,77.99,67.65,175.67,204.05,126.17
29.6479,0.0,0.0,0.0,0.0,0.0,0.0,0.0,0.0,18.26,165.99,74.69,82.94,67.65,182.82,206.47,128.7
29.6579,0.0,0.0,0.0,0.0,0.0,0.0,0.0,0.0,18.26,159.39,65.89,85.47,70.18,187.44,209.0,133.76
29.6679,0.0,0.0,0.0,0.0,0.0,0.0,0.0,0.0,15.95,152.9,57.2,90.53,70.18,192.17,213.84,136.29
29.6779,0.0,0.0,0.0,0.0,0.0,0.0,0.0,0.0,15.95,146.41,49.39,95.48,72.71,199.32,216.26,141.35
29.6879,0.0,0.0,0.0,0.0,0.0,0.0,0.0,0.0,15.95,139.92,43.67,98.01,72.71,203.94,221.21,146.41
29.6979,0.0,0.0,0.0,0.0,0.0,0.0,0.0,0.0,15.95,131.23,36.08,102.96,75.24,208.67,225.94,151.47
29.7079,0.0,0.0,0.0,0.0,0.0,0.0,0.0,0.0,15.95,124.63,30.36,108.02,75.24,215.82,230.78,154.0
29.7179,0.0,0.0,0.0,0.0,0.0,0.0,0.0,0.0,13.64,113.85,24.64,110.55,75.24,220.55,233.2,159.06
29.7279,0.0,0.0,0.0,0.0,0.0,0.0,0.0,0.0,13.64,103.18,20.9,115.5,75.24,225.39,235.51,164.12
29.7379,0.0,0.0,0.0,0.0,0.0,0.0,0.0,0.0,13.64,90.42,17.05,118.03,75.24,232.76,240.35,169.18
29.7479,0.0,0.0,0.0,0.0,0.0,0.0,0.0,0.0,13.64,75.57,15.18,122.98,75.24,240.13,245.19,171.71
29.7579,10.34,0.0,0.0,0.0,0.0,0.0,0.0,0.0,11.44,58.63,15.18,127.93,72.71,244.97,247.61,176.77
29.7679,10.34,0.0,0.0,0.0,0.0,0.0,0.0,0.0,11.44,43.89,13.2,130.46,72.71,252.34,249.92,179.19
29.7779,22.77,0.0,0.0,0.0,0.0,0.0,0.0,0.0,9.13,29.26,11.33,132.88,70.18,259.71,252.34,184.25
29.7879,28.93,0.0,0.0,0.0,0.0,0.0,0.0,0.0,9.13,18.81,11.33,132.88,67.65,264.55,254.76,189.31
29.7979,31.02,0.0,0.0,0.0,0.0,0.0,0.0,0.0,6.82,12.54,7.59,130.46,62.59,271.92,257.18,194.26
29.8079,53.79,0.0,0.0,0.0,0.0,0.0,0.0,0.0,4.51,10.45,7.59,125.51,57.53,276.76,259.6,201.85
29.8179,84.04,0.0,0.0,0.0,0.0,0.0,0.0,0.0,0.0,8.36,5.61,118.03,50.82,281.71,259.6,211.86
29.8279,118.36,0.0,0.0,0.0,0.0,0.0,0.0,0.0,0.0,6.27,3.74,110.55,44.44,284.13,262.02,219.34
29.8379,164.01,5.61,0.0,0.0,0.0,0.0,0.0,0.0,0.0,4.18,3.74,100.54,38.06,289.08,262.02,229.24
29.8479,146.19,84.37,0.0,0.0,0.0,0.0,0.0,0.0,0.0,4.18,3.74,88.0,29.59,291.5,259.6,236.28
29.8579,101.42,160.82,0.0,0.0,0.0,0.0,0.0,0.0,0.0,4.18,0.0,75.46,23.21,293.92,254.76,243.32
29.8679,75.35,206.8,9.79,16.72,0.0,0.0,0.0,0.0,0.0,0.0,0.0,60.39,16.94,293.92,247.61,250.36
29.8779,53.79,202.62,79.53,41.8,6.49,12.65,4.51,0.0,0.0,0.0,0.0,45.32,10.56,291.5,233.2,254.98
29.8879,49.61,215.05,108.57,48.07,17.27,29.59,11.22,9.02,0.0,0.0,0.0,25.19,8.47,284.13,211.42,259.71
29.8979,41.36,217.14,121.88,50.16,25.96,46.53,24.75,11.22,0.0,0.0,0.0,10.01,8.47,264.55,177.21,264.44
29.9079,37.18,212.96,135.08,52.25,32.56,55.11,36.08,13.53,0.0,0.0,0.0,7.48,8.47,220.55,132.55,269.06
29.9179,35.09,210.98,143.88,52.25,36.85,62.15,49.61,15.73,0.0,0.0,0.0,4.95,8.47,160.93,87.67,269.06
29.9279,35.09,215.05,152.68,54.34,39.05,69.19,58.63,18.04,0.0,0.0,0.0,4.95,10.56,101.09,46.42,259.71
29.9379,35.09,221.32,161.48,56.54,43.34,76.23,65.67,18.04,0.0,0.0,0.0,4.95,8.47,60.28,26.18,214.39
29.9479,35.09,229.68,170.5,58.63,45.54,80.85,75.13,20.24,0.0,0.0,0.0,4.95,8.47,22.66,20.13,154.0
29.9579,35.09,238.04,175.23,60.72,47.74,88.0,82.28,22.55,0.0,0.0,0.0,4.95,6.27,12.54,18.15,118.58
29.9679,33.11,248.49,177.54,62.81,49.94,95.04,89.32,24.75,0.0,0.0,0.0,4.95,6.27,10.01,14.08,102.19
29.9779,33.11,258.94,175.23,67.1,52.03,102.08,94.05,24.75,0.0,0.0,0.0,4.95,4.18,7.48,10.01,87.67
29.9879,31.02,267.3,172.81,71.28,52.03,109.12,101.2,27.06,0.0,0.0,0.0,0.0,4.18,0.0,6.05,70.18
29.9979,31.02,273.57,170.5,77.66,54.23,116.16,105.93,29.26,0.0,0.0,0.0,0.0,0.0,0.0,3.96,39.05
30.0079,28.93,277.75,170.5,79.75,56.43,123.42,110.66,29.26,0.0,0.0,0.0,0.0,0.0,0.0,0.0,8.36
30.0179,28.93,277.75,170.5,84.04,58.63,128.15,115.28,31.57,0.0,0.0,0.0,0.0,0.0,0.0,0.0,0.0
30.0279,28.93,275.66,170.5,86.13,60.72,132.99,119.79,33.77,0.0,0.0,0.0,0.0,0.0,0.0,0.0,0.0
30.0379,26.84,271.48,170.5,90.42,62.92,137.72,124.41,33.77,0.0,0.0,0.0,0.0,0.0,0.0,0.0,0.0
30.0479,26.84,267.3,170.5,92.51,65.01,140.14,126.61,36.08,0.0,0.0,0.0,0.0,0.0,0.0,0.0,0.0
30.0579,26.84,263.12,168.19,94.6,65.01,142.56,131.23,36.08,0.0,0.0,0.0,0.0,0.0,0.0,0.0,0.0
30.0679,24.75,256.85,165.88,96.8,67.21,144.98,133.43,38.28,0.0,0.0,0.0,0.0,0.0,0.0,0.0,0.0
30.0779,24.75,252.67,161.48,98.89,69.3,147.29,135.74,38.28,0.0,0.0,0.0,0.0,0.0,0.0,0.0,0.0
30.0879,24.75,246.4,157.08,100.98,69.3,149.71,137.94,38.28,0.0,0.0,0.0,0.0,0.0,0.0,0.0,0.0
30.0979,24.75,240.13,152.68,103.07,71.5,152.13,137.94,40.59,0.0,0.0,0.0,0.0,0.0,0.0,0.0,0.0
30.1079,22.77,235.95,148.28,105.27,71.5,152.13,140.25,40.59,0.0,0.0,0.0,0.0,0.0,0.0,0.0,0.0
30.1179,22.77,229.68,143.88,107.36,73.59,154.55,142.56,40.59,0.0,0.0,0.0,0.0,0.0,0.0,0.0,0.0
30.1279,22.77,221.32,139.48,109.45,73.59,156.97,144.76,42.79,0.0,0.0,0.0,0.0,0.0,0.0,0.0,0.0
30.1379,22.77,215.05,132.88,111.65,75.79,159.28,144.76,42.79,0.0,0.0,0.0,0.0,0.0,0.0,0.0,0.0
30.1479,22.77,208.89,130.68,113.63,75.79,159.28,147.07,42.79,0.0,0.0,0.0,0.0,0.0,0.0,0.0,0.0
30.1579,22.77,200.64,126.28,115.72,77.88,161.7,149.38,45.1,0.0,0.0,0.0,0.0,0.0,0.0,0.0,0.0
30.1679,22.77,194.37,121.88,117.81,80.08,164.12,151.58,45.1,0.0,0.0,0.0,0.0,0.0,0.0,0.0,0.0
30.1779,22.77,190.19,115.28,119.9,80.08,166.54,156.09,45.1,0.0,0.0,0.0,0.0,0.0,0.0,0.0,0.0
30.1879,22.77,184.03,110.77,123.97,82.17,171.16,158.4,47.3,0.0,0.0,0.0,0.0,0.0,0.0,0.0,0.0
30.1979,20.68,175.78,104.06,128.15,84.37,173.47,162.91,49.61,0.0,0.0,0.0,0.0,0.0,0.0,0.0,0.0
30.2079,20.68,169.51,95.15,134.31,86.57,178.09,167.53,49.61,0.0,0.0,0.0,0.0,0.0,0.0,0.0,0.0
30.2179,20.68,163.02,88.55,138.49,88.66,182.71,169.84,51.81,0.0,0.0,0.0,0.0,0.0,0.0,0.0,0.0
30.2279,20.68,156.42,81.84,144.76,90.86,189.53,174.46,54.12,0.0,0.0,0.0,0.0,0.0,0.0,0.0,0.0
30.2379,20.68,149.82,72.93,150.92,92.95,194.15,179.08,56.32,0.0,0.0,0.0,0.0,0.0,0.0,0.0,0.0
30.2479,20.68,143.22,66.22,155.1,95.15,198.66,183.81,58.63,0.0,0.0,0.0,0.0,0.0,0.0,0.0,0.0
30.2579,18.59,136.62,57.31,161.26,95.15,203.28,188.43,60.72,0.0,0.0,0.0,0.0,0.0,0.0,0.0,0.0
30.2679,18.59,130.02,49.17,167.53,97.24,207.9,193.05,62.92,0.0,0.0,0.0,0.0,0.0,0.0,0.0,0.0
30.2779,18.59,121.22,41.25,171.71,97.24,214.72,195.47,65.12,0.0,0.0,0.0,0.0,0.0,0.0,0.0,0.0
30.2879,18.59,112.42,33.44,178.09,99.44,219.34,197.78,67.32,0.0,0.0,0.0,0.0,0.0,0.0,0.0,0.0
30.2979,18.59,102.19,27.5,184.47,99.44,223.96,200.09,69.41,0.0,0.0,0.0,0.0,0.0,0.0,0.0,0.0
30.3079,16.5,92.29,21.56,190.85,97.24,228.47,202.4,71.61,0.0,0.0,0.0,0.0,0.0,0.0,0.0,0.0
30.3179,16.5,80.3,15.73,195.03,97.24,233.09,202.4,71.61,18.26,0.0,0.0,0.0,0.0,0.0,0.0,0.0
30.3279,16.5,64.46,13.75,199.32,95.15,235.4,202.4,73.81,25.08,0.0,0.0,0.0,0.0,0.0,0.0,0.0
30.3379,14.41,48.95,11.77,205.7,92.95,240.02,200.09,71.61,34.32,0.0,0.0,0.0,0.0,0.0,0.0,0.0
30.3479,12.32,35.75,9.79,207.79,90.86,244.64,200.09,73.81,41.14,0.0,0.0,0.0,0.0,0.0,0.0,0.0
30.3579,10.34,22.55,7.81,207.79,88.66,249.26,200.09,73.81,52.58,0.0,0.0,0.0,0.0,0.0,0.0,0.0
30.3679,8.25,16.94,7.81,201.41,84.37,253.88,200.09,78.21,114.51,0.0,0.0,0.0,0.0,0.0,0.0,0.0
30.3779,8.25,13.09,5.83,190.85,77.88,256.19,200.09,80.3,176.11,0.0,3.74,0.0,0.0,0.0,0.0,0.0
30.3879,6.16,11.22,3.85,176.0,69.3,258.5,200.09,84.7,225.17,22.99,7.59,0.0,0.0,0.0,0.0,0.0
30.3979,4.07,7.48,3.85,159.17,60.72,260.81,202.4,91.19,183.04,86.13,53.13,0.0,0.0,0.0,0.0,0.0
30.4079,0.0,7.48,0.0,140.58,54.23,258.5,204.71,97.79,134.86,155.1,87.67,12.54,6.27,4.95,6.05,0.0
30.4179,0.0,5.61,0.0,119.9,45.54,256.19,207.02,106.48,112.09,178.64,109.45,20.13,10.56,17.6,14.08,8.36
30.4279,0.0,5.61,0.0,94.6,34.65,249.26,207.02,115.28,97.79,184.91,116.05,25.19,14.74,27.72,28.27,8.36
30.4379,0.0,3.74,0.0,69.19,25.96,237.71,207.02,124.52,81.07,191.18,120.67,30.14,16.94,42.79,38.28,11.11
30.4479,0.0,3.74,0.0,43.89,12.98,221.65,200.09,131.34,66.66,199.54,118.36,35.2,19.03,55.44,44.33,13.86
30.4579,0.0,3.74,0.0,20.9,8.58,196.46,179.08,140.58,59.51,207.9,116.05,37.73,21.12,65.12,50.38,16.72
30.4679,0.0,0.0,0.0,12.54,6.49,152.13,144.76,149.71,54.89,218.35,116.05,40.26,21.12,74.69,54.45,19.47
30.4779,0.0,0.0,0.0,8.36,6.49,113.85,91.74,158.84,50.27,226.71,113.85,42.79,23.21,81.84,58.85,22.33
30.4879,0.0,0.0,0.0,8.36,6.49,52.91,56.32,165.77,47.96,238.92,111.65,47.85,23.21,89.1,61.27,22.33
30.4979,0.0,0.0,0.0,6.27,6.49,27.5,22.55,163.46,45.76,247.06,109.45,52.91,23.21,96.25,66.11,22.33
30.5079,0.0,0.0,0.0,6.27,4.29,12.65,11.22,106.48,43.45,257.29,105.05,55.44,25.41,103.4,68.42,25.08
30.5179,0.0,0.0,0.0,6.27,4.29,8.47,9.02,58.63,41.14,265.43,100.76,60.39,25.41,110.66,73.26,27.83
30.5279,0.0,0.0,0.0,4.18,0.0,6.27,6.71,33.77,36.52,271.48,96.36,62.92,27.5,118.03,78.1,30.69
30.5379,0.0,0.0,0.0,4.18,0.0,4.18,4.51,22.55,36.52,277.64,96.36,67.98,27.5,125.62,82.83,30.69
30.5479,0.0,0.0,0.0,0.0,0.0,4.18,0.0,18.04,34.32,281.82,94.27,70.4,29.59,133.21,87.67,33.44
30.5579,0.0,0.0,0.0,0.0,0.0,0.0,0.0,11.22,32.01,283.91,94.27,72.93,31.79,140.8,94.82,36.19
30.5679,0.0,0.0,0.0,0.0,0.0,0.0,0.0,0.0,29.7,283.91,94.27,77.99,33.88,148.28,101.97,39.05
30.5779,0.0,0.0,0.0,0.0,0.0,0.0,0.0,0.0,27.39,283.91,96.36,80.41,35.97,155.87,109.23,41.8
30.5879,0.0,0.0,0.0,0.0,0.0,0.0,0.0,0.0,27.39,281.82,94.27,82.94,35.97,160.93,113.96,44.66
30.5979,0.0,0.0,0.0,0.0,0.0,0.0,0.0,0.0,27.39,279.73,94.27,85.47,38.06,168.52,120.89,47.41
30.6079,0.0,0.0,0.0,0.0,0.0,0.0,0.0,0.0,25.08,277.64,92.07,90.53,40.26,173.36,125.62,47.41
30.6179,0.0,0.0,0.0,0.0,0.0,0.0,0.0,0.0,22.88,273.57,87.67,92.95,40.26,180.4,127.93,50.16
30.6279,0.0,0.0,0.0,0.0,0.0,0.0,0.0,0.0,22.88,269.5,83.38,95.48,42.35,185.13,132.55,53.02
30.6379,0.0,0.0,0.0,0.0,0.0,0.0,0.0,0.0,20.57,267.41,76.78,100.54,42.35,189.86,137.17,53.02
30.6479,0.0,0.0,0.0,0.0,0.0,0.0,0.0,0.0,20.57,261.36,70.29,102.96,44.44,194.59,139.59,55.77
30.6579,0.0,0.0,0.0,0.0,0.0,0.0,0.0,0.0,20.57,257.29,63.8,105.49,44.44,199.32,141.9,58.63
30.6679,0.0,0.0,0.0,0.0,0.0,0.0,0.0,0.0,18.26,251.13,57.2,110.55,44.44,203.94,144.21,61.49
30.6779,0.0,0.0,0.0,0.0,0.0,0.0,0.0,0.0,18.26,244.97,51.26,113.08,46.53,206.36,146.52,61.49
30.6879,0.0,0.0,0.0,0.0,0.0,0.0,0.0,0.0,18.26,238.92,45.54,115.5,46.53,211.09,148.83,64.35
30.6979,0.0,0.0,0.0,0.0,0.0,0.0,0.0,0.0,18.26,232.76,39.82,118.03,46.53,213.4,153.56,67.32
30.7079,0.0,0.0,0.0,0.0,0.0,0.0,0.0,0.0,18.26,224.62,34.1,120.45,48.73,218.13,155.87,70.18
30.7178,0.0,0.0,0.0,0.0,0.0,0.0,0.0,0.0,15.95,218.35,32.23,122.98,50.82,220.55,158.18,73.15
30.7278,0.0,0.0,0.0,0.0,0.0,0.0,0.0,0.0,15.95,212.08,28.49,125.51,50.82,222.97,162.8,76.01
30.7378,0.0,0.0,0.0,0.0,0.0,0.0,0.0,0.0,15.95,203.72,26.51,127.93,52.91,227.81,165.11,78.98
30.7478,0.0,0.0,0.0,0.0,0.0,0.0,0.0,0.0,15.95,197.45,22.77,130.46,52.91,230.34,167.53,81.84
30.7578,0.0,0.0,0.0,0.0,0.0,0.0,0.0,0.0,15.95,189.09,20.9,135.41,52.91,232.76,172.37,84.81
30.7678,0.0,0.0,0.0,0.0,0.0,0.0,0.0,0.0,13.64,178.64,17.05,137.94,52.91,237.6,174.79,90.53
30.7778,0.0,0.0,0.0,0.0,0.0,0.0,0.0,0.0,13.64,170.28,17.05,140.36,52.91,242.55,177.21,93.5
30.7878,0.0,0.0,0.0,0.0,0.0,0.0,0.0,0.0,13.64,159.39,15.18,145.42,52.91,247.39,179.63,96.36
30.7978,0.0,0.0,0.0,0.0,0.0,0.0,0.0,0.0,13.64,150.7,13.2,150.37,52.91,252.34,182.16,102.19
30.8078,0.0,0.0,0.0,0.0,0.0,0.0,0.0,0.0,13.64,139.92,13.2,155.32,52.91,257.18,184.58,105.16
30.8178,0.0,0.0,0.0,0.0,0.0,0.0,0.0,0.0,13.64,129.03,11.33,157.85,55.11,259.71,187.0,108.02
30.8278,0.0,0.0,0.0,0.0,0.0,0.0,0.0,0.0,13.64,118.14,11.33,162.8,52.91,264.55,189.42,113.52
30.8378,0.0,0.0,0.0,0.0,0.0,0.0,0.0,0.0,13.64,107.47,11.33,165.33,52.91,269.5,191.84,116.05
30.8478,0.0,0.0,0.0,0.0,0.0,0.0,0.0,0.0,11.44,96.8,11.33,170.61,52.91,274.34,196.79,118.58
30.8578,0.0,0.0,0.0,0.0,0.0,0.0,0.0,0.0,11.44,86.13,11.33,173.25,52.91,276.76,199.21,123.64
30.8678,0.0,0.0,0.0,0.0,0.0,0.0,0.0,0.0,11.44,73.48,11.33,175.89,52.91,281.71,201.63,126.17
30.8778,0.0,0.0,0.0,0.0,0.0,0.0,0.0,0.0,11.44,62.81,11.33,178.53,50.82,286.55,204.05,128.7
30.8878,0.0,0.0,0.0,0.0,0.0,0.0,0.0,0.0,11.44,50.16,9.46,181.17,50.82,291.5,206.47,133.76
30.8978,0.0,0.0,0.0,0.0,0.0,0.0,0.0,0.0,9.13,39.71,9.46,183.81,50.82,296.34,209.0,136.29
30.9078,0.0,0.0,0.0,0.0,0.0,0.0,0.0,0.0,9.13,29.26,9.46,183.81,50.82,301.29,211.42,141.35
30.9178,6.16,0.0,0.0,0.0,0.0,0.0,0.0,0.0,6.82,20.9,7.59,183.81,50.82,306.24,213.84,146.41
30.9278,12.32,0.0,0.0,0.0,0.0,0.0,0.0,0.0,6.82,14.63,5.61,181.17,46.53,313.5,216.26,151.47
30.9378,18.59,0.0,0.0,0.0,0.0,0.0,0.0,0.0,4.51,10.45,5.61,178.53,44.44,320.87,218.68,159.06
30.9478,24.75,0.0,0.0,0.0,0.0,0.0,0.0,0.0,0.0,8.36,3.74,173.25,40.26,325.82,223.52,169.18
30.9578,31.02,0.0,0.0,0.0,0.0,0.0,0.0,0.0,0.0,8.36,3.74,165.33,35.97,330.77,225.94,176.77
30.9678,53.79,0.0,0.0,0.0,0.0,0.0,0.0,0.0,0.0,6.27,3.74,155.32,31.79,335.72,228.36,186.78
30.9778,79.64,0.0,0.0,0.0,0.0,0.0,0.0,0.0,0.0,4.18,0.0,147.84,27.5,340.67,233.2,194.26
30.9878,118.36,0.0,0.0,0.0,0.0,0.0,0.0,0.0,0.0,4.18,0.0,137.94,23.21,343.2,233.2,204.27
30.9978,166.1,5.61,0.0,0.0,0.0,0.0,0.0,0.0,0.0,4.18,0.0,125.51,19.03,348.15,233.2,211.86
31.0078,162.03,68.42,0.0,0.0,0.0,0.0,0.0,0.0,0.0,0.0,0.0,113.08,14.74,348.15,230.78,219.34
31.0178,124.3,147.62,0.0,0.0,0.0,0.0,0.0,0.0,0.0,0.0,0.0,95.48,10.56,348.15,228.36,224.4
31.0278,101.42,200.64,11.77,27.17,0.0,0.0,0.0,0.0,0.0,0.0,0.0,75.46,8.47,345.62,221.21,231.55
31.0378,92.73,196.46,86.24,43.89,12.98,19.03,9.02,6.71,0.0,0.0,0.0,55.44,8.47,340.67,209.0,236.28
31.0478,90.53,206.8,115.28,48.07,21.67,33.88,18.04,11.22,0.0,0.0,0.0,35.2,8.47,328.24,187.0,240.9
31.0578,77.55,210.98,126.28,50.16,30.36,46.53,31.57,13.53,0.0,0.0,0.0,15.07,8.47,298.87,155.87,247.94
31.0678,70.95,208.89,135.08,50.16,32.56,52.91,40.59,15.73,0.0,0.0,0.0,10.01,8.47,242.55,116.27,254.98
31.0778,64.46,210.98,139.48,52.25,36.85,62.15,51.81,18.04,0.0,0.0,0.0,10.01,10.56,171.05,78.1,259.71
31.0878,60.06,212.96,143.88,54.34,39.05,69.19,60.94,18.04,0.0,0.0,0.0,10.01,10.56,105.82,38.28,247.94
31.0978,60.06,219.23,152.68,54.34,41.25,73.81,68.09,20.24,0.0,0.0,0.0,10.01,8.47,57.97,26.18,199.32
31.1078,60.06,225.5,159.28,56.54,45.54,80.85,75.13,22.55,0.0,0.0,0.0,7.48,8.47,25.19,22.11,143.88
31.1178,60.06,233.86,163.68,58.63,45.54,85.58,82.28,22.55,0.0,0.0,0.0,7.48,6.27,17.6,16.06,113.52
31.1278,57.97,244.31,163.68,62.81,47.74,92.62,89.32,24.75,0.0,0.0,0.0,7.48,6.27,12.54,12.1,96.36
31.1378,55.88,254.76,161.48,65.01,49.94,99.66,94.05,27.06,0.0,0.0,0.0,4.95,4.18,10.01,8.03,81.84
31.1478,53.79,263.12,159.28,69.19,49.94,104.39,98.78,27.06,0.0,0.0,0.0,4.95,4.18,4.95,6.05,61.49
31.1578,53.79,271.48,159.28,71.28,52.03,109.12,103.51,29.26,0.0,0.0,0.0,0.0,0.0,4.95,0.0,27.83
31.1678,53.79,275.66,159.28,75.57,54.23,113.85,108.24,31.57,0.0,0.0,0.0,0.0,0.0,0.0,0.0,5.5
31.1778,51.7,275.66,163.68,77.66,56.43,118.58,113.08,31.57,0.0,0.0,0.0,0.0,0.0,0.0,0.0,0.0
31.1878,51.7,273.57,165.88,77.66,58.63,121.0,117.59,33.77,0.0,0.0,0.0,0.0,0.0,0.0,0.0,0.0
31.1978,49.61,271.48,165.88,79.75,58.63,125.73,119.79,33.77,0.0,0.0,0.0,0.0,0.0,0.0,0.0,0.0
31.2078,47.52,269.39,165.88,81.95,60.72,128.15,124.41,33.77,0.0,0.0,0.0,0.0,0.0,0.0,0.0,0.0
31.2178,47.52,265.21,163.68,84.04,62.92,130.57,126.61,36.08,0.0,0.0,0.0,0.0,0.0,0.0,0.0,0.0
31.2278,45.54,263.12,161.48,86.13,62.92,132.99,128.92,36.08,0.0,0.0,0.0,0.0,0.0,0.0,0.0,0.0
31.2378,43.45,258.94,157.08,90.42,65.01,135.41,131.23,38.28,0.0,0.0,0.0,0.0,0.0,0.0,0.0,0.0
31.2478,41.36,254.76,152.68,92.51,65.01,137.72,133.43,38.28,0.0,0.0,0.0,0.0,0.0,0.0,0.0,0.0
31.2578,39.27,248.49,148.28,94.6,67.21,140.14,135.74,38.28,0.0,0.0,0.0,0.0,0.0,0.0,0.0,0.0
31.2678,37.18,242.22,143.88,96.8,69.3,142.56,137.94,40.59,0.0,0.0,0.0,0.0,0.0,0.0,0.0,0.0
31.2778,37.18,235.95,141.68,96.8,69.3,144.98,140.25,40.59,0.0,0.0,0.0,0.0,0.0,0.0,0.0,0.0
31.2878,35.09,229.68,137.28,98.89,71.5,147.29,142.56,40.59,0.0,0.0,0.0,0.0,0.0,0.0,0.0,0.0
31.2978,33.11,223.41,132.88,100.98,73.59,149.71,147.07,42.79,0.0,0.0,0.0,0.0,0.0,0.0,0.0,0.0
31.3078,33.11,217.14,128.48,105.27,73.59,149.71,149.38,42.79,0.0,0.0,0.0,0.0,0.0,0.0,0.0,0.0
31.3178,31.02,210.98,121.88,107.36,75.79,154.55,151.58,45.1,0.0,0.0,0.0,0.0,0.0,0.0,0.0,0.0
31.3278,28.93,202.62,115.28,111.65,77.88,156.97,156.09,45.1,0.0,0.0,0.0,0.0,0.0,0.0,0.0,0.0
31.3378,28.93,196.46,110.77,115.72,80.08,161.7,158.4,47.3,0.0,0.0,0.0,0.0,0.0,0.0,0.0,0.0
31.3478,26.84,188.21,104.06,117.81,82.17,164.12,162.91,47.3,0.0,0.0,0.0,0.0,0.0,0.0,0.0,0.0
31.3578,26.84,181.94,97.46,121.99,84.37,168.96,165.22,49.61,0.0,0.0,0.0,0.0,0.0,0.0,0.0,0.0
31.3678,24.75,175.78,90.75,128.15,86.57,171.16,169.84,51.81,0.0,0.0,0.0,0.0,0.0,0.0,0.0,0.0
31.3778,22.77,169.51,84.04,132.33,88.66,178.09,174.46,54.12,0.0,0.0,0.0,0.0,0.0,0.0,0.0,0.0
31.3878,22.77,163.02,75.13,138.49,90.86,182.71,179.08,56.32,0.0,0.0,0.0,0.0,0.0,0.0,0.0,0.0
31.3978,22.77,156.42,64.02,144.76,92.95,187.22,183.81,58.63,0.0,0.0,0.0,0.0,0.0,0.0,0.0,0.0
31.4078,20.68,149.82,53.13,153.01,92.95,194.15,188.43,60.72,0.0,0.0,0.0,0.0,0.0,0.0,0.0,0.0
31.4178,20.68,143.22,43.23,159.17,95.15,200.97,193.05,62.92,0.0,0.0,0.0,0.0,0.0,0.0,0.0,0.0
31.4278,20.68,136.62,33.44,167.53,97.24,207.9,195.47,65.12,0.0,0.0,0.0,0.0,0.0,0.0,0.0,0.0
31.4378,18.59,125.62,25.52,176.0,97.24,214.72,200.09,67.32,0.0,0.0,0.0,0.0,0.0,0.0,0.0,0.0
31.4478,18.59,114.62,17.71,186.56,97.24,221.65,202.4,69.41,0.0,0.0,0.0,0.0,0.0,0.0,0.0,0.0
31.4578,16.5,98.23,13.75,195.03,95.15,230.78,204.71,71.61,0.0,0.0,0.0,0.0,0.0,0.0,0.0,0.0
31.4678,16.5,82.28,11.77,205.7,92.95,237.71,204.71,73.81,0.0,0.0,0.0,0.0,0.0,0.0,0.0,0.0
31.4778,14.41,66.44,9.79,214.17,90.86,246.95,207.02,76.01,0.0,0.0,0.0,0.0,0.0,0.0,0.0,0.0
31.4878,14.41,50.82,9.79,222.64,88.66,253.88,207.02,78.21,0.0,0.0,0.0,0.0,0.0,0.0,0.0,0.0
31.4978,12.32,35.75,7.81,226.71,86.57,260.81,209.44,78.21,13.64,0.0,0.0,0.0,0.0,0.0,0.0,0.0
31.5078,10.34,24.42,7.81,230.56,86.57,267.74,209.44,82.5,13.64,0.0,0.0,0.0,0.0,0.0,0.0,0.0
31.5178,8.25,16.94,5.83,228.58,82.17,274.67,211.75,84.7,20.57,0.0,0.0,0.0,0.0,0.0,0.0,0.0
31.5278,8.25,13.09,5.83,222.64,77.88,279.29,214.06,89.1,27.39,0.0,0.0,0.0,0.0,0.0,0.0,0.0
31.5378,6.16,11.22,3.85,216.26,71.5,285.89,216.37,93.39,32.01,0.0,0.0,0.0,0.0,0.0,0.0,0.0
31.5478,6.16,9.35,3.85,205.7,65.01,290.29,216.37,97.79,38.83,0.0,0.0,0.0,0.0,0.0,0.0,0.0
31.5578,4.07,7.48,0.0,197.23,60.72,294.69,216.37,102.08,59.51,0.0,0.0,0.0,0.0,0.0,0.0,0.0
31.5678,4.07,5.61,0.0,186.56,54.23,299.09,216.37,108.68,88.22,0.0,0.0,0.0,0.0,0.0,0.0,0.0
31.5778,0.0,5.61,0.0,173.8,45.54,301.29,214.06,113.08,100.1,0.0,0.0,0.0,0.0,0.0,0.0,0.0
31.5878,0.0,5.61,0.0,161.26,39.05,303.49,214.06,117.59,137.17,0.0,3.74,0.0,0.0,0.0,0.0,0.0
31.5978,0.0,3.74,0.0,144.76,32.56,303.49,214.06,124.52,197.12,10.45,7.59,0.0,0.0,0.0,0.0,0.0
31.6078,0.0,3.74,0.0,126.06,23.87,303.49,211.75,131.34,155.32,75.57,55.11,0.0,0.0,0.0,0.0,0.0
31.6178,0.0,0.0,0.0,105.27,15.18,299.09,209.44,138.27,97.79,142.01,89.87,17.6,14.74,17.6,20.13,5.5
31.6278,0.0,0.0,0.0,79.75,10.78,292.49,200.09,145.09,90.53,157.3,109.45,20.13,16.94,30.14,30.25,8.36
31.6378,0.0,0.0,0.0,50.16,8.58,276.98,186.12,154.33,76.23,155.1,118.36,20.13,21.12,40.26,42.35,11.11
31.6478,0.0,0.0,0.0,20.9,8.58,249.26,160.71,165.77,61.93,155.1,120.67,25.19,23.21,52.91,52.47,13.86
31.6578,0.0,0.0,0.0,14.63,8.58,196.46,128.92,179.85,50.27,161.59,120.67,27.72,27.5,67.54,66.11,19.47
31.6678,0.0,0.0,0.0,12.54,8.58,125.73,87.01,194.04,45.76,168.19,122.98,30.14,29.59,79.53,80.41,22.33
31.6778,0.0,0.0,0.0,10.45,8.58,76.23,47.3,201.19,41.14,176.55,127.6,32.67,33.88,89.1,92.4,27.83
31.6878,0.0,0.0,0.0,8.36,8.58,33.88,20.24,177.43,38.83,184.91,132.22,35.2,35.97,96.25,104.39,33.44
31.6978,0.0,0.0,0.0,8.36,6.49,16.94,15.73,110.88,36.52,193.27,134.53,40.26,38.06,105.82,113.96,36.19
31.7078,0.0,0.0,0.0,6.27,6.49,12.65,13.53,69.41,34.32,199.54,134.53,42.79,40.26,115.5,120.89,41.8
31.7178,0.0,0.0,0.0,6.27,4.29,10.56,9.02,47.3,34.32,207.9,132.22,45.32,40.26,123.09,127.93,47.41
31.7278,0.0,0.0,0.0,4.18,4.29,6.27,6.71,38.28,29.7,214.17,129.91,50.38,42.35,130.68,132.55,53.02
31.7378,0.0,0.0,0.0,4.18,0.0,4.18,4.51,29.26,29.7,218.35,127.6,55.44,44.44,138.27,139.59,58.63
31.7478,0.0,0.0,0.0,0.0,0.0,4.18,0.0,11.22,27.39,222.64,122.98,57.97,46.53,145.75,144.21,64.35
31.7578,0.0,0.0,0.0,0.0,0.0,0.0,0.0,0.0,27.39,224.62,120.67,62.92,48.73,153.34,148.83,70.18
31.7678,0.0,0.0,0.0,0.0,0.0,0.0,0.0,0.0,25.08,226.71,116.05,65.45,48.73,160.93,151.14,76.01
31.7778,0.0,0.0,0.0,0.0,0.0,0.0,0.0,0.0,22.88,226.71,109.45,70.4,50.82,165.99,155.87,81.84
31.7878,0.0,0.0,0.0,0.0,0.0,0.0,0.0,0.0,22.88,224.62,102.96,72.93,52.91,173.36,160.49,87.67
31.7978,0.0,0.0,0.0,0.0,0.0,0.0,0.0,0.0,20.57,220.44,98.56,77.99,55.11,178.09,165.11,93.5
31.8078,0.0,0.0,0.0,0.0,0.0,0.0,0.0,0.0,20.57,216.26,92.07,80.41,55.11,182.82,167.53,99.33
31.8178,0.0,0.0,0.0,0.0,0.0,0.0,0.0,0.0,20.57,209.99,85.47,85.47,57.53,189.86,172.37,102.19
31.8278,0.0,0.0,0.0,0.0,0.0,0.0,0.0,0.0,18.26,205.81,78.98,88.0,57.53,192.17,174.79,108.02
31.8378,0.0,0.0,0.0,0.0,0.0,0.0,0.0,0.0,18.26,199.54,70.29,90.53,60.06,196.9,177.21,110.99
31.8478,0.0,0.0,0.0,0.0,0.0,0.0,0.0,0.0,18.26,193.27,61.6,95.48,62.59,201.63,182.16,113.52
31.8578,0.0,0.0,0.0,0.0,0.0,0.0,0.0,0.0,15.95,187.0,53.13,98.01,62.59,206.36,184.58,116.05
31.8678,0.0,0.0,0.0,0.0,0.0,0.0,0.0,0.0,15.95,180.73,47.41,100.54,65.12,208.67,187.0,118.58
31.8778,0.0,0.0,0.0,0.0,0.0,0.0,0.0,0.0,15.95,174.46,39.82,105.49,65.12,213.4,189.42,121.11
31.8878,0.0,0.0,0.0,0.0,0.0,0.0,0.0,0.0,15.95,168.19,34.1,108.02,65.12,218.13,191.84,126.17
31.8978,0.0,0.0,0.0,0.0,0.0,0.0,0.0,0.0,15.95,157.3,26.51,110.55,67.65,220.55,194.37,126.17
31.9078,0.0,0.0,0.0,0.0,0.0,0.0,0.0,0.0,15.95,148.61,22.77,113.08,67.65,225.39,196.79,131.23
31.9178,0.0,0.0,0.0,0.0,0.0,0.0,0.0,0.0,13.64,139.92,20.9,115.5,67.65,227.81,199.21,133.76
31.9278,0.0,0.0,0.0,0.0,0.0,0.0,0.0,0.0,13.64,131.23,18.92,118.03,70.18,232.76,201.63,136.29
31.9378,0.0,0.0,0.0,0.0,0.0,0.0,0.0,0.0,13.64,120.34,17.05,122.98,70.18,235.18,204.05,138.82
31.9478,0.0,0.0,0.0,0.0,0.0,0.0,0.0,0.0,13.64,111.65,15.18,125.51,67.65,240.13,206.47,141.35
31.9578,0.0,0.0,0.0,0.0,0.0,0.0,0.0,0.0,13.64,101.09,13.2,127.93,70.18,242.55,209.0,143.88
31.9678,0.0,0.0,0.0,0.0,0.0,0.0,0.0,0.0,11.44,90.42,13.2,130.46,70.18,247.39,213.84,148.94
31.9778,0.0,0.0,0.0,0.0,0.0,0.0,0.0,0.0,11.44,79.86,13.2,132.88,67.65,252.34,216.26,151.47
31.9878,0.0,0.0,0.0,0.0,0.0,0.0,0.0,0.0,11.44,71.28,11.33,137.94,67.65,257.18,218.68,154.0
31.9978,0.0,0.0,0.0,0.0,0.0,0.0,0.0,0.0,11.44,62.81,11.33,140.36,67.65,262.13,223.52,159.06
32.0078,0.0,0.0,0.0,0.0,0.0,0.0,0.0,0.0,11.44,52.25,11.33,142.89,67.65,269.5,225.94,161.59
32.0178,0.0,0.0,0.0,0.0,0.0,0.0,0.0,0.0,11.44,41.8,11.33,145.42,67.65,274.34,228.36,164.12
32.0278,0.0,0.0,0.0,0.0,0.0,0.0,0.0,0.0,9.13,33.44,9.46,147.84,67.65,279.29,233.2,169.18
32.0378,0.0,0.0,0.0,0.0,0.0,0.0,0.0,0.0,9.13,25.08,9.46,150.37,67.65,284.13,237.93,176.77
32.0478,8.25,0.0,0.0,0.0,0.0,0.0,0.0,0.0,6.82,18.81,7.59,147.84,67.65,289.08,240.35,181.72
32.0578,16.5,0.0,0.0,0.0,0.0,0.0,0.0,0.0,6.82,12.54,7.59,145.42,67.65,291.5,245.19,189.31
32.0678,22.77,0.0,0.0,0.0,0.0,0.0,0.0,0.0,4.51,10.45,5.61,140.36,65.12,296.34,249.92,194.26
32.0778,26.84,0.0,0.0,0.0,0.0,0.0,0.0,0.0,4.51,8.36,5.61,137.94,60.06,298.87,254.76,201.85
32.0878,33.11,0.0,0.0,0.0,0.0,0.0,0.0,0.0,0.0,6.27,3.74,127.93,55.11,301.29,259.6,211.86
32.0978,37.18,0.0,0.0,0.0,0.0,0.0,0.0,0.0,0.0,4.18,3.74,120.45,50.82,303.71,262.02,219.34
32.1078,43.45,0.0,0.0,0.0,0.0,0.0,0.0,0.0,0.0,4.18,3.74,110.55,46.53,306.24,264.33,226.93
32.1178,49.61,0.0,0.0,0.0,0.0,0.0,0.0,0.0,0.0,4.18,0.0,102.96,40.26,308.66,266.75,233.86
32.1278,101.42,0.0,0.0,0.0,0.0,0.0,0.0,0.0,0.0,0.0,0.0,92.95,33.88,311.08,266.75,238.59
32.1378,146.19,0.0,0.0,0.0,0.0,0.0,0.0,0.0,0.0,0.0,0.0,80.41,27.5,311.08,264.33,245.63
32.1477,194.37,16.94,0.0,0.0,0.0,0.0,0.0,0.0,0.0,0.0,0.0,67.98,23.21,311.08,264.33,250.36
32.1577,154.11,119.02,3.85,0.0,0.0,0.0,0.0,0.0,0.0,0.0,0.0,52.91,16.94,308.66,259.6,254.98
32.1677,97.13,206.8,7.81,18.81,0.0,0.0,0.0,0.0,0.0,0.0,0.0,35.2,10.56,301.29,252.34,257.4
32.1777,70.95,227.59,75.13,52.25,4.29,16.94,4.51,4.51,0.0,0.0,0.0,20.13,8.47,291.5,237.93,259.71
32.1877,68.75,242.22,106.37,58.63,17.27,35.97,11.22,9.02,0.0,0.0,0.0,7.48,8.47,269.5,216.26,262.02
32.1977,57.97,248.49,113.08,65.01,25.96,55.11,22.55,13.53,0.0,0.0,0.0,7.48,8.47,227.81,179.63,266.75
32.2077,47.52,250.58,115.28,71.28,30.36,71.5,33.77,15.73,0.0,0.0,0.0,4.95,8.47,175.67,134.86,269.06
32.2177,41.36,254.76,113.08,77.66,34.65,85.58,45.1,18.04,0.0,0.0,0.0,4.95,8.47,115.5,85.25,266.75
32.2277,37.18,267.3,104.06,84.04,36.85,95.04,51.81,20.24,0.0,0.0,0.0,7.48,8.47,72.27,40.37,252.67
32.2377,33.11,281.93,95.15,92.51,36.85,106.7,56.32,22.55,0.0,0.0,0.0,4.95,8.47,27.72,22.11,189.31
32.2477,31.02,290.18,88.55,100.98,39.05,116.16,60.94,24.75,0.0,0.0,0.0,4.95,6.27,15.07,18.15,123.64
32.2577,28.93,296.45,79.53,109.45,41.25,123.42,65.67,27.06,0.0,0.0,0.0,4.95,6.27,12.54,14.08,96.36
32.2677,26.84,304.7,66.22,119.9,41.25,132.99,68.09,29.26,0.0,0.0,0.0,4.95,4.18,10.01,12.1,90.53
32.2777,26.84,310.86,53.13,130.24,41.25,140.14,70.4,29.26,0.0,0.0,0.0,4.95,4.18,7.48,8.03,78.98
32.2877,24.75,312.95,43.23,140.58,43.34,147.29,72.82,31.57,0.0,0.0,0.0,0.0,0.0,4.95,3.96,53.02
32.2977,24.75,310.86,37.29,148.83,43.34,154.55,77.55,31.57,0.0,0.0,0.0,0.0,0.0,0.0,0.0,19.47
32.3077,22.77,306.79,31.46,157.08,45.54,161.7,79.86,33.77,0.0,0.0,0.0,0.0,0.0,0.0,0.0,5.5
32.3177,22.77,302.61,29.48,161.26,47.74,166.54,82.28,33.77,0.0,0.0,0.0,0.0,0.0,0.0,0.0,0.0
32.3277,22.77,296.45,27.5,167.53,49.94,171.16,87.01,36.08,0.0,0.0,0.0,0.0,0.0,0.0,0.0,0.0
32.3377,22.77,288.2,23.54,173.8,52.03,175.78,91.74,36.08,0.0,0.0,0.0,0.0,0.0,0.0,0.0,0.0
32.3477,22.77,279.95,21.56,180.18,52.03,180.4,94.05,36.08,0.0,0.0,0.0,0.0,0.0,0.0,0.0,0.0
32.3577,20.68,267.3,19.58,186.56,54.23,184.91,96.47,38.28,0.0,0.0,0.0,0.0,0.0,0.0,0.0,0.0
32.3677,20.68,256.85,17.71,192.94,56.43,189.53,101.2,38.28,0.0,0.0,0.0,0.0,0.0,0.0,0.0,0.0
32.3777,20.68,244.31,15.73,197.23,56.43,194.15,103.51,38.28,0.0,0.0,0.0,0.0,0.0,0.0,0.0,0.0
32.3877,18.59,231.77,13.75,203.61,58.63,196.46,105.93,40.59,0.0,0.0,0.0,0.0,0.0,0.0,0.0,0.0
32.3977,18.59,219.23,11.77,209.88,58.63,200.97,108.24,40.59,0.0,0.0,0.0,0.0,0.0,0.0,0.0,0.0
32.4077,18.59,208.89,11.77,216.26,58.63,205.59,108.24,40.59,0.0,0.0,0.0,0.0,0.0,0.0,0.0,0.0
32.4177,18.59,198.55,9.79,222.64,60.72,210.21,110.66,42.79,0.0,0.0,0.0,0.0,0.0,0.0,0.0,0.0
32.4277,18.59,188.21,9.79,228.58,60.72,212.41,113.08,42.79,0.0,0.0,0.0,0.0,0.0,0.0,0.0,0.0
32.4377,16.5,175.78,9.79,234.3,60.72,217.03,115.28,42.79,0.0,0.0,0.0,0.0,0.0,0.0,0.0,0.0
32.4477,16.5,167.53,9.79,238.15,60.72,219.34,117.59,45.1,0.0,0.0,0.0,0.0,0.0,0.0,0.0,0.0
32.4577,16.5,156.42,9.79,243.87,62.92,221.65,119.79,45.1,0.0,0.0,0.0,0.0,0.0,0.0,0.0,0.0
32.4677,16.5,147.62,9.79,247.72,62.92,226.27,122.1,45.1,0.0,0.0,0.0,0.0,0.0,0.0,0.0,0.0
32.4777,16.5,136.62,7.81,251.57,65.01,230.78,124.41,47.3,0.0,0.0,0.0,0.0,0.0,0.0,0.0,0.0
32.4877,16.5,127.82,7.81,255.31,65.01,233.09,126.61,47.3,0.0,0.0,0.0,0.0,0.0,0.0,0.0,0.0
32.4977,16.5,116.82,7.81,259.16,67.21,237.71,131.23,49.61,0.0,0.0,0.0,0.0,0.0,0.0,0.0,0.0
32.5077,16.5,106.15,7.81,264.88,67.21,242.33,133.43,49.61,0.0,0.0,0.0,0.0,0.0,0.0,0.0,0.0
32.5177,14.41,96.25,7.81,268.73,67.21,244.64,137.94,51.81,0.0,0.0,0.0,0.0,0.0,0.0,0.0,0.0
32.5277,14.41,86.35,7.81,272.58,69.3,249.26,140.25,51.81,0.0,0.0,0.0,0.0,0.0,0.0,0.0,0.0
32.5377,14.41,74.36,7.81,276.43,69.3,253.88,142.56,54.12,0.0,0.0,0.0,0.0,0.0,0.0,0.0,0.0
32.5477,14.41,64.46,5.83,280.61,69.3,258.5,147.07,54.12,0.0,0.0,0.0,0.0,0.0,0.0,0.0,0.0
32.5577,12.32,54.56,5.83,284.9,69.3,263.12,149.38,56.32,0.0,0.0,0.0,0.0,0.0,0.0,0.0,0.0
32.5677,12.32,45.21,5.83,286.99,69.3,267.74,151.58,56.32,0.0,0.0,0.0,0.0,0.0,0.0,0.0,0.0
32.5777,12.32,35.75,5.83,289.08,71.5,272.36,156.09,58.63,0.0,0.0,0.0,0.0,0.0,0.0,0.0,0.0
32.5877,10.34,26.29,5.83,289.08,71.5,274.67,160.71,60.72,0.0,0.0,0.0,0.0,0.0,0.0,0.0,0.0
32.5977,10.34,18.81,5.83,286.99,73.59,279.29,165.22,62.92,0.0,0.0,0.0,0.0,0.0,0.0,0.0,0.0
32.6077,8.25,15.07,3.85,280.61,71.5,283.69,169.84,65.12,0.0,0.0,0.0,0.0,0.0,0.0,0.0,0.0
32.6177,6.16,13.09,3.85,272.58,69.3,288.09,174.46,67.32,0.0,0.0,0.0,0.0,0.0,0.0,0.0,0.0
32.6277,6.16,11.22,0.0,263.01,67.21,294.69,179.08,71.61,20.57,0.0,0.0,0.0,0.0,0.0,0.0,0.0
32.6377,6.16,9.35,0.0,253.44,62.92,299.09,183.81,76.01,27.39,0.0,0.0,0.0,0.0,0.0,0.0,0.0
32.6477,4.07,7.48,0.0,243.87,58.63,303.49,188.43,80.3,27.39,0.0,0.0,0.0,0.0,0.0,0.0,0.0
32.6577,4.07,5.61,0.0,232.43,54.23,308.0,190.74,86.9,32.01,0.0,0.0,0.0,0.0,0.0,0.0,0.0
32.6677,0.0,5.61,0.0,222.64,49.94,312.4,193.05,91.19,43.45,0.0,0.0,0.0,0.0,0.0,0.0,0.0
32.6777,0.0,3.74,0.0,212.08,43.34,314.6,193.05,97.79,57.2,0.0,0.0,0.0,0.0,0.0,0.0,0.0
32.6877,0.0,3.74,0.0,199.32,36.85,319.0,193.05,102.08,92.95,0.0,3.74,0.0,0.0,0.0,0.0,0.0
32.6977,0.0,3.74,0.0,184.47,30.36,323.4,193.05,108.68,157.63,4.18,7.59,0.0,0.0,0.0,0.0,0.0
32.7077,0.0,0.0,0.0,167.53,23.87,325.6,190.74,113.08,155.32,35.53,55.11,0.0,0.0,0.0,0.0,0.0
32.7177,0.0,0.0,0.0,146.74,17.27,325.6,188.43,119.9,92.95,88.33,100.76,12.54,16.94,10.01,18.15,5.5
32.7277,0.0,0.0,0.0,121.99,10.78,321.2,181.5,126.83,76.23,120.34,122.98,20.13,14.74,25.19,26.18,8.36
32.7377,0.0,0.0,0.0,92.51,8.58,312.4,169.84,135.96,66.66,124.63,134.53,22.66,21.12,37.73,44.33,11.11
32.7477,0.0,0.0,0.0,54.34,8.58,292.49,151.58,145.09,50.27,126.83,139.15,25.19,25.41,55.44,61.27,16.72
32.7577,0.0,0.0,0.0,22.99,8.58,256.19,122.1,161.15,38.83,135.52,134.53,30.14,29.59,69.85,80.41,22.33
32.7677,0.0,0.0,0.0,16.72,8.58,184.91,87.01,179.85,29.7,135.52,136.84,32.67,33.88,84.26,97.24,27.83
32.7777,0.0,0.0,0.0,14.63,8.58,109.12,49.61,191.73,27.39,137.72,141.35,35.2,35.97,93.83,113.96,33.44
32.7877,0.0,0.0,0.0,12.54,8.58,59.73,22.55,182.16,25.08,139.92,148.28,40.26,40.26,103.4,130.24,41.8
32.7977,0.0,0.0,0.0,12.54,6.49,27.5,18.04,129.03,25.08,142.01,152.9,42.79,44.44,110.66,144.21,47.41
32.8077,0.0,0.0,0.0,10.45,6.49,16.94,13.53,82.5,22.88,142.01,155.21,45.32,46.53,118.03,155.87,58.63
32.8177,0.0,0.0,0.0,8.36,4.29,12.65,9.02,58.63,20.57,144.21,155.21,47.85,50.82,125.62,165.11,70.18
32.8277,0.0,0.0,0.0,8.36,4.29,8.47,6.71,45.1,20.57,146.41,152.9,50.38,52.91,133.21,174.79,81.84
32.8377,0.0,0.0,0.0,6.27,0.0,6.27,4.51,33.77,20.57,148.61,150.59,55.44,57.53,140.8,184.58,90.53
32.8477,0.0,0.0,0.0,6.27,0.0,4.18,0.0,15.73,18.26,146.41,145.97,57.97,60.06,145.75,194.37,102.19
32.8577,0.0,0.0,0.0,4.18,0.0,0.0,0.0,0.0,18.26,146.41,143.66,60.39,62.59,150.81,201.63,110.99
32.8677,0.0,0.0,0.0,4.18,0.0,0.0,0.0,0.0,18.26,144.21,139.15,62.92,65.12,155.87,209.0,116.05
32.8777,0.0,0.0,0.0,0.0,0.0,0.0,0.0,0.0,15.95,142.01,132.22,67.98,67.65,160.93,216.26,123.64
32.8877,0.0,0.0,0.0,0.0,0.0,0.0,0.0,0.0,15.95,137.72,127.6,70.4,70.18,168.52,221.21,128.7
32.8977,0.0,0.0,0.0,0.0,0.0,0.0,0.0,0.0,15.95,135.52,120.67,72.93,72.71,171.05,225.94,133.76
32.9077,0.0,0.0,0.0,0.0,0.0,0.0,0.0,0.0,15.95,129.03,113.85,75.46,75.24,175.67,230.78,136.29
32.9177,0.0,0.0,0.0,0.0,0.0,0.0,0.0,0.0,15.95,124.63,102.96,77.99,77.77,180.4,235.51,141.35
32.9277,0.0,0.0,0.0,0.0,0.0,0.0,0.0,0.0,15.95,118.14,94.27,82.94,80.3,182.82,240.35,143.88
32.9377,0.0,0.0,0.0,0.0,0.0,0.0,0.0,0.0,15.95,111.65,85.47,82.94,80.3,187.44,242.77,148.94
32.9477,0.0,0.0,0.0,0.0,0.0,0.0,0.0,0.0,15.95,105.27,76.78,85.47,82.83,189.86,247.61,151.47
32.9577,0.0,0.0,0.0,0.0,0.0,0.0,0.0,0.0,15.95,98.89,68.09,90.53,82.83,194.59,252.34,154.0
32.9677,0.0,0.0,0.0,0.0,0.0,0.0,0.0,0.0,13.64,92.51,57.2,90.53,85.25,196.9,254.76,156.53
32.9777,0.0,0.0,0.0,0.0,0.0,0.0,0.0,0.0,13.64,86.13,49.39,92.95,85.25,199.32,259.6,161.59
32.9877,0.0,0.0,0.0,0.0,0.0,0.0,0.0,0.0,13.64,81.95,43.67,95.48,85.25,203.94,262.02,161.59
32.9977,0.0,0.0,0.0,0.0,0.0,0.0,0.0,0.0,13.64,73.48,37.95,95.48,87.78,203.94,264.33,166.76
33.0077,0.0,0.0,0.0,0.0,0.0,0.0,0.0,0.0,13.64,69.19,32.23,98.01,87.78,208.67,269.17,169.18
33.0177,0.0,0.0,0.0,0.0,0.0,0.0,0.0,0.0,13.64,60.72,28.49,100.54,87.78,211.09,271.59,171.71
33.0277,0.0,0.0,0.0,0.0,0.0,0.0,0.0,0.0,13.64,54.34,24.64,102.96,90.31,213.4,276.43,174.24
33.0377,0.0,0.0,0.0,0.0,0.0,0.0,0.0,0.0,13.64,48.07,20.9,102.96,90.31,215.82,278.63,176.77
33.0477,0.0,0.0,0.0,0.0,0.0,0.0,0.0,0.0,11.44,39.71,18.92,105.49,90.31,220.55,283.25,181.72
33.0577,0.0,0.0,0.0,0.0,0.0,0.0,0.0,0.0,11.44,31.35,17.05,108.02,87.78,222.97,285.56,184.25
33.0677,0.0,0.0,0.0,0.0,0.0,0.0,0.0,0.0,11.44,22.99,15.18,110.55,87.78,227.81,290.18,186.78
33.0777,0.0,0.0,0.0,0.0,0.0,0.0,0.0,0.0,11.44,16.72,13.2,110.55,87.78,230.34,292.49,191.73
33.0877,0.0,0.0,0.0,0.0,0.0,0.0,0.0,0.0,9.13,14.63,11.33,110.55,87.78,235.18,294.8,194.26
33.0977,0.0,0.0,0.0,0.0,0.0,0.0,0.0,0.0,9.13,10.45,9.46,110.55,85.25,240.13,299.31,199.32
33.1077,0.0,0.0,0.0,0.0,0.0,0.0,0.0,0.0,6.82,8.36,7.59,105.49,82.83,242.55,301.62,206.8
33.1177,0.0,0.0,0.0,0.0,0.0,0.0,0.0,0.0,4.51,6.27,5.61,102.96,77.77,244.97,303.93,211.86
33.1277,0.0,0.0,0.0,0.0,0.0,0.0,0.0,0.0,4.51,4.18,5.61,100.54,72.71,249.92,306.24,219.34
33.1377,0.0,0.0,0.0,0.0,0.0,0.0,0.0,0.0,0.0,4.18,3.74,95.48,70.18,252.34,308.55,224.4
33.1477,0.0,0.0,0.0,0.0,0.0,0.0,0.0,0.0,0.0,0.0,3.74,90.53,62.59,257.18,310.86,231.55
33.1577,14.41,0.0,0.0,0.0,0.0,0.0,0.0,0.0,0.0,0.0,3.74,82.94,57.53,259.71,310.86,238.59
33.1677,14.41,0.0,0.0,0.0,0.0,0.0,0.0,0.0,0.0,0.0,0.0,77.99,52.91,262.13,313.17,243.32
33.1777,16.5,0.0,0.0,0.0,0.0,0.0,0.0,0.0,0.0,0.0,0.0,72.93,46.53,264.55,313.17,250.36
33.1877,24.75,0.0,0.0,0.0,0.0,0.0,0.0,0.0,0.0,0.0,0.0,65.45,42.35,266.97,313.17,254.98
33.1977,33.11,0.0,0.0,0.0,0.0,0.0,0.0,0.0,0.0,0.0,0.0,57.97,35.97,269.5,313.17,262.02
33.2077,39.27,0.0,0.0,0.0,0.0,0.0,0.0,0.0,0.0,0.0,0.0,50.38,29.59,271.92,313.17,269.06
33.2177,41.36,0.0,0.0,0.0,0.0,0.0,0.0,0.0,0.0,0.0,0.0,42.79,23.21,274.34,313.17,273.79
33.2277,68.75,0.0,0.0,0.0,0.0,0.0,0.0,0.0,0.0,0.0,0.0,32.67,19.03,274.34,308.55,280.94
33.2377,105.82,0.0,0.0,0.0,0.0,0.0,0.0,0.0,0.0,0.0,0.0,22.66,12.65,274.34,303.93,286.0
33.2477,150.15,0.0,0.0,0.0,0.0,0.0,0.0,0.0,0.0,0.0,0.0,12.54,8.47,271.92,297.0,291.06
33.2577,204.49,16.94,0.0,0.0,0.0,0.0,0.0,0.0,0.0,0.0,0.0,7.48,8.47,264.55,285.56,296.12
33.2677,152.13,143.22,0.0,0.0,0.0,0.0,0.0,0.0,0.0,0.0,0.0,4.95,6.27,249.92,269.17,301.18
33.2777,88.44,233.86,3.85,8.36,0.0,0.0,0.0,0.0,0.0,0.0,0.0,4.95,8.47,227.81,247.61,306.24
33.2877,57.97,261.03,70.62,58.63,0.0,23.21,0.0,0.0,0.0,0.0,0.0,4.95,8.47,203.94,216.26,308.77
33.2977,51.7,271.48,124.08,60.72,17.27,50.82,11.22,9.02,0.0,0.0,0.0,4.95,8.47,171.05,174.79,313.83
33.3077,43.45,273.57,137.28,67.1,25.96,76.23,29.26,15.73,0.0,0.0,0.0,4.95,10.56,130.68,125.62,316.36
33.3177,35.09,263.12,148.28,71.28,32.56,92.62,47.3,20.24,0.0,0.0,0.0,4.95,10.56,93.83,75.68,313.83
33.3277,31.02,254.76,150.48,75.57,39.05,104.39,63.36,22.55,0.0,0.0,0.0,4.95,10.56,55.44,34.32,286.0
33.3377,26.84,258.94,146.08,81.95,43.34,116.16,77.55,24.75,0.0,0.0,0.0,4.95,8.47,20.13,26.18,201.85
33.3477,24.75,263.12,143.88,86.13,45.54,125.73,89.32,27.06,0.0,0.0,0.0,4.95,8.47,15.07,22.11,138.82
33.3577,24.75,261.03,141.68,92.51,49.94,135.41,98.78,29.26,0.0,0.0,0.0,4.95,6.27,12.54,18.15,116.05
33.3677,22.77,261.03,137.28,98.89,52.03,142.56,108.24,31.57,0.0,0.0,0.0,4.95,4.18,10.01,14.08,110.99
33.3777,22.77,263.12,128.48,105.27,54.23,152.13,113.08,33.77,0.0,0.0,0.0,0.0,4.18,4.95,10.01,84.81
33.3877,22.77,267.3,115.28,113.63,56.43,159.28,117.59,36.08,0.0,0.0,0.0,0.0,0.0,0.0,6.05,44.66
33.3977,20.68,269.39,101.86,121.99,58.63,168.96,122.1,36.08,0.0,0.0,0.0,0.0,0.0,0.0,0.0,11.11
33.4077,20.68,269.39,86.24,130.24,60.72,175.78,124.41,38.28,0.0,0.0,0.0,0.0,0.0,0.0,0.0,5.5
33.4177,20.68,263.12,77.33,138.49,60.72,180.4,128.92,40.59,0.0,0.0,0.0,0.0,0.0,0.0,0.0,0.0
33.4277,20.68,254.76,68.42,144.76,62.92,187.22,131.23,40.59,0.0,0.0,0.0,0.0,0.0,0.0,0.0,0.0
33.4377,20.68,246.4,61.71,150.92,65.01,189.53,135.74,42.79,0.0,0.0,0.0,0.0,0.0,0.0,0.0,0.0
33.4477,18.59,235.95,53.13,157.08,67.21,196.46,137.94,42.79,0.0,0.0,0.0,0.0,0.0,0.0,0.0,0.0
33.4577,18.59,223.41,43.23,161.26,67.21,198.66,140.25,45.1,0.0,0.0,0.0,0.0,0.0,0.0,0.0,0.0
33.4677,18.59,210.98,37.29,167.53,69.3,203.28,142.56,45.1,0.0,0.0,0.0,0.0,0.0,0.0,0.0,0.0
33.4777,18.59,200.64,31.46,171.71,69.3,207.9,144.76,47.3,0.0,0.0,0.0,0.0,0.0,0.0,0.0,0.0
33.4877,16.5,188.21,25.52,178.09,71.5,210.21,147.07,47.3,0.0,0.0,0.0,0.0,0.0,0.0,0.0,0.0
33.4977,16.5,175.78,21.56,182.38,71.5,214.72,149.38,49.61,0.0,0.0,0.0,0.0,0.0,0.0,0.0,0.0
33.5077,16.5,165.22,17.71,186.56,71.5,217.03,149.38,49.61,0.0,0.0,0.0,0.0,0.0,0.0,0.0,0.0
33.5177,16.5,154.22,13.75,192.94,71.5,219.34,151.58,49.61,0.0,0.0,0.0,0.0,0.0,0.0,0.0,0.0
33.5277,16.5,145.42,13.75,197.23,73.59,223.96,153.89,51.81,0.0,0.0,0.0,0.0,0.0,0.0,0.0,0.0
33.5377,14.41,136.62,11.77,199.32,73.59,226.27,153.89,51.81,0.0,0.0,0.0,0.0,0.0,0.0,0.0,0.0
33.5477,14.41,127.82,11.77,203.61,73.59,228.47,156.09,51.81,0.0,0.0,0.0,0.0,0.0,0.0,0.0,0.0
33.5577,14.41,119.02,9.79,207.79,75.79,230.78,158.4,54.12,0.0,0.0,0.0,0.0,0.0,0.0,0.0,0.0
33.5677,14.41,112.42,9.79,212.08,75.79,235.4,160.71,54.12,0.0,0.0,0.0,0.0,0.0,0.0,0.0,0.0
33.5776,14.41,106.15,9.79,216.26,75.79,237.71,162.91,54.12,0.0,0.0,0.0,0.0,0.0,0.0,0.0,0.0
33.5876,14.41,100.21,9.79,220.55,75.79,240.02,165.22,56.32,0.0,0.0,0.0,0.0,0.0,0.0,0.0,0.0
33.5976,14.41,94.27,7.81,224.84,75.79,242.33,167.53,56.32,0.0,0.0,0.0,0.0,0.0,0.0,0.0,0.0
33.6076,12.32,86.35,7.81,228.58,75.79,246.95,169.84,56.32,0.0,0.0,0.0,0.0,0.0,0.0,0.0,0.0
33.6176,12.32,80.3,7.81,232.43,75.79,249.26,169.84,58.63,0.0,0.0,0.0,0.0,0.0,0.0,0.0,0.0
33.6276,12.32,72.38,7.81,236.28,75.79,253.88,172.15,58.63,0.0,0.0,0.0,0.0,0.0,0.0,0.0,0.0
33.6376,12.32,64.46,7.81,240.02,77.88,256.19,174.46,60.72,0.0,0.0,0.0,0.0,0.0,0.0,0.0,0.0
33.6476,12.32,56.54,7.81,243.87,77.88,260.81,179.08,60.72,0.0,0.0,0.0,0.0,0.0,0.0,0.0,0.0
33.6576,12.32,47.08,5.83,245.85,77.88,265.43,181.5,62.92,0.0,0.0,0.0,0.0,0.0,0.0,0.0,0.0
33.6676,10.34,39.49,5.83,247.72,77.88,270.05,183.81,62.92,0.0,0.0,0.0,0.0,0.0,0.0,0.0,0.0
33.6776,10.34,32.01,5.83,249.59,77.88,274.67,188.43,65.12,0.0,0.0,0.0,0.0,0.0,0.0,0.0,0.0
33.6876,10.34,24.42,5.83,251.57,80.08,276.98,190.74,67.32,0.0,0.0,0.0,0.0,0.0,0.0,0.0,0.0
33.6976,8.25,18.81,5.83,251.57,80.08,281.49,195.47,69.41,0.0,0.0,0.0,0.0,0.0,0.0,0.0,0.0
33.7076,8.25,15.07,3.85,247.72,77.88,285.89,197.78,71.61,0.0,0.0,0.0,0.0,0.0,0.0,0.0,0.0
33.7176,6.16,11.22,3.85,242.0,75.79,290.29,202.4,73.81,0.0,0.0,0.0,0.0,0.0,0.0,0.0,0.0
33.7276,6.16,9.35,0.0,236.28,73.59,294.69,204.71,76.01,15.95,0.0,0.0,0.0,0.0,0.0,0.0,0.0
33.7376,4.07,9.35,0.0,230.56,71.5,296.89,207.02,80.3,18.26,0.0,0.0,0.0,0.0,0.0,0.0,0.0
33.7476,4.07,7.48,0.0,222.64,67.21,301.29,209.44,84.7,22.88,0.0,0.0,0.0,0.0,0.0,0.0,0.0
33.7576,4.07,5.61,0.0,216.26,62.92,308.0,211.75,86.9,29.7,0.0,0.0,0.0,0.0,0.0,0.0,0.0
33.7676,0.0,5.61,0.0,207.79,56.43,310.2,214.06,91.19,34.32,0.0,0.0,0.0,0.0,0.0,0.0,0.0
33.7776,0.0,3.74,0.0,201.41,52.03,316.8,214.06,95.59,43.45,0.0,0.0,0.0,0.0,0.0,0.0,0.0
33.7876,0.0,3.74,0.0,192.94,45.54,321.2,214.06,99.99,61.93,0.0,0.0,0.0,0.0,0.0,0.0,0.0
33.7976,0.0,3.74,0.0,184.47,39.05,325.6,211.75,102.08,97.79,0.0,0.0,0.0,0.0,0.0,0.0,0.0
33.8076,0.0,0.0,0.0,173.8,32.56,327.8,209.44,106.48,134.86,0.0,5.61,0.0,0.0,0.0,0.0,0.0
33.8176,0.0,0.0,0.0,157.08,25.96,330.11,207.02,110.88,150.81,20.9,39.82,0.0,0.0,0.0,0.0,0.0
33.8276,0.0,0.0,0.0,138.49,17.27,330.11,204.71,115.28,73.81,75.57,87.67,4.95,16.94,0.0,18.15,0.0
33.8376,0.0,0.0,0.0,115.72,10.78,325.6,197.78,122.21,57.2,118.14,107.25,12.54,16.94,17.6,26.18,8.36
33.8476,0.0,0.0,0.0,90.42,8.58,316.8,188.43,129.03,50.27,124.63,118.36,15.07,23.21,27.72,44.33,11.11
33.8576,0.0,0.0,0.0,56.54,8.58,301.29,169.84,140.58,36.52,124.63,125.29,17.6,27.5,42.79,61.27,13.86
33.8676,0.0,0.0,0.0,25.08,8.58,267.74,144.76,154.33,27.39,129.03,125.29,22.66,31.79,57.97,78.1,19.47
33.8776,0.0,0.0,0.0,16.72,8.58,203.28,110.66,172.7,22.88,131.23,127.6,25.19,33.88,72.27,97.24,25.08
33.8876,0.0,0.0,0.0,14.63,8.58,128.15,75.13,194.04,20.57,137.72,134.53,27.72,38.06,81.84,111.65,30.69
33.8976,0.0,0.0,0.0,12.54,8.58,73.81,36.08,196.46,18.26,144.21,136.84,30.14,42.35,93.83,125.62,36.19
33.9076,0.0,0.0,0.0,10.45,8.58,33.88,20.24,158.84,18.26,150.7,143.66,35.2,44.44,101.09,137.17,41.8
33.9176,0.0,0.0,0.0,10.45,6.49,19.03,15.73,99.99,18.26,155.1,143.66,37.73,46.53,110.66,146.52,50.16
33.9276,0.0,0.0,0.0,8.36,6.49,12.65,13.53,65.12,15.95,161.59,143.66,42.79,48.73,120.56,155.87,58.63
33.9376,0.0,0.0,0.0,8.36,4.29,10.56,9.02,47.3,15.95,168.19,139.15,45.32,50.82,130.68,162.8,70.18
33.9476,0.0,0.0,0.0,6.27,0.0,8.47,6.71,38.28,15.95,170.28,136.84,50.38,52.91,138.27,169.95,78.98
33.9576,0.0,0.0,0.0,6.27,0.0,6.27,4.51,22.55,15.95,174.46,132.22,52.91,57.53,148.28,177.21,87.67
33.9676,0.0,0.0,0.0,4.18,0.0,4.18,0.0,4.51,15.95,176.55,127.6,57.97,57.53,155.87,184.58,96.36
33.9776,0.0,0.0,0.0,0.0,0.0,0.0,0.0,0.0,13.64,176.55,120.67,62.92,62.59,163.46,189.42,105.16
33.9876,0.0,0.0,0.0,0.0,0.0,0.0,0.0,0.0,13.64,176.55,116.05,65.45,62.59,168.52,196.79,110.99
33.9976,0.0,0.0,0.0,0.0,0.0,0.0,0.0,0.0,13.64,174.46,109.45,67.98,65.12,175.67,201.63,116.05
34.0076,0.0,0.0,0.0,0.0,0.0,0.0,0.0,0.0,13.64,172.37,102.96,72.93,67.65,180.4,206.47,123.64
34.0176,0.0,0.0,0.0,0.0,0.0,0.0,0.0,0.0,13.64,168.19,98.56,75.46,70.18,185.13,211.42,128.7
34.0276,0.0,0.0,0.0,0.0,0.0,0.0,0.0,0.0,13.64,161.59,92.07,77.99,72.71,189.86,216.26,131.23
34.0376,0.0,0.0,0.0,0.0,0.0,0.0,0.0,0.0,13.64,157.3,85.47,80.41,75.24,194.59,221.21,136.29
34.0476,0.0,0.0,0.0,0.0,0.0,0.0,0.0,0.0,13.64,150.7,78.98,82.94,77.77,196.9,223.52,138.82
34.0576,0.0,0.0,0.0,0.0,0.0,0.0,0.0,0.0,11.44,144.21,72.49,85.47,77.77,201.63,228.36,141.35
34.0676,0.0,0.0,0.0,0.0,0.0,0.0,0.0,0.0,13.64,137.72,63.8,88.0,80.3,203.94,230.78,146.41
34.0776,0.0,0.0,0.0,0.0,0.0,0.0,0.0,0.0,11.44,131.23,57.2,90.53,80.3,208.67,235.51,146.41
34.0876,0.0,0.0,0.0,0.0,0.0,0.0,0.0,0.0,11.44,124.63,51.26,92.95,80.3,211.09,237.93,148.94
34.0976,0.0,0.0,0.0,0.0,0.0,0.0,0.0,0.0,13.64,118.14,45.54,92.95,82.83,213.4,240.35,151.47
34.1076,0.0,0.0,0.0,0.0,0.0,0.0,0.0,0.0,13.64,111.65,39.82,95.48,82.83,215.82,242.77,154.0
34.1176,0.0,0.0,0.0,0.0,0.0,0.0,0.0,0.0,11.44,105.27,34.1,98.01,82.83,218.13,245.19,154.0
34.1276,0.0,0.0,0.0,0.0,0.0,0.0,0.0,0.0,11.44,98.89,30.36,98.01,85.25,220.55,247.61,156.53
34.1376,0.0,0.0,0.0,0.0,0.0,0.0,0.0,0.0,11.44,92.51,26.51,100.54,85.25,222.97,249.92,159.06
34.1476,0.0,0.0,0.0,0.0,0.0,0.0,0.0,0.0,11.44,84.04,22.77,100.54,85.25,225.39,254.76,161.59
34.1576,0.0,0.0,0.0,0.0,0.0,0.0,0.0,0.0,11.44,75.57,20.9,102.96,85.25,227.81,257.18,164.12
34.1676,0.0,0.0,0.0,0.0,0.0,0.0,0.0,0.0,11.44,69.19,18.92,105.49,87.78,230.34,262.02,166.76
34.1776,0.0,0.0,0.0,0.0,0.0,0.0,0.0,0.0,11.44,60.72,17.05,105.49,87.78,232.76,264.33,169.18
34.1876,0.0,0.0,0.0,0.0,0.0,0.0,0.0,0.0,11.44,54.34,15.18,105.49,87.78,237.6,266.75,171.71
34.1976,0.0,0.0,0.0,0.0,0.0,0.0,0.0,0.0,11.44,45.98,15.18,108.02,87.78,240.13,269.17,171.71
34.2076,0.0,0.0,0.0,0.0,0.0,0.0,0.0,0.0,11.44,37.62,13.2,110.55,87.78,244.97,271.59,176.77
34.2176,0.0,0.0,0.0,0.0,0.0,0.0,0.0,0.0,9.13,29.26,13.2,113.08,87.78,249.92,276.43,179.19
34.2276,0.0,0.0,0.0,0.0,0.0,0.0,0.0,0.0,9.13,22.99,11.33,113.08,85.25,252.34,278.63,184.25
34.2376,0.0,0.0,0.0,0.0,0.0,0.0,0.0,0.0,6.82,16.72,11.33,113.08,85.25,257.18,280.94,186.78
34.2476,0.0,0.0,0.0,0.0,0.0,0.0,0.0,0.0,6.82,12.54,9.46,113.08,85.25,262.13,285.56,194.26
34.2576,0.0,0.0,0.0,0.0,0.0,0.0,0.0,0.0,4.51,8.36,7.59,110.55,82.83,264.55,287.87,199.32
34.2676,6.16,0.0,0.0,0.0,0.0,0.0,0.0,0.0,4.51,6.27,5.61,105.49,80.3,269.5,292.49,206.8
34.2776,12.32,0.0,0.0,0.0,0.0,0.0,0.0,0.0,0.0,4.18,5.61,100.54,75.24,271.92,297.0,214.39
34.2876,18.59,0.0,0.0,0.0,0.0,0.0,0.0,0.0,0.0,4.18,5.61,95.48,70.18,276.76,299.31,221.87
34.2976,24.75,0.0,0.0,0.0,0.0,0.0,0.0,0.0,0.0,4.18,3.74,90.53,65.12,279.29,303.93,226.93
34.3076,26.84,0.0,0.0,0.0,0.0,0.0,0.0,0.0,0.0,0.0,3.74,85.47,57.53,281.71,308.55,236.28
34.3176,35.09,0.0,0.0,0.0,0.0,0.0,0.0,0.0,0.0,0.0,3.74,77.99,52.91,284.13,310.86,243.32
34.3276,41.36,0.0,0.0,0.0,0.0,0.0,0.0,0.0,0.0,0.0,0.0,70.4,46.53,286.55,313.17,250.36
34.3376,53.79,0.0,0.0,0.0,0.0,0.0,0.0,0.0,0.0,0.0,0.0,62.92,40.26,289.08,313.17,257.4
34.3476,88.44,0.0,0.0,0.0,0.0,0.0,0.0,0.0,0.0,0.0,0.0,52.91,33.88,291.5,315.37,264.44
34.3576,112.42,0.0,0.0,0.0,0.0,0.0,0.0,0.0,0.0,0.0,0.0,42.79,27.5,293.92,315.37,269.06
34.3676,154.11,0.0,0.0,0.0,0.0,0.0,0.0,0.0,0.0,0.0,0.0,30.14,21.12,293.92,313.17,276.1
34.3776,202.51,11.22,0.0,0.0,0.0,0.0,0.0,0.0,0.0,0.0,0.0,17.6,14.74,289.08,308.55,280.94
34.3876,164.01,119.02,0.0,0.0,0.0,0.0,0.0,0.0,0.0,0.0,0.0,10.01,8.47,281.71,299.31,286.0
34.3976,114.4,210.98,3.85,8.36,0.0,0.0,0.0,0.0,0.0,0.0,0.0,4.95,8.47,266.97,285.56,291.06
34.4076,81.84,242.22,64.02,50.16,0.0,8.47,0.0,0.0,0.0,0.0,0.0,0.0,6.27,244.97,259.6,293.59
34.4176,70.95,256.85,113.08,62.81,12.98,33.88,9.02,6.71,0.0,0.0,0.0,0.0,8.47,213.4,225.94,298.65
34.4276,60.06,263.12,126.28,69.19,21.67,55.11,15.73,11.22,0.0,0.0,0.0,4.95,8.47,173.36,174.79,301.18
34.4376,51.7,261.03,135.08,71.28,25.96,69.19,27.06,15.73,0.0,0.0,0.0,4.95,10.56,125.62,123.2,303.71
34.4476,47.52,263.12,137.28,73.48,30.36,78.54,33.77,18.04,0.0,0.0,0.0,4.95,10.56,81.84,68.42,296.12
34.4576,43.45,269.39,139.48,77.66,32.56,85.58,40.59,20.24,0.0,0.0,0.0,4.95,8.47,37.73,30.25,252.67
34.4676,41.36,277.75,141.68,79.75,32.56,92.62,45.1,20.24,0.0,0.0,0.0,4.95,8.47,17.6,22.11,159.06
34.4776,41.36,288.2,141.68,84.04,34.65,97.35,49.61,22.55,0.0,0.0,0.0,4.95,6.27,15.07,18.15,116.05
34.4876,41.36,298.43,137.28,88.33,34.65,102.08,51.81,22.55,0.0,0.0,0.0,4.95,6.27,12.54,16.06,102.19
34.4976,39.27,310.86,130.68,94.6,36.85,109.12,54.12,22.55,0.0,0.0,0.0,0.0,6.27,7.48,10.01,93.5
34.5076,37.18,321.2,117.48,100.98,36.85,116.16,58.63,24.75,0.0,0.0,0.0,0.0,4.18,0.0,8.03,64.35
34.5176,33.11,327.36,104.06,109.45,36.85,123.42,60.94,24.75,0.0,0.0,0.0,0.0,0.0,0.0,3.96,25.08
34.5276,31.02,333.63,92.95,117.81,39.05,130.57,63.36,27.06,0.0,0.0,0.0,0.0,0.0,0.0,0.0,8.36
34.5376,31.02,335.83,84.04,123.97,39.05,135.41,65.67,27.06,0.0,0.0,0.0,0.0,0.0,0.0,0.0,0.0
34.5476,28.93,335.83,77.33,130.24,41.25,140.14,70.4,29.26,0.0,0.0,0.0,0.0,0.0,0.0,0.0,0.0
34.5576,26.84,329.45,75.13,136.4,43.34,144.98,72.82,29.26,0.0,0.0,0.0,0.0,0.0,0.0,0.0,0.0
34.5676,26.84,323.29,72.93,140.58,43.34,149.71,77.55,29.26,0.0,0.0,0.0,0.0,0.0,0.0,0.0,0.0
34.5776,26.84,317.02,72.93,144.76,45.54,154.55,79.86,31.57,0.0,0.0,0.0,0.0,0.0,0.0,0.0,0.0
34.5876,24.75,308.77,70.62,148.83,47.74,156.97,84.59,31.57,0.0,0.0,0.0,0.0,0.0,0.0,0.0,0.0
34.5976,24.75,302.61,68.42,153.01,49.94,161.7,87.01,33.77,0.0,0.0,0.0,0.0,0.0,0.0,0.0,0.0
34.6076,24.75,294.36,61.71,159.17,49.94,164.12,89.32,33.77,0.0,0.0,0.0,0.0,0.0,0.0,0.0,0.0
34.6176,22.77,288.2,55.11,163.35,52.03,166.54,91.74,33.77,0.0,0.0,0.0,0.0,0.0,0.0,0.0,0.0
34.6276,22.77,279.95,49.17,167.53,52.03,171.16,94.05,36.08,0.0,0.0,0.0,0.0,0.0,0.0,0.0,0.0
34.6376,22.77,271.48,43.23,173.8,54.23,175.78,96.47,36.08,0.0,0.0,0.0,0.0,0.0,0.0,0.0,0.0
34.6476,22.77,261.03,37.29,180.18,56.43,178.09,98.78,36.08,0.0,0.0,0.0,0.0,0.0,0.0,0.0,0.0
34.6576,20.68,250.58,35.42,184.47,56.43,182.71,101.2,38.28,0.0,0.0,0.0,0.0,0.0,0.0,0.0,0.0
34.6676,20.68,240.13,31.46,190.85,58.63,184.91,103.51,38.28,0.0,0.0,0.0,0.0,0.0,0.0,0.0,0.0
34.6776,20.68,231.77,27.5,195.03,60.72,189.53,105.93,38.28,0.0,0.0,0.0,0.0,0.0,0.0,0.0,0.0
34.6876,20.68,221.32,23.54,201.41,60.72,191.84,110.66,40.59,0.0,0.0,0.0,0.0,0.0,0.0,0.0,0.0
34.6976,18.59,208.89,21.56,205.7,62.92,196.46,113.08,40.59,0.0,0.0,0.0,0.0,0.0,0.0,0.0,0.0
34.7076,18.59,200.64,19.58,209.88,65.01,200.97,115.28,40.59,0.0,0.0,0.0,0.0,0.0,0.0,0.0,0.0
34.7176,18.59,188.21,17.71,214.17,65.01,203.28,119.79,42.79,0.0,0.0,0.0,0.0,0.0,0.0,0.0,0.0
34.7276,18.59,179.85,15.73,218.46,67.21,207.9,122.1,42.79,0.0,0.0,0.0,0.0,0.0,0.0,0.0,0.0
34.7376,18.59,169.51,13.75,222.64,69.3,210.21,126.61,45.1,0.0,0.0,0.0,0.0,0.0,0.0,0.0,0.0
34.7476,16.5,158.62,13.75,228.58,71.5,214.72,131.23,45.1,0.0,0.0,0.0,0.0,0.0,0.0,0.0,0.0
34.7576,16.5,145.42,11.77,234.3,71.5,221.65,133.43,47.3,0.0,0.0,0.0,0.0,0.0,0.0,0.0,0.0
34.7676,16.5,134.42,9.79,240.02,73.59,226.27,137.94,47.3,0.0,0.0,0.0,0.0,0.0,0.0,0.0,0.0
34.7776,16.5,121.22,9.79,245.85,73.59,230.78,142.56,49.61,0.0,0.0,0.0,0.0,0.0,0.0,0.0,0.0
34.7876,14.41,108.13,9.79,251.57,75.79,237.71,147.07,51.81,0.0,0.0,0.0,0.0,0.0,0.0,0.0,0.0
34.7976,14.41,96.25,7.81,257.29,75.79,242.33,149.38,51.81,0.0,0.0,0.0,0.0,0.0,0.0,0.0,0.0
34.8076,14.41,82.28,7.81,263.01,75.79,249.26,153.89,54.12,0.0,0.0,0.0,0.0,0.0,0.0,0.0,0.0
34.8176,12.32,68.42,7.81,268.73,75.79,253.88,158.4,56.32,0.0,0.0,0.0,0.0,0.0,0.0,0.0,0.0
34.8276,12.32,52.69,7.81,272.58,77.88,260.81,160.71,56.32,0.0,0.0,0.0,0.0,0.0,0.0,0.0,0.0
34.8376,10.34,39.49,5.83,274.45,77.88,267.74,165.22,58.63,0.0,0.0,0.0,0.0,0.0,0.0,0.0,0.0
34.8476,10.34,28.16,5.83,276.43,77.88,274.67,172.15,60.72,0.0,0.0,0.0,0.0,0.0,0.0,0.0,0.0
34.8576,8.25,16.94,3.85,274.45,77.88,279.29,176.77,62.92,0.0,0.0,0.0,0.0,0.0,0.0,0.0,0.0
34.8676,6.16,15.07,3.85,266.86,73.59,285.89,181.5,67.32,13.64,0.0,0.0,0.0,0.0,0.0,0.0,0.0
34.8776,6.16,11.22,3.85,257.29,71.5,292.49,188.43,71.61,18.26,0.0,0.0,0.0,0.0,0.0,0.0,0.0
34.8876,4.07,9.35,0.0,247.72,65.01,299.09,193.05,76.01,22.88,0.0,0.0,0.0,0.0,0.0,0.0,0.0
34.8976,4.07,7.48,0.0,238.15,60.72,305.8,195.47,82.5,34.32,0.0,0.0,0.0,0.0,0.0,0.0,0.0
34.9076,0.0,5.61,0.0,226.71,54.23,312.4,197.78,86.9,43.45,0.0,0.0,0.0,0.0,0.0,0.0,0.0
34.9176,0.0,5.61,0.0,214.17,47.74,316.8,200.09,93.39,66.66,0.0,0.0,0.0,0.0,0.0,0.0,0.0
34.9276,0.0,3.74,0.0,199.32,41.25,321.2,202.4,99.99,97.79,0.0,0.0,0.0,0.0,0.0,0.0,0.0
34.9376,0.0,3.74,0.0,184.47,32.56,323.4,202.4,106.48,104.94,0.0,0.0,0.0,0.0,0.0,0.0,0.0
34.9476,0.0,3.74,0.0,163.35,25.96,325.6,204.71,113.08,125.84,0.0,0.0,0.0,0.0,0.0,0.0,0.0
34.9576,0.0,0.0,0.0,140.58,17.27,323.4,204.71,119.9,171.38,0.0,3.74,0.0,0.0,0.0,0.0,0.0
34.9676,0.0,0.0,0.0,115.72,10.78,319.0,202.4,129.03,201.74,43.89,17.05,0.0,0.0,0.0,0.0,0.0
34.9776,0.0,0.0,0.0,86.13,8.58,310.2,197.78,138.27,112.09,122.54,81.18,25.19,16.94,15.07,12.1,5.5
34.9876,0.0,0.0,0.0,52.25,8.58,294.69,181.5,149.71,95.37,170.28,113.85,30.14,19.03,35.2,26.18,11.11
34.9976,0.0,0.0,0.0,22.99,8.58,260.81,149.38,163.46,88.22,172.37,127.6,32.67,23.21,45.32,42.35,13.86
35.0075,0.0,0.0,0.0,16.72,8.58,194.15,113.08,182.16,76.23,176.55,132.22,37.73,27.5,57.97,52.47,13.86
35.0175,0.0,0.0,0.0,14.63,8.58,113.85,70.4,198.88,64.35,184.91,129.91,42.79,29.59,72.27,63.69,16.72
35.0275,0.0,0.0,0.0,12.54,8.58,64.46,31.57,201.19,54.89,195.36,129.91,47.85,31.79,86.68,75.68,19.47
35.0375,0.0,0.0,0.0,10.45,8.58,27.5,18.04,149.71,47.96,209.99,127.6,52.91,33.88,98.67,87.67,27.83
35.0475,0.0,0.0,0.0,10.45,6.49,16.94,15.73,93.39,41.14,222.64,129.91,57.97,35.97,108.24,99.66,30.69
35.0575,0.0,0.0,0.0,8.36,4.29,12.65,11.22,60.72,41.14,230.78,129.91,60.39,38.06,118.03,109.23,36.19
35.0675,0.0,0.0,0.0,8.36,4.29,8.47,6.71,42.79,36.52,236.83,129.91,65.45,40.26,128.15,118.58,41.8
35.0775,0.0,0.0,0.0,6.27,0.0,6.27,4.51,33.77,34.32,242.99,129.91,67.98,42.35,135.74,125.62,44.66
35.0875,0.0,0.0,0.0,4.18,0.0,4.18,0.0,15.73,32.01,247.06,127.6,72.93,46.53,143.22,132.55,47.41
35.0975,0.0,0.0,0.0,4.18,0.0,0.0,0.0,0.0,29.7,247.06,125.29,75.46,46.53,148.28,139.59,50.16
35.1075,0.0,0.0,0.0,0.0,0.0,0.0,0.0,0.0,27.39,247.06,120.67,77.99,48.73,155.87,144.21,55.77
35.1175,0.0,0.0,0.0,0.0,0.0,0.0,0.0,0.0,27.39,244.97,118.36,80.41,50.82,158.4,148.83,58.63
35.1275,0.0,0.0,0.0,0.0,0.0,0.0,0.0,0.0,25.08,240.9,116.05,82.94,52.91,160.93,153.56,64.35
35.1375,0.0,0.0,0.0,0.0,0.0,0.0,0.0,0.0,25.08,236.83,111.65,85.47,52.91,165.99,155.87,64.35
35.1475,0.0,0.0,0.0,0.0,0.0,0.0,0.0,0.0,22.88,234.85,105.05,88.0,55.11,171.05,158.18,67.32
35.1575,0.0,0.0,0.0,0.0,0.0,0.0,0.0,0.0,22.88,228.69,96.36,90.53,55.11,173.36,160.49,70.18
35.1675,0.0,0.0,0.0,0.0,0.0,0.0,0.0,0.0,20.57,220.44,87.67,95.48,55.11,178.09,160.49,73.15
35.1775,0.0,0.0,0.0,0.0,0.0,0.0,0.0,0.0,18.26,214.17,78.98,98.01,57.53,180.4,162.8,76.01
35.1875,0.0,0.0,0.0,0.0,0.0,0.0,0.0,0.0,18.26,205.81,70.29,100.54,57.53,185.13,165.11,78.98
35.1975,0.0,0.0,0.0,0.0,0.0,0.0,0.0,0.0,18.26,199.54,61.6,102.96,60.06,187.44,167.53,78.98
35.2075,0.0,0.0,0.0,0.0,0.0,0.0,0.0,0.0,18.26,191.18,55.11,105.49,62.59,192.17,169.95,81.84
35.2175,0.0,0.0,0.0,0.0,0.0,0.0,0.0,0.0,15.95,184.91,49.39,108.02,62.59,194.59,174.79,84.81
35.2275,0.0,0.0,0.0,0.0,0.0,0.0,0.0,0.0,15.95,176.55,45.54,110.55,65.12,199.32,177.21,87.67
35.2375,0.0,0.0,0.0,0.0,0.0,0.0,0.0,0.0,15.95,170.28,39.82,113.08,65.12,199.32,182.16,90.53
35.2475,0.0,0.0,0.0,0.0,0.0,0.0,0.0,0.0,15.95,161.59,37.95,115.5,67.65,203.94,184.58,93.5
35.2575,0.0,0.0,0.0,0.0,0.0,0.0,0.0,0.0,13.64,155.1,34.1,118.03,70.18,206.36,189.42,99.33
35.2675,0.0,0.0,0.0,0.0,0.0,0.0,0.0,0.0,15.95,146.41,30.36,120.45,70.18,208.67,191.84,102.19
35.2775,0.0,0.0,0.0,0.0,0.0,0.0,0.0,0.0,13.64,139.92,26.51,122.98,72.71,211.09,196.79,105.16
35.2875,0.0,0.0,0.0,0.0,0.0,0.0,0.0,0.0,13.64,131.23,24.64,125.51,72.71,215.82,201.63,110.99
35.2975,0.0,0.0,0.0,0.0,0.0,0.0,0.0,0.0,13.64,124.63,20.9,127.93,75.24,218.13,206.47,113.52
35.3075,0.0,0.0,0.0,0.0,0.0,0.0,0.0,0.0,13.64,115.94,18.92,130.46,75.24,222.97,209.0,118.58
35.3175,0.0,0.0,0.0,0.0,0.0,0.0,0.0,0.0,13.64,107.47,17.05,132.88,75.24,225.39,213.84,121.11
35.3275,0.0,0.0,0.0,0.0,0.0,0.0,0.0,0.0,13.64,96.8,15.18,135.41,77.77,230.34,216.26,126.17
35.3375,0.0,0.0,0.0,0.0,0.0,0.0,0.0,0.0,13.64,86.13,13.2,137.94,75.24,235.18,221.21,128.7
35.3475,0.0,0.0,0.0,0.0,0.0,0.0,0.0,0.0,11.44,75.57,13.2,140.36,75.24,240.13,223.52,133.76
35.3575,0.0,0.0,0.0,0.0,0.0,0.0,0.0,0.0,11.44,62.81,11.33,145.42,75.24,244.97,225.94,138.82
35.3675,0.0,0.0,0.0,0.0,0.0,0.0,0.0,0.0,11.44,50.16,11.33,147.84,75.24,249.92,230.78,141.35
35.3775,0.0,0.0,0.0,0.0,0.0,0.0,0.0,0.0,11.44,37.62,11.33,150.37,72.71,254.76,235.51,146.41
35.3875,0.0,0.0,0.0,0.0,0.0,0.0,0.0,0.0,9.13,27.17,9.46,150.37,75.24,259.71,237.93,151.47
35.3975,0.0,0.0,0.0,0.0,0.0,0.0,0.0,0.0,9.13,18.81,9.46,147.84,72.71,264.55,242.77,156.53
35.4075,12.32,0.0,0.0,0.0,0.0,0.0,0.0,0.0,6.82,14.63,7.59,145.42,72.71,269.5,247.61,164.12
35.4175,14.41,0.0,0.0,0.0,0.0,0.0,0.0,0.0,4.51,10.45,5.61,140.36,70.18,271.92,252.34,171.71
35.4275,14.41,0.0,0.0,0.0,0.0,0.0,0.0,0.0,4.51,8.36,3.74,135.41,65.12,276.76,254.76,181.72
35.4375,24.75,0.0,0.0,0.0,0.0,0.0,0.0,0.0,0.0,6.27,3.74,127.93,60.06,281.71,259.6,189.31
35.4475,33.11,0.0,0.0,0.0,0.0,0.0,0.0,0.0,0.0,6.27,3.74,120.45,52.91,286.55,264.33,196.79
35.4575,43.45,0.0,0.0,0.0,0.0,0.0,0.0,0.0,0.0,4.18,0.0,113.08,48.73,289.08,266.75,206.8
35.4675,47.52,0.0,0.0,0.0,0.0,0.0,0.0,0.0,0.0,4.18,0.0,105.49,40.26,293.92,266.75,214.39
35.4775,88.44,0.0,0.0,0.0,0.0,0.0,0.0,0.0,0.0,4.18,0.0,95.48,33.88,298.87,266.75,221.87
35.4875,108.02,0.0,0.0,0.0,0.0,0.0,0.0,0.0,0.0,0.0,0.0,85.47,27.5,301.29,266.75,229.24
35.4975,134.2,0.0,0.0,0.0,0.0,0.0,0.0,0.0,0.0,0.0,0.0,72.93,21.12,303.71,264.33,236.28
35.5075,192.39,0.0,0.0,0.0,0.0,0.0,0.0,0.0,0.0,0.0,0.0,60.39,14.74,306.24,257.18,243.32
35.5175,220.77,60.5,0.0,0.0,0.0,0.0,0.0,0.0,0.0,0.0,0.0,42.79,10.56,303.71,249.92,247.94
35.5275,156.09,179.85,7.81,0.0,0.0,0.0,0.0,0.0,0.0,0.0,0.0,27.72,8.47,298.87,235.51,252.67
35.5375,81.84,212.96,101.86,48.07,6.49,14.74,4.51,0.0,0.0,0.0,0.0,12.54,8.47,289.08,211.42,257.4
35.5475,60.06,235.95,143.88,60.72,21.67,46.53,20.24,11.22,0.0,0.0,0.0,7.48,8.47,259.71,179.63,262.02
35.5575,53.79,238.04,159.28,62.81,30.36,62.15,38.28,15.73,0.0,0.0,0.0,7.48,8.47,213.4,137.17,266.75
35.5675,45.54,229.68,165.88,65.01,34.65,76.23,51.81,18.04,0.0,0.0,0.0,7.48,10.56,153.34,92.4,266.75
35.5775,41.36,227.59,165.88,67.1,36.85,88.0,65.67,20.24,0.0,0.0,0.0,7.48,10.56,98.67,48.4,259.71
35.5875,37.18,229.68,168.19,71.28,41.25,97.35,75.13,22.55,0.0,0.0,0.0,7.48,10.56,55.44,28.27,216.81
35.5975,35.09,235.95,170.5,73.48,43.34,104.39,84.59,24.75,0.0,0.0,0.0,4.95,8.47,15.07,22.11,148.94
35.6075,33.11,244.31,170.5,77.66,45.54,111.43,91.74,27.06,0.0,0.0,0.0,4.95,8.47,15.07,18.15,116.05
35.6175,33.11,248.49,168.19,81.95,47.74,118.58,98.78,29.26,0.0,0.0,0.0,4.95,6.27,12.54,14.08,108.02
35.6275,31.02,252.67,163.68,86.13,49.94,125.73,103.51,31.57,0.0,0.0,0.0,4.95,4.18,7.48,10.01,93.5
35.6375,28.93,258.94,157.08,92.51,52.03,130.57,110.66,33.77,0.0,0.0,0.0,0.0,0.0,4.95,6.05,61.49
35.6475,28.93,263.12,150.48,96.8,54.23,137.72,113.08,33.77,0.0,0.0,0.0,0.0,0.0,0.0,3.96,19.47
35.6575,26.84,265.21,146.08,103.07,56.43,142.56,117.59,36.08,0.0,0.0,0.0,0.0,0.0,0.0,0.0,5.5
35.6675,26.84,265.21,139.48,107.36,58.63,147.29,122.1,38.28,0.0,0.0,0.0,0.0,0.0,0.0,0.0,0.0
35.6775,24.75,263.12,132.88,113.63,58.63,152.13,124.41,38.28,0.0,0.0,0.0,0.0,0.0,0.0,0.0,0.0
35.6875,24.75,254.76,126.28,117.81,60.72,156.97,128.92,40.59,0.0,0.0,0.0,0.0,0.0,0.0,0.0,0.0
35.6975,22.77,246.4,117.48,121.99,65.01,159.28,133.43,40.59,0.0,0.0,0.0,0.0,0.0,0.0,0.0,0.0
35.7075,22.77,238.04,108.57,128.15,65.01,164.12,137.94,42.79,0.0,0.0,0.0,0.0,0.0,0.0,0.0,0.0
35.7175,22.77,227.59,101.86,132.33,67.21,168.96,140.25,45.1,0.0,0.0,0.0,0.0,0.0,0.0,0.0,0.0
35.7275,20.68,217.14,90.75,136.4,69.3,171.16,142.56,45.1,0.0,0.0,0.0,0.0,0.0,0.0,0.0,0.0
35.7375,20.68,208.89,81.84,140.58,71.5,175.78,144.76,47.3,0.0,0.0,0.0,0.0,0.0,0.0,0.0,0.0
35.7475,20.68,198.55,72.93,146.74,71.5,178.09,147.07,47.3,0.0,0.0,0.0,0.0,0.0,0.0,0.0,0.0
35.7575,20.68,188.21,66.22,150.92,73.59,180.4,149.38,49.61,0.0,0.0,0.0,0.0,0.0,0.0,0.0,0.0
35.7675,20.68,179.85,59.51,155.1,75.79,184.91,153.89,49.61,0.0,0.0,0.0,0.0,0.0,0.0,0.0,0.0
35.7775,18.59,171.6,53.13,159.17,77.88,187.22,156.09,51.81,0.0,0.0,0.0,0.0,0.0,0.0,0.0,0.0
35.7875,18.59,165.22,47.19,163.35,80.08,189.53,158.4,54.12,0.0,0.0,0.0,0.0,0.0,0.0,0.0,0.0
35.7975,18.59,156.42,43.23,167.53,80.08,194.15,162.91,54.12,0.0,0.0,0.0,0.0,0.0,0.0,0.0,0.0
35.8075,18.59,149.82,37.29,171.71,82.17,196.46,167.53,56.32,0.0,0.0,0.0,0.0,0.0,0.0,0.0,0.0
35.8175,18.59,141.02,33.44,176.0,84.37,198.66,169.84,58.63,0.0,0.0,0.0,0.0,0.0,0.0,0.0,0.0
35.8275,16.5,134.42,29.48,180.18,84.37,203.28,174.46,58.63,0.0,0.0,0.0,0.0,0.0,0.0,0.0,0.0
35.8375,16.5,125.62,23.54,184.47,86.57,207.9,176.77,60.72,0.0,0.0,0.0,0.0,0.0,0.0,0.0,0.0
35.8475,16.5,116.82,19.58,190.85,86.57,210.21,181.5,62.92,0.0,0.0,0.0,0.0,0.0,0.0,0.0,0.0
35.8575,16.5,108.13,15.73,197.23,86.57,217.03,183.81,65.12,0.0,0.0,0.0,0.0,0.0,0.0,0.0,0.0
35.8675,16.5,98.23,13.75,203.61,86.57,221.65,186.12,65.12,0.0,0.0,0.0,0.0,0.0,0.0,0.0,0.0
35.8775,14.41,88.33,11.77,209.88,86.57,226.27,190.74,67.32,0.0,0.0,0.0,0.0,0.0,0.0,0.0,0.0
35.8875,14.41,76.34,9.79,216.26,86.57,230.78,193.05,69.41,0.0,0.0,0.0,0.0,0.0,0.0,0.0,0.0
35.8975,14.41,66.44,9.79,222.64,86.57,237.71,195.47,71.61,0.0,0.0,0.0,0.0,0.0,0.0,0.0,0.0
35.9075,12.32,54.56,7.81,228.58,86.57,242.33,197.78,73.81,0.0,0.0,0.0,0.0,0.0,0.0,0.0,0.0
35.9175,12.32,45.21,7.81,232.43,86.57,249.26,200.09,73.81,0.0,0.0,0.0,0.0,0.0,0.0,0.0,0.0
35.9275,12.32,35.75,7.81,236.28,84.37,253.88,202.4,76.01,0.0,0.0,0.0,0.0,0.0,0.0,0.0,0.0
35.9375,10.34,26.29,5.83,238.15,86.57,258.5,204.71,78.21,0.0,0.0,0.0,0.0,0.0,0.0,0.0,0.0
35.9475,10.34,18.81,5.83,238.15,86.57,263.12,207.02,80.3,0.0,0.0,0.0,0.0,0.0,0.0,0.0,0.0
35.9575,8.25,13.09,3.85,236.28,84.37,265.43,211.75,82.5,0.0,0.0,0.0,0.0,0.0,0.0,0.0,0.0
35.9675,6.16,11.22,3.85,230.56,82.17,270.05,214.06,84.7,0.0,0.0,0.0,0.0,0.0,0.0,0.0,0.0
35.9775,6.16,9.35,3.85,224.84,77.88,274.67,218.68,89.1,15.95,0.0,0.0,0.0,0.0,0.0,0.0,0.0
35.9875,4.07,7.48,0.0,216.26,73.59,279.29,220.99,93.39,20.57,0.0,0.0,0.0,0.0,0.0,0.0,0.0
35.9975,4.07,7.48,0.0,207.79,69.3,285.89,223.41,97.79,25.08,0.0,0.0,0.0,0.0,0.0,0.0,0.0
36.0075,0.0,5.61,0.0,199.32,65.01,290.29,225.61,102.08,32.01,0.0,0.0,0.0,0.0,0.0,0.0,0.0
36.0175,0.0,3.74,0.0,190.85,58.63,294.69,225.61,106.48,41.14,0.0,0.0,0.0,0.0,0.0,0.0,0.0
36.0275,0.0,3.74,0.0,184.47,52.03,299.09,227.92,113.08,47.96,0.0,0.0,0.0,0.0,0.0,0.0,0.0
36.0375,0.0,3.74,0.0,173.8,47.74,303.49,227.92,117.59,52.58,0.0,0.0,0.0,0.0,0.0,0.0,0.0
36.0475,0.0,0.0,0.0,163.35,39.05,305.8,227.92,122.21,92.95,0.0,0.0,0.0,0.0,0.0,0.0,0.0
36.0575,0.0,0.0,0.0,150.92,32.56,310.2,227.92,126.83,112.09,0.0,0.0,0.0,0.0,0.0,0.0,0.0
36.0675,0.0,0.0,0.0,136.4,23.87,312.4,223.41,133.65,137.17,0.0,0.0,0.0,0.0,0.0,0.0,0.0
36.0775,0.0,0.0,0.0,117.81,15.18,310.2,220.99,138.27,197.12,6.27,3.74,0.0,0.0,0.0,0.0,0.0
36.0875,0.0,0.0,0.0,98.89,12.98,308.0,214.06,142.78,173.69,64.9,49.39,0.0,0.0,0.0,0.0,0.0
36.0975,0.0,0.0,0.0,73.48,10.78,299.09,204.71,152.02,73.81,137.72,102.96,20.13,16.94,12.54,16.06,5.5
36.1075,0.0,0.0,0.0,41.8,10.78,285.89,188.43,158.84,52.58,165.99,139.15,25.19,16.94,32.67,34.32,8.36
36.1175,0.0,0.0,0.0,18.81,10.78,251.57,156.09,175.12,45.76,165.99,152.9,25.19,23.21,45.32,50.38,13.86
36.1275,0.0,0.0,0.0,14.63,10.78,182.71,117.59,194.04,36.52,161.59,159.83,30.14,27.5,60.28,68.42,16.72
36.1375,0.0,0.0,0.0,12.54,10.78,104.39,75.13,210.76,29.7,163.79,157.52,32.67,29.59,74.69,87.67,19.47
36.1475,0.0,0.0,0.0,10.45,10.78,55.11,31.57,210.76,25.08,163.79,157.52,35.2,33.88,86.68,106.81,27.83
36.1575,0.0,0.0,0.0,10.45,8.58,25.41,20.24,147.4,22.88,168.19,162.14,37.73,38.06,98.67,123.2,33.44
36.1675,0.0,0.0,0.0,8.36,6.49,16.94,15.73,84.7,20.57,174.46,166.76,40.26,42.35,108.24,139.59,39.05
36.1775,0.0,0.0,0.0,8.36,6.49,12.65,13.53,56.32,20.57,178.64,171.38,45.32,44.44,115.5,151.14,47.41
36.1875,0.0,0.0,0.0,6.27,4.29,8.47,9.02,45.1,18.26,182.82,173.69,47.85,46.53,123.09,162.8,55.77
36.1975,0.0,0.0,0.0,6.27,0.0,6.27,4.51,33.77,18.26,187.0,173.69,50.38,50.82,128.15,169.95,64.35
36.2075,0.0,0.0,0.0,4.18,0.0,4.18,0.0,13.53,18.26,189.09,171.38,52.91,52.91,133.21,177.21,70.18
36.2175,0.0,0.0,0.0,0.0,0.0,0.0,0.0,0.0,18.26,191.18,169.07,55.44,55.11,138.27,184.58,78.98
36.2275,0.0,0.0,0.0,0.0,0.0,0.0,0.0,0.0,15.95,191.18,166.76,57.97,55.11,143.22,189.42,84.81
36.2375,0.0,0.0,0.0,0.0,0.0,0.0,0.0,0.0,15.95,189.09,162.14,60.39,57.53,148.28,194.37,87.67
36.2475,0.0,0.0,0.0,0.0,0.0,0.0,0.0,0.0,15.95,187.0,157.52,62.92,60.06,150.81,196.79,93.5
36.2575,0.0,0.0,0.0,0.0,0.0,0.0,0.0,0.0,15.95,182.82,150.59,65.45,60.06,153.34,199.21,99.33
36.2675,0.0,0.0,0.0,0.0,0.0,0.0,0.0,0.0,15.95,178.64,143.66,67.98,62.59,158.4,201.63,99.33
36.2775,0.0,0.0,0.0,0.0,0.0,0.0,0.0,0.0,15.95,174.46,136.84,67.98,62.59,160.93,204.05,105.16
36.2875,0.0,0.0,0.0,0.0,0.0,0.0,0.0,0.0,13.64,168.19,127.6,70.4,65.12,165.99,206.47,105.16
36.2975,0.0,0.0,0.0,0.0,0.0,0.0,0.0,0.0,13.64,163.79,120.67,72.93,65.12,168.52,209.0,108.02
36.3075,0.0,0.0,0.0,0.0,0.0,0.0,0.0,0.0,13.64,157.3,111.65,75.46,65.12,171.05,209.0,110.99
36.3175,0.0,0.0,0.0,0.0,0.0,0.0,0.0,0.0,13.64,152.9,105.05,77.99,67.65,173.36,211.42,110.99
36.3275,0.0,0.0,0.0,0.0,0.0,0.0,0.0,0.0,13.64,148.61,96.36,80.41,70.18,178.09,211.42,113.52
36.3375,0.0,0.0,0.0,0.0,0.0,0.0,0.0,0.0,13.64,144.21,89.87,82.94,70.18,180.4,213.84,116.05
36.3475,0.0,0.0,0.0,0.0,0.0,0.0,0.0,0.0,13.64,139.92,83.38,85.47,70.18,185.13,216.26,116.05
36.3575,0.0,0.0,0.0,0.0,0.0,0.0,0.0,0.0,13.64,135.52,76.78,88.0,72.71,187.44,218.68,121.11
36.3675,0.0,0.0,0.0,0.0,0.0,0.0,0.0,0.0,13.64,129.03,70.29,90.53,72.71,189.86,221.21,121.11
36.3775,0.0,0.0,0.0,0.0,0.0,0.0,0.0,0.0,13.64,124.63,63.8,92.95,75.24,192.17,223.52,123.64
36.3875,0.0,0.0,0.0,0.0,0.0,0.0,0.0,0.0,13.64,118.14,59.4,95.48,75.24,196.9,225.94,126.17
36.3975,0.0,0.0,0.0,0.0,0.0,0.0,0.0,0.0,13.64,113.85,53.13,98.01,77.77,199.32,228.36,128.7
36.4075,0.0,0.0,0.0,0.0,0.0,0.0,0.0,0.0,11.44,109.56,49.39,100.54,77.77,201.63,233.2,133.76
36.4175,0.0,0.0,0.0,0.0,0.0,0.0,0.0,0.0,11.44,103.18,43.67,102.96,80.3,206.36,235.51,136.29
36.4275,0.0,0.0,0.0,0.0,0.0,0.0,0.0,0.0,11.44,96.8,39.82,102.96,80.3,208.67,240.35,141.35
36.4374,0.0,0.0,0.0,0.0,0.0,0.0,0.0,0.0,11.44,92.51,34.1,105.49,82.83,213.4,245.19,143.88
36.4474,0.0,0.0,0.0,0.0,0.0,0.0,0.0,0.0,11.44,86.13,30.36,108.02,82.83,215.82,247.61,148.94
36.4574,0.0,0.0,0.0,0.0,0.0,0.0,0.0,0.0,11.44,79.86,26.51,110.55,85.25,220.55,252.34,151.47
36.4674,0.0,0.0,0.0,0.0,0.0,0.0,0.0,0.0,11.44,73.48,22.77,113.08,85.25,225.39,257.18,154.0
36.4774,0.0,0.0,0.0,0.0,0.0,0.0,0.0,0.0,11.44,64.9,18.92,115.5,85.25,230.34,259.6,159.06
36.4874,0.0,0.0,0.0,0.0,0.0,0.0,0.0,0.0,11.44,54.34,17.05,120.45,85.25,235.18,262.02,161.59
36.4974,0.0,0.0,0.0,0.0,0.0,0.0,0.0,0.0,11.44,43.89,15.18,122.98,85.25,240.13,266.75,166.76
36.5074,0.0,0.0,0.0,0.0,0.0,0.0,0.0,0.0,11.44,31.35,15.18,122.98,85.25,244.97,271.59,171.71
36.5174,0.0,0.0,0.0,0.0,0.0,0.0,0.0,0.0,9.13,20.9,11.33,125.51,85.25,252.34,276.43,176.77
36.5274,0.0,0.0,0.0,0.0,0.0,0.0,0.0,0.0,6.82,14.63,9.46,122.98,85.25,257.18,278.63,184.25
36.5374,10.34,0.0,0.0,0.0,0.0,0.0,0.0,0.0,4.51,10.45,7.59,120.45,80.3,262.13,285.56,191.73
36.5474,18.59,0.0,0.0,0.0,0.0,0.0,0.0,0.0,4.51,8.36,5.61,115.5,75.24,264.55,287.87,199.32
36.5574,26.84,0.0,0.0,0.0,0.0,0.0,0.0,0.0,0.0,6.27,5.61,110.55,70.18,269.5,292.49,206.8
36.5674,35.09,0.0,0.0,0.0,0.0,0.0,0.0,0.0,0.0,4.18,3.74,102.96,65.12,271.92,297.0,216.81
36.5774,43.45,0.0,0.0,0.0,0.0,0.0,0.0,0.0,0.0,4.18,3.74,95.48,55.11,274.34,299.31,224.4
36.5874,81.84,0.0,0.0,0.0,0.0,0.0,0.0,0.0,0.0,4.18,0.0,85.47,48.73,276.76,301.62,231.55
36.5974,112.42,0.0,0.0,0.0,0.0,0.0,0.0,0.0,0.0,0.0,0.0,75.46,42.35,279.29,303.93,240.9
36.6074,132.22,0.0,0.0,0.0,0.0,0.0,0.0,0.0,0.0,0.0,0.0,65.45,33.88,281.71,306.24,247.94
36.6174,186.34,0.0,0.0,0.0,0.0,0.0,0.0,0.0,0.0,0.0,0.0,50.38,25.41,279.29,306.24,257.4
36.6274,214.61,58.52,0.0,0.0,0.0,0.0,0.0,0.0,0.0,0.0,0.0,35.2,19.03,276.76,301.62,262.02
36.6374,162.03,173.69,3.85,0.0,0.0,0.0,0.0,0.0,0.0,0.0,0.0,17.6,10.56,269.5,294.8,269.06
36.6474,108.02,235.95,59.51,25.08,0.0,0.0,0.0,0.0,0.0,0.0,0.0,7.48,8.47,252.34,276.43,273.79
36.6574,73.15,261.03,115.28,43.89,10.78,33.88,9.02,9.02,0.0,0.0,0.0,4.95,8.47,222.97,245.19,280.94
36.6674,68.75,265.21,137.28,45.98,17.27,48.73,20.24,11.22,0.0,0.0,0.0,4.95,8.47,180.4,199.21,286.0
36.6774,55.88,263.12,146.08,50.16,21.67,64.46,33.77,15.73,0.0,0.0,0.0,4.95,10.56,125.62,137.17,288.53
36.6874,49.61,267.3,148.28,52.25,25.96,71.5,42.79,18.04,0.0,0.0,0.0,4.95,10.56,84.26,80.41,288.53
36.6974,45.54,273.57,152.68,56.54,28.16,80.85,51.81,20.24,0.0,0.0,0.0,4.95,8.47,42.79,32.23,257.4
36.7074,43.45,281.93,154.88,58.63,30.36,88.0,58.63,22.55,0.0,0.0,0.0,4.95,8.47,17.6,22.11,161.59
36.7174,43.45,290.18,159.28,60.72,32.56,92.62,63.36,22.55,0.0,0.0,0.0,4.95,8.47,12.54,18.15,113.52
36.7274,43.45,296.45,161.48,62.81,34.65,97.35,68.09,22.55,0.0,0.0,0.0,4.95,6.27,10.01,14.08,99.33
36.7374,41.36,304.7,159.28,65.01,36.85,102.08,72.82,24.75,0.0,0.0,0.0,4.95,4.18,7.48,10.01,90.53
36.7474,39.27,312.95,154.88,71.28,36.85,106.7,77.55,27.06,0.0,0.0,0.0,0.0,0.0,4.95,6.05,58.63
36.7574,37.18,319.11,146.08,75.57,39.05,113.85,79.86,27.06,0.0,0.0,0.0,0.0,0.0,0.0,0.0,19.47
36.7674,35.09,323.29,135.08,81.95,41.25,121.0,84.59,29.26,0.0,0.0,0.0,0.0,0.0,0.0,0.0,5.5
36.7774,33.11,325.27,126.28,88.33,43.34,128.15,89.32,31.57,0.0,0.0,0.0,0.0,0.0,0.0,0.0,0.0
36.7874,31.02,321.2,117.48,94.6,45.54,132.99,94.05,33.77,0.0,0.0,0.0,0.0,0.0,0.0,0.0,0.0
36.7974,28.93,312.95,110.77,100.98,47.74,140.14,98.78,33.77,0.0,0.0,0.0,0.0,0.0,0.0,0.0,0.0
36.8074,26.84,304.7,104.06,107.36,49.94,144.98,103.51,36.08,0.0,0.0,0.0,0.0,0.0,0.0,0.0,0.0
36.8174,26.84,294.36,95.15,111.65,52.03,149.71,108.24,38.28,0.0,0.0,0.0,0.0,0.0,0.0,0.0,0.0
36.8274,24.75,284.02,88.55,117.81,54.23,156.97,113.08,38.28,0.0,0.0,0.0,0.0,0.0,0.0,0.0,0.0
36.8374,24.75,273.57,77.33,126.06,56.43,161.7,117.59,40.59,0.0,0.0,0.0,0.0,0.0,0.0,0.0,0.0
36.8474,22.77,263.12,66.22,132.33,56.43,166.54,119.79,42.79,0.0,0.0,0.0,0.0,0.0,0.0,0.0,0.0
36.8574,22.77,250.58,55.11,138.49,58.63,171.16,124.41,45.1,0.0,0.0,0.0,0.0,0.0,0.0,0.0,0.0
36.8674,20.68,238.04,47.19,144.76,60.72,178.09,128.92,47.3,0.0,0.0,0.0,0.0,0.0,0.0,0.0,0.0
36.8774,20.68,225.5,39.27,150.92,62.92,182.71,131.23,49.61,0.0,0.0,0.0,0.0,0.0,0.0,0.0,0.0
36.8874,18.59,212.96,31.46,159.17,65.01,187.22,135.74,49.61,0.0,0.0,0.0,0.0,0.0,0.0,0.0,0.0
36.8974,18.59,200.64,25.52,165.44,65.01,191.84,140.25,51.81,0.0,0.0,0.0,0.0,0.0,0.0,0.0,0.0
36.9074,18.59,188.21,21.56,171.71,67.21,196.46,144.76,54.12,0.0,0.0,0.0,0.0,0.0,0.0,0.0,0.0
36.9174,18.59,175.78,17.71,176.0,69.3,198.66,147.07,56.32,0.0,0.0,0.0,0.0,0.0,0.0,0.0,0.0
36.9274,16.5,163.02,15.73,182.38,69.3,203.28,151.58,58.63,0.0,0.0,0.0,0.0,0.0,0.0,0.0,0.0
36.9374,16.5,149.82,13.75,186.56,71.5,207.9,153.89,60.72,0.0,0.0,0.0,0.0,0.0,0.0,0.0,0.0
36.9474,16.5,136.62,11.77,192.94,71.5,212.41,156.09,62.92,0.0,0.0,0.0,0.0,0.0,0.0,0.0,0.0
36.9574,16.5,123.42,9.79,199.32,71.5,217.03,160.71,62.92,0.0,0.0,0.0,0.0,0.0,0.0,0.0,0.0
36.9674,14.41,110.22,9.79,203.61,71.5,221.65,162.91,65.12,0.0,0.0,0.0,0.0,0.0,0.0,0.0,0.0
36.9774,14.41,98.23,7.81,209.88,71.5,226.27,165.22,67.32,0.0,0.0,0.0,0.0,0.0,0.0,0.0,0.0
36.9874,14.41,86.35,7.81,216.26,71.5,230.78,169.84,69.41,0.0,0.0,0.0,0.0,0.0,0.0,0.0,0.0
36.9974,14.41,74.36,7.81,220.55,71.5,235.4,172.15,71.61,0.0,0.0,0.0,0.0,0.0,0.0,0.0,0.0
37.0074,12.32,62.48,5.83,226.71,71.5,242.33,174.46,71.61,0.0,0.0,0.0,0.0,0.0,0.0,0.0,0.0
37.0174,12.32,50.82,5.83,230.56,71.5,246.95,176.77,73.81,0.0,0.0,0.0,0.0,0.0,0.0,0.0,0.0
37.0274,12.32,41.36,5.83,234.3,71.5,251.57,179.08,76.01,0.0,0.0,0.0,0.0,0.0,0.0,0.0,0.0
37.0374,10.34,32.01,5.83,234.3,71.5,256.19,183.81,78.21,0.0,0.0,0.0,0.0,0.0,0.0,0.0,0.0
37.0474,10.34,22.55,5.83,234.3,71.5,260.81,186.12,80.3,0.0,0.0,0.0,0.0,0.0,0.0,0.0,0.0
37.0574,8.25,16.94,3.85,230.56,71.5,265.43,190.74,84.7,0.0,0.0,0.0,0.0,0.0,0.0,0.0,0.0
37.0674,6.16,13.09,3.85,224.84,69.3,270.05,195.47,89.1,0.0,0.0,0.0,0.0,0.0,0.0,0.0,0.0
37.0774,6.16,11.22,3.85,218.46,67.21,274.67,200.09,93.39,0.0,0.0,0.0,0.0,0.0,0.0,0.0,0.0
37.0874,4.07,9.35,0.0,209.88,62.92,279.29,204.71,99.99,0.0,0.0,0.0,0.0,0.0,0.0,0.0,0.0
37.0974,4.07,7.48,0.0,201.41,58.63,283.69,207.02,104.28,0.0,0.0,0.0,0.0,0.0,0.0,0.0,0.0
37.1074,4.07,5.61,0.0,190.85,54.23,290.29,209.44,108.68,0.0,0.0,0.0,0.0,0.0,0.0,0.0,0.0
37.1174,0.0,5.61,0.0,184.47,49.94,294.69,211.75,115.28,15.95,0.0,0.0,0.0,0.0,0.0,0.0,0.0
37.1274,0.0,3.74,0.0,176.0,43.34,299.09,211.75,119.9,25.08,0.0,0.0,0.0,0.0,0.0,0.0,0.0
37.1374,0.0,3.74,0.0,165.44,39.05,305.8,211.75,126.83,32.01,0.0,0.0,0.0,0.0,0.0,0.0,0.0
37.1474,0.0,3.74,0.0,155.1,32.56,310.2,211.75,131.34,45.76,0.0,0.0,0.0,0.0,0.0,0.0,0.0
37.1574,0.0,0.0,0.0,144.76,23.87,314.6,211.75,135.96,88.22,0.0,0.0,0.0,0.0,0.0,0.0,0.0
37.1674,0.0,0.0,0.0,130.24,17.27,314.6,209.44,140.58,107.25,0.0,0.0,0.0,0.0,0.0,0.0,0.0
37.1774,0.0,0.0,0.0,111.65,10.78,316.8,207.02,147.4,148.5,0.0,3.74,0.0,0.0,0.0,0.0,0.0
37.1874,0.0,0.0,0.0,92.51,8.58,314.6,202.4,152.02,180.73,52.25,24.64,0.0,0.0,0.0,0.0,0.0
37.1974,0.0,0.0,0.0,69.19,8.58,305.8,193.05,158.84,85.8,139.92,100.76,4.95,0.0,4.95,3.96,0.0
37.2074,0.0,0.0,0.0,43.89,8.58,292.49,179.08,168.08,57.2,189.09,141.35,17.6,10.56,37.73,22.11,8.36
37.2174,0.0,0.0,0.0,18.81,8.58,265.43,153.89,179.85,50.27,193.27,159.83,20.13,16.94,52.91,42.35,11.11
37.2274,0.0,0.0,0.0,14.63,8.58,210.21,117.59,198.88,38.83,189.09,164.45,22.66,21.12,67.54,56.54,16.72
37.2374,0.0,0.0,0.0,12.54,8.58,137.72,77.55,215.49,29.7,195.36,159.83,27.72,23.21,81.84,68.42,19.47
37.2474,0.0,0.0,0.0,12.54,8.58,80.85,38.28,222.64,22.88,203.72,155.21,30.14,25.41,98.67,82.83,25.08
37.2574,0.0,0.0,0.0,10.45,8.58,35.97,22.55,184.58,20.57,216.26,150.59,35.2,29.59,110.66,94.82,27.83
37.2674,0.0,0.0,0.0,8.36,6.49,19.03,18.04,110.88,18.26,226.71,152.9,40.26,31.79,123.09,106.81,33.44
37.2774,0.0,0.0,0.0,8.36,6.49,14.74,13.53,73.81,18.26,232.76,150.59,42.79,33.88,135.74,116.27,39.05
37.2874,0.0,0.0,0.0,6.27,4.29,10.56,9.02,47.3,18.26,238.92,148.28,47.85,35.97,143.22,123.2,41.8
37.2974,0.0,0.0,0.0,6.27,0.0,8.47,6.71,36.08,15.95,240.9,145.97,50.38,38.06,150.81,132.55,47.41
37.3074,0.0,0.0,0.0,4.18,0.0,6.27,4.51,24.75,15.95,242.99,143.66,52.91,40.26,158.4,139.59,50.16
37.3174,0.0,0.0,0.0,0.0,0.0,4.18,0.0,4.51,15.95,242.99,141.35,55.44,42.35,165.99,146.52,55.77
37.3274,0.0,0.0,0.0,0.0,0.0,0.0,0.0,0.0,13.64,240.9,139.15,57.97,44.44,171.05,153.56,61.49
37.3374,0.0,0.0,0.0,0.0,0.0,0.0,0.0,0.0,13.64,240.9,134.53,60.39,44.44,175.67,160.49,64.35
37.3474,0.0,0.0,0.0,0.0,0.0,0.0,0.0,0.0,13.64,236.83,129.91,62.92,46.53,178.09,162.8,70.18
37.3574,0.0,0.0,0.0,0.0,0.0,0.0,0.0,0.0,13.64,232.76,125.29,65.45,48.73,180.4,167.53,73.15
37.3674,0.0,0.0,0.0,0.0,0.0,0.0,0.0,0.0,13.64,228.69,120.67,65.45,50.82,185.13,172.37,78.98
37.3774,0.0,0.0,0.0,0.0,0.0,0.0,0.0,0.0,13.64,222.64,113.85,67.98,52.91,187.44,174.79,78.98
37.3874,0.0,0.0,0.0,0.0,0.0,0.0,0.0,0.0,13.64,214.17,109.45,67.98,52.91,189.86,179.63,81.84
37.3974,0.0,0.0,0.0,0.0,0.0,0.0,0.0,0.0,13.64,207.9,105.05,70.4,55.11,189.86,182.16,84.81
37.4074,0.0,0.0,0.0,0.0,0.0,0.0,0.0,0.0,13.64,201.63,100.76,72.93,55.11,192.17,187.0,87.67
37.4174,0.0,0.0,0.0,0.0,0.0,0.0,0.0,0.0,11.44,195.36,96.36,72.93,57.53,194.59,189.42,90.53
37.4274,0.0,0.0,0.0,0.0,0.0,0.0,0.0,0.0,11.44,189.09,92.07,75.46,57.53,196.9,191.84,93.5
37.4374,0.0,0.0,0.0,0.0,0.0,0.0,0.0,0.0,11.44,184.91,87.67,75.46,60.06,199.32,194.37,93.5
37.4474,0.0,0.0,0.0,0.0,0.0,0.0,0.0,0.0,11.44,180.73,85.47,77.99,60.06,199.32,196.79,99.33
37.4574,0.0,0.0,0.0,0.0,0.0,0.0,0.0,0.0,11.44,174.46,81.18,77.99,60.06,201.63,201.63,99.33
37.4674,0.0,0.0,0.0,0.0,0.0,0.0,0.0,0.0,11.44,170.28,78.98,77.99,62.59,203.94,204.05,102.19
37.4774,0.0,0.0,0.0,0.0,0.0,0.0,0.0,0.0,11.44,163.79,76.78,80.41,65.12,203.94,206.47,105.16
37.4874,0.0,0.0,0.0,0.0,0.0,0.0,0.0,0.0,11.44,159.39,74.69,82.94,65.12,206.36,209.0,110.99
37.4974,0.0,0.0,0.0,0.0,0.0,0.0,0.0,0.0,11.44,152.9,70.29,82.94,67.65,208.67,213.84,110.99
37.5074,0.0,0.0,0.0,0.0,0.0,0.0,0.0,0.0,11.44,146.41,65.89,85.47,70.18,211.09,218.68,113.52
37.5174,0.0,0.0,0.0,0.0,0.0,0.0,0.0,0.0,11.44,139.92,61.6,88.0,70.18,213.4,221.21,118.58
37.5274,0.0,0.0,0.0,0.0,0.0,0.0,0.0,0.0,11.44,133.32,57.2,88.0,72.71,215.82,225.94,121.11
37.5374,0.0,0.0,0.0,0.0,0.0,0.0,0.0,0.0,11.44,126.83,53.13,90.53,75.24,218.13,230.78,126.17
37.5474,0.0,0.0,0.0,0.0,0.0,0.0,0.0,0.0,11.44,120.34,49.39,92.95,75.24,222.97,235.51,128.7
37.5574,0.0,0.0,0.0,0.0,0.0,0.0,0.0,0.0,11.44,113.85,43.67,92.95,77.77,225.39,240.35,131.23
37.5674,0.0,0.0,0.0,0.0,0.0,0.0,0.0,0.0,11.44,107.47,39.82,95.48,77.77,230.34,245.19,136.29
37.5774,0.0,0.0,0.0,0.0,0.0,0.0,0.0,0.0,9.13,98.89,34.1,98.01,80.3,232.76,247.61,138.82
37.5874,0.0,0.0,0.0,0.0,0.0,0.0,0.0,0.0,11.44,90.42,28.49,100.54,80.3,237.6,252.34,143.88
37.5974,0.0,0.0,0.0,0.0,0.0,0.0,0.0,0.0,9.13,79.86,24.64,102.96,80.3,242.55,259.6,148.94
37.6074,0.0,0.0,0.0,0.0,0.0,0.0,0.0,0.0,9.13,69.19,18.92,105.49,82.83,244.97,264.33,154.0
37.6174,0.0,0.0,0.0,0.0,0.0,0.0,0.0,0.0,9.13,56.43,17.05,108.02,82.83,252.34,269.17,159.06
37.6274,0.0,0.0,0.0,0.0,0.0,0.0,0.0,0.0,9.13,41.8,15.18,110.55,82.83,257.18,271.59,161.59
37.6374,0.0,0.0,0.0,0.0,0.0,0.0,0.0,0.0,9.13,27.17,13.2,110.55,80.3,262.13,276.43,169.18
37.6474,6.16,0.0,0.0,0.0,0.0,0.0,0.0,0.0,6.82,18.81,11.33,110.55,80.3,266.97,280.94,174.24
37.6574,12.32,0.0,0.0,0.0,0.0,0.0,0.0,0.0,4.51,12.54,9.46,108.02,80.3,271.92,287.87,181.72
37.6674,22.77,0.0,0.0,0.0,0.0,0.0,0.0,0.0,4.51,10.45,7.59,102.96,75.24,276.76,290.18,191.73
37.6774,33.11,0.0,0.0,0.0,0.0,0.0,0.0,0.0,0.0,8.36,5.61,98.01,70.18,279.29,297.0,199.32
37.6874,37.18,0.0,0.0,0.0,0.0,0.0,0.0,0.0,0.0,6.27,3.74,90.53,65.12,284.13,299.31,209.33
37.6974,60.06,0.0,0.0,0.0,0.0,0.0,0.0,0.0,0.0,4.18,3.74,85.47,57.53,286.55,303.93,219.34
37.7074,92.73,0.0,0.0,0.0,0.0,0.0,0.0,0.0,0.0,4.18,3.74,75.46,50.82,289.08,308.55,229.24
37.7174,116.38,0.0,0.0,0.0,0.0,0.0,0.0,0.0,0.0,0.0,0.0,65.45,44.44,289.08,310.86,236.28
37.7274,158.07,0.0,0.0,0.0,0.0,0.0,0.0,0.0,0.0,0.0,0.0,52.91,35.97,289.08,313.17,245.63
37.7374,210.65,20.68,0.0,0.0,0.0,0.0,0.0,0.0,0.0,0.0,0.0,37.73,27.5,284.13,313.17,254.98
37.7474,168.08,134.42,0.0,0.0,0.0,0.0,0.0,0.0,0.0,0.0,0.0,25.19,21.12,279.29,310.86,259.71
37.7574,114.4,229.68,9.79,16.72,0.0,0.0,0.0,0.0,0.0,0.0,0.0,10.01,12.65,266.97,303.93,264.44
37.7674,73.15,246.4,81.84,54.34,4.29,14.74,4.51,4.51,0.0,0.0,0.0,4.95,8.47,244.97,290.18,266.75
37.7774,66.66,258.94,115.28,60.72,17.27,38.06,11.22,6.71,0.0,0.0,0.0,0.0,8.47,213.4,262.02,271.48
37.7874,53.79,258.94,121.88,67.1,28.16,57.42,24.75,11.22,0.0,0.0,0.0,0.0,8.47,173.36,221.21,273.79
37.7974,45.54,256.85,124.08,69.19,30.36,71.5,33.77,15.73,0.0,0.0,0.0,0.0,8.47,125.62,167.53,276.1
37.8074,41.36,261.03,126.28,73.48,34.65,80.85,42.79,18.04,0.0,0.0,0.0,0.0,8.47,86.68,109.23,276.1
37.8174,39.27,267.3,128.48,77.66,36.85,88.0,49.61,18.04,0.0,0.0,0.0,4.95,8.47,50.38,50.38,262.02
37.8274,37.18,273.57,130.68,79.75,39.05,95.04,56.32,20.24,0.0,0.0,0.0,4.95,8.47,17.6,22.11,186.78
37.8374,39.27,281.93,135.08,79.75,41.25,97.35,60.94,22.55,0.0,0.0,0.0,4.95,8.47,15.07,20.13,116.05
37.8474,37.18,288.2,137.28,84.04,43.34,102.08,65.67,22.55,0.0,0.0,0.0,4.95,6.27,10.01,16.06,90.53
37.8573,37.18,294.36,135.08,88.33,45.54,109.12,72.82,24.75,0.0,0.0,0.0,4.95,4.18,7.48,12.1,84.81
37.8673,35.09,298.43,130.68,92.51,47.74,113.85,77.55,24.75,0.0,0.0,0.0,0.0,4.18,4.95,8.03,70.18
37.8773,35.09,302.61,124.08,96.8,49.94,121.0,82.28,27.06,0.0,0.0,0.0,0.0,0.0,0.0,3.96,41.8
37.8873,33.11,306.79,117.48,103.07,52.03,125.73,87.01,27.06,0.0,0.0,0.0,0.0,0.0,0.0,0.0,11.11
37.8973,31.02,304.7,113.08,107.36,54.23,130.57,91.74,29.26,0.0,0.0,0.0,0.0,0.0,0.0,0.0,5.5
37.9073,31.02,302.61,110.77,111.65,56.43,135.41,96.47,31.57,0.0,0.0,0.0,0.0,0.0,0.0,0.0,0.0
37.9173,28.93,296.45,108.57,115.72,58.63,140.14,101.2,31.57,0.0,0.0,0.0,0.0,0.0,0.0,0.0,0.0
37.9273,26.84,290.18,108.57,119.9,60.72,144.98,105.93,33.77,0.0,0.0,0.0,0.0,0.0,0.0,0.0,0.0
37.9373,26.84,281.93,104.06,123.97,62.92,149.71,110.66,33.77,0.0,0.0,0.0,0.0,0.0,0.0,0.0,0.0
37.9473,26.84,275.66,99.66,128.15,65.01,154.55,115.28,36.08,0.0,0.0,0.0,0.0,0.0,0.0,0.0,0.0
37.9573,24.75,267.3,92.95,132.33,67.21,156.97,117.59,36.08,0.0,0.0,0.0,0.0,0.0,0.0,0.0,0.0
37.9673,24.75,261.03,86.24,138.49,69.3,161.7,119.79,38.28,0.0,0.0,0.0,0.0,0.0,0.0,0.0,0.0
37.9773,22.77,252.67,77.33,142.67,69.3,166.54,124.41,38.28,0.0,0.0,0.0,0.0,0.0,0.0,0.0,0.0
37.9873,22.77,244.31,68.42,148.83,71.5,168.96,126.61,40.59,0.0,0.0,0.0,0.0,0.0,0.0,0.0,0.0
37.9973,22.77,235.95,59.51,153.01,73.59,173.47,128.92,40.59,0.0,0.0,0.0,0.0,0.0,0.0,0.0,0.0
38.0073,22.77,227.59,55.11,157.08,73.59,175.78,131.23,42.79,0.0,0.0,0.0,0.0,0.0,0.0,0.0,0.0
38.0173,20.68,221.32,49.17,163.35,75.79,180.4,133.43,42.79,0.0,0.0,0.0,0.0,0.0,0.0,0.0,0.0
38.0273,20.68,212.96,45.21,167.53,75.79,182.71,135.74,45.1,0.0,0.0,0.0,0.0,0.0,0.0,0.0,0.0
38.0373,20.68,206.8,39.27,171.71,77.88,187.22,137.94,45.1,0.0,0.0,0.0,0.0,0.0,0.0,0.0,0.0
38.0473,20.68,198.55,35.42,176.0,80.08,189.53,140.25,47.3,0.0,0.0,0.0,0.0,0.0,0.0,0.0,0.0
38.0573,20.68,190.19,31.46,180.18,80.08,194.15,144.76,47.3,0.0,0.0,0.0,0.0,0.0,0.0,0.0,0.0
38.0673,18.59,184.03,27.5,186.56,82.17,196.46,147.07,49.61,0.0,0.0,0.0,0.0,0.0,0.0,0.0,0.0
38.0773,18.59,175.78,23.54,190.85,82.17,200.97,149.38,51.81,0.0,0.0,0.0,0.0,0.0,0.0,0.0,0.0
38.0873,18.59,167.53,19.58,197.23,84.37,205.59,153.89,51.81,0.0,0.0,0.0,0.0,0.0,0.0,0.0,0.0
38.0973,18.59,156.42,17.71,203.61,86.57,210.21,156.09,54.12,0.0,0.0,0.0,0.0,0.0,0.0,0.0,0.0
38.1073,18.59,147.62,13.75,207.79,86.57,214.72,158.4,56.32,0.0,0.0,0.0,0.0,0.0,0.0,0.0,0.0
38.1173,16.5,136.62,13.75,214.17,86.57,219.34,162.91,58.63,0.0,0.0,0.0,0.0,0.0,0.0,0.0,0.0
38.1273,16.5,125.62,11.77,222.64,88.66,223.96,165.22,58.63,0.0,0.0,0.0,0.0,0.0,0.0,0.0,0.0
38.1373,16.5,114.62,9.79,228.58,88.66,230.78,169.84,60.72,0.0,0.0,0.0,0.0,0.0,0.0,0.0,0.0
38.1473,14.41,102.19,9.79,236.28,88.66,237.71,172.15,62.92,0.0,0.0,0.0,0.0,0.0,0.0,0.0,0.0
38.1573,14.41,88.33,9.79,242.0,88.66,242.33,176.77,65.12,0.0,0.0,0.0,0.0,0.0,0.0,0.0,0.0
38.1673,14.41,76.34,7.81,247.72,88.66,249.26,179.08,67.32,0.0,0.0,0.0,0.0,0.0,0.0,0.0,0.0
38.1773,14.41,62.48,7.81,253.44,88.66,253.88,183.81,69.41,0.0,0.0,0.0,0.0,0.0,0.0,0.0,0.0
38.1873,12.32,47.08,7.81,257.29,88.66,260.81,186.12,71.61,0.0,0.0,0.0,0.0,0.0,0.0,0.0,0.0
38.1973,10.34,35.75,5.83,261.14,88.66,265.43,188.43,73.81,0.0,0.0,0.0,0.0,0.0,0.0,0.0,0.0
38.2073,10.34,24.42,5.83,263.01,88.66,272.36,193.05,76.01,0.0,0.0,0.0,0.0,0.0,0.0,0.0,0.0
38.2173,8.25,16.94,5.83,259.16,86.57,276.98,195.47,78.21,22.88,0.0,0.0,0.0,0.0,0.0,0.0,0.0
38.2273,6.16,13.09,3.85,253.44,84.37,283.69,197.78,82.5,15.95,0.0,0.0,0.0,0.0,0.0,0.0,0.0
38.2373,6.16,11.22,3.85,245.85,77.88,288.09,202.4,86.9,22.88,0.0,0.0,0.0,0.0,0.0,0.0,0.0
38.2473,4.07,9.35,0.0,236.28,73.59,294.69,204.71,93.39,27.39,0.0,0.0,0.0,0.0,0.0,0.0,0.0
38.2573,4.07,7.48,0.0,226.71,67.21,299.09,207.02,97.79,36.52,0.0,0.0,0.0,0.0,0.0,0.0,0.0
38.2673,0.0,5.61,0.0,214.17,60.72,303.49,207.02,102.08,43.45,0.0,0.0,0.0,0.0,0.0,0.0,0.0
38.2773,0.0,3.74,0.0,201.41,52.03,308.0,204.71,106.48,76.23,0.0,0.0,0.0,0.0,0.0,0.0,0.0
38.2873,0.0,3.74,0.0,188.65,45.54,312.4,204.71,110.88,107.25,0.0,0.0,0.0,0.0,0.0,0.0,0.0
38.2973,0.0,3.74,0.0,173.8,36.85,314.6,202.4,115.28,141.68,0.0,0.0,0.0,0.0,0.0,0.0,0.0
38.3073,0.0,0.0,0.0,155.1,30.36,314.6,200.09,119.9,194.81,6.27,9.46,0.0,0.0,0.0,0.0,0.0
38.3173,0.0,0.0,0.0,132.33,21.67,312.4,197.78,126.83,132.66,56.43,76.78,0.0,0.0,0.0,0.0,0.0
38.3273,0.0,0.0,0.0,107.36,15.18,308.0,190.74,133.65,90.53,124.63,105.05,17.6,14.74,12.54,18.15,5.5
38.3373,0.0,0.0,0.0,77.66,10.78,296.89,179.08,140.58,83.38,146.41,120.67,25.19,19.03,25.19,32.23,8.36
38.3473,0.0,0.0,0.0,41.8,8.58,274.67,158.4,152.02,71.5,148.61,129.91,27.72,23.21,35.2,46.42,8.36
38.3573,0.0,0.0,0.0,18.81,8.58,226.27,126.61,165.77,57.2,159.39,129.91,32.67,25.41,52.91,56.54,11.11
38.3673,0.0,0.0,0.0,14.63,8.58,149.71,89.32,182.16,45.76,172.37,125.29,37.73,27.5,65.12,66.11,13.86
38.3773,0.0,0.0,0.0,12.54,8.58,83.27,49.61,198.88,38.83,184.91,122.98,42.79,27.5,79.53,73.26,16.72
38.3873,0.0,0.0,0.0,10.45,8.58,40.26,20.24,182.16,34.32,199.54,125.29,47.85,29.59,89.1,82.83,19.47
38.3973,0.0,0.0,0.0,10.45,6.49,19.03,15.73,117.59,32.01,212.08,127.6,50.38,31.79,101.09,89.98,22.33
38.4073,0.0,0.0,0.0,8.36,6.49,14.74,13.53,71.61,29.7,220.44,129.91,55.44,33.88,110.66,99.66,25.08
38.4173,0.0,0.0,0.0,8.36,4.29,10.56,9.02,49.61,27.39,228.69,127.6,60.39,35.97,120.56,106.81,27.83
38.4273,0.0,0.0,0.0,6.27,0.0,8.47,6.71,38.28,25.08,236.83,125.29,65.45,38.06,130.68,111.65,30.69
38.4373,0.0,0.0,0.0,6.27,0.0,6.27,0.0,29.26,22.88,240.9,122.98,70.4,40.26,140.8,120.89,36.19
38.4473,0.0,0.0,0.0,4.18,0.0,4.18,0.0,11.22,20.57,242.99,120.67,75.46,42.35,148.28,127.93,39.05
38.4573,0.0,0.0,0.0,0.0,0.0,0.0,0.0,0.0,20.57,242.99,120.67,77.99,44.44,155.87,134.86,41.8
38.4673,0.0,0.0,0.0,0.0,0.0,0.0,0.0,0.0,18.26,240.9,118.36,80.41,46.53,163.46,141.9,44.66
38.4773,0.0,0.0,0.0,0.0,0.0,0.0,0.0,0.0,18.26,238.92,116.05,82.94,48.73,168.52,148.83,44.66
38.4873,0.0,0.0,0.0,0.0,0.0,0.0,0.0,0.0,18.26,234.85,113.85,85.47,48.73,173.36,153.56,47.41
38.4973,0.0,0.0,0.0,0.0,0.0,0.0,0.0,0.0,18.26,230.78,109.45,90.53,50.82,178.09,160.49,50.16
38.5073,0.0,0.0,0.0,0.0,0.0,0.0,0.0,0.0,15.95,226.71,105.05,90.53,52.91,180.4,165.11,50.16
38.5173,0.0,0.0,0.0,0.0,0.0,0.0,0.0,0.0,15.95,220.44,100.76,92.95,52.91,185.13,167.53,53.02
38.5273,0.0,0.0,0.0,0.0,0.0,0.0,0.0,0.0,15.95,214.17,96.36,95.48,55.11,187.44,172.37,55.77
38.5373,0.0,0.0,0.0,0.0,0.0,0.0,0.0,0.0,13.64,207.9,92.07,95.48,57.53,189.86,174.79,55.77
38.5473,0.0,0.0,0.0,0.0,0.0,0.0,0.0,0.0,13.64,201.63,85.47,98.01,57.53,192.17,179.63,58.63
38.5573,0.0,0.0,0.0,0.0,0.0,0.0,0.0,0.0,13.64,197.45,81.18,100.54,60.06,194.59,182.16,58.63
38.5673,0.0,0.0,0.0,0.0,0.0,0.0,0.0,0.0,13.64,191.18,76.78,100.54,60.06,196.9,184.58,58.63
38.5773,0.0,0.0,0.0,0.0,0.0,0.0,0.0,0.0,13.64,182.82,70.29,102.96,62.59,199.32,187.0,61.49
38.5873,0.0,0.0,0.0,0.0,0.0,0.0,0.0,0.0,13.64,176.55,65.89,102.96,62.59,199.32,189.42,64.35
38.5973,0.0,0.0,0.0,0.0,0.0,0.0,0.0,0.0,11.44,170.28,61.6,105.49,65.12,201.63,194.37,64.35
38.6073,0.0,0.0,0.0,0.0,0.0,0.0,0.0,0.0,11.44,163.79,57.2,105.49,65.12,201.63,196.79,67.32
38.6173,0.0,0.0,0.0,0.0,0.0,0.0,0.0,0.0,11.44,155.1,55.11,108.02,67.65,203.94,199.21,67.32
38.6273,0.0,0.0,0.0,0.0,0.0,0.0,0.0,0.0,11.44,146.41,53.13,108.02,70.18,206.36,204.05,70.18
38.6373,0.0,0.0,0.0,0.0,0.0,0.0,0.0,0.0,11.44,139.92,49.39,108.02,70.18,206.36,206.47,73.15
38.6473,0.0,0.0,0.0,0.0,0.0,0.0,0.0,0.0,11.44,133.32,47.41,110.55,72.71,208.67,211.42,73.15
38.6573,0.0,0.0,0.0,0.0,0.0,0.0,0.0,0.0,11.44,126.83,43.67,113.08,75.24,211.09,216.26,78.98
38.6673,0.0,0.0,0.0,0.0,0.0,0.0,0.0,0.0,11.44,120.34,39.82,115.5,75.24,215.82,221.21,81.84
38.6773,0.0,0.0,0.0,0.0,0.0,0.0,0.0,0.0,11.44,113.85,36.08,115.5,77.77,218.13,225.94,84.81
38.6873,0.0,0.0,0.0,0.0,0.0,0.0,0.0,0.0,11.44,107.47,32.23,118.03,77.77,222.97,230.78,87.67
38.6973,0.0,0.0,0.0,0.0,0.0,0.0,0.0,0.0,11.44,101.09,28.49,122.98,80.3,227.81,235.51,90.53
38.7073,0.0,0.0,0.0,0.0,0.0,0.0,0.0,0.0,11.44,92.51,24.64,125.51,80.3,230.34,240.35,96.36
38.7173,0.0,0.0,0.0,0.0,0.0,0.0,0.0,0.0,11.44,84.04,18.92,125.51,82.83,235.18,245.19,102.19
38.7273,0.0,0.0,0.0,0.0,0.0,0.0,0.0,0.0,11.44,73.48,17.05,130.46,82.83,240.13,249.92,105.16
38.7373,0.0,0.0,0.0,0.0,0.0,0.0,0.0,0.0,11.44,60.72,15.18,132.88,82.83,247.39,254.76,110.99
38.7473,0.0,0.0,0.0,0.0,0.0,0.0,0.0,0.0,9.13,48.07,13.2,135.41,80.3,252.34,259.6,116.05
38.7573,0.0,0.0,0.0,0.0,0.0,0.0,0.0,0.0,9.13,35.53,13.2,137.94,82.83,257.18,264.33,121.11
38.7673,4.07,0.0,0.0,0.0,0.0,0.0,0.0,0.0,9.13,22.99,11.33,137.94,80.3,262.13,269.17,126.17
38.7773,6.16,0.0,0.0,0.0,0.0,0.0,0.0,0.0,6.82,16.72,9.46,135.41,80.3,266.97,274.01,131.23
38.7873,10.34,0.0,0.0,0.0,0.0,0.0,0.0,0.0,4.51,10.45,7.59,132.88,75.24,271.92,278.63,138.82
38.7973,18.59,0.0,0.0,0.0,0.0,0.0,0.0,0.0,4.51,8.36,5.61,127.93,72.71,274.34,283.25,146.41
38.8073,28.93,0.0,0.0,0.0,0.0,0.0,0.0,0.0,0.0,6.27,3.74,120.45,67.65,279.29,287.87,154.0
38.8173,35.09,0.0,0.0,0.0,0.0,0.0,0.0,0.0,0.0,6.27,3.74,113.08,60.06,284.13,292.49,164.12
38.8273,49.61,0.0,0.0,0.0,0.0,0.0,0.0,0.0,0.0,4.18,3.74,105.49,52.91,286.55,294.8,171.71
38.8373,86.24,0.0,0.0,0.0,0.0,0.0,0.0,0.0,0.0,4.18,0.0,95.48,46.53,286.55,299.31,181.72
38.8473,110.22,0.0,0.0,0.0,0.0,0.0,0.0,0.0,0.0,0.0,0.0,85.47,40.26,289.08,303.93,189.31
38.8573,140.25,0.0,0.0,0.0,0.0,0.0,0.0,0.0,0.0,0.0,0.0,72.93,33.88,289.08,303.93,199.32
38.8673,192.39,0.0,0.0,0.0,0.0,0.0,0.0,0.0,0.0,0.0,0.0,57.97,27.5,286.55,303.93,206.8
38.8773,190.3,88.33,0.0,0.0,0.0,0.0,0.0,0.0,0.0,0.0,0.0,42.79,19.03,281.71,303.93,211.86
38.8873,132.22,200.64,0.0,0.0,0.0,0.0,0.0,0.0,0.0,0.0,0.0,25.19,12.65,274.34,297.0,219.34
38.8973,84.04,267.3,23.54,27.17,0.0,0.0,0.0,0.0,0.0,0.0,0.0,10.01,8.47,262.13,283.25,224.4
38.9073,62.26,273.57,104.06,52.25,8.58,33.88,9.02,6.71,0.0,0.0,0.0,4.95,8.47,235.18,259.6,229.24
38.9173,57.97,277.75,128.48,56.54,15.18,50.82,18.04,11.22,0.0,0.0,0.0,4.95,8.47,194.59,221.21,236.28
38.9273,47.52,277.75,135.08,60.72,21.67,66.77,29.26,13.53,0.0,0.0,0.0,4.95,8.47,143.22,169.95,238.59
38.9373,41.36,277.75,135.08,62.81,25.96,78.54,36.08,15.73,0.0,0.0,0.0,4.95,8.47,98.67,113.96,240.9
38.9473,37.18,281.93,135.08,67.1,28.16,85.58,45.1,18.04,0.0,0.0,0.0,4.95,8.47,60.28,54.45,233.86
38.9573,35.09,292.27,135.08,69.19,28.16,92.62,49.61,20.24,0.0,0.0,0.0,4.95,8.47,20.13,22.11,181.72
38.9673,35.09,304.7,132.88,73.48,30.36,99.66,51.81,20.24,0.0,0.0,0.0,4.95,6.27,12.54,18.15,121.11
38.9773,33.11,319.11,130.68,77.66,30.36,104.39,54.12,22.55,0.0,0.0,0.0,4.95,4.18,10.01,16.06,90.53
38.9873,33.11,329.45,124.08,81.95,30.36,109.12,56.32,22.55,0.0,0.0,0.0,4.95,4.18,7.48,10.01,78.98
38.9973,31.02,340.34,115.28,88.33,30.36,116.16,58.63,22.55,0.0,0.0,0.0,0.0,0.0,4.95,6.05,64.35
39.0073,31.02,351.56,104.06,94.6,30.36,121.0,60.94,22.55,0.0,0.0,0.0,0.0,0.0,0.0,3.96,30.69
39.0173,28.93,355.96,95.15,100.98,32.56,128.15,63.36,24.75,0.0,0.0,0.0,0.0,0.0,0.0,0.0,8.36
39.0273,28.93,360.47,88.55,105.27,32.56,132.99,65.67,24.75,0.0,0.0,0.0,0.0,0.0,0.0,0.0,0.0
39.0373,26.84,360.47,86.24,109.45,34.65,135.41,68.09,27.06,0.0,0.0,0.0,0.0,0.0,0.0,0.0,0.0
39.0473,26.84,355.96,86.24,113.63,36.85,140.14,72.82,27.06,0.0,0.0,0.0,0.0,0.0,0.0,0.0,0.0
39.0573,26.84,347.05,88.55,115.72,39.05,142.56,75.13,27.06,0.0,0.0,0.0,0.0,0.0,0.0,0.0,0.0
39.0673,26.84,340.34,90.75,117.81,41.25,144.98,79.86,29.26,0.0,0.0,0.0,0.0,0.0,0.0,0.0,0.0
39.0773,24.75,331.54,92.95,119.9,41.25,147.29,82.28,29.26,0.0,0.0,0.0,0.0,0.0,0.0,0.0,0.0
39.0873,24.75,325.27,90.75,121.99,43.34,152.13,87.01,31.57,0.0,0.0,0.0,0.0,0.0,0.0,0.0,0.0
39.0973,24.75,317.02,88.55,123.97,45.54,154.55,89.32,31.57,0.0,0.0,0.0,0.0,0.0,0.0,0.0,0.0
39.1073,24.75,310.86,84.04,128.15,45.54,156.97,89.32,31.57,0.0,0.0,0.0,0.0,0.0,0.0,0.0,0.0
39.1173,22.77,304.7,75.13,132.33,47.74,159.28,91.74,31.57,0.0,0.0,0.0,0.0,0.0,0.0,0.0,0.0
39.1273,22.77,298.43,68.42,136.4,47.74,161.7,91.74,33.77,0.0,0.0,0.0,0.0,0.0,0.0,0.0,0.0
39.1373,22.77,290.18,64.02,140.58,49.94,164.12,94.05,33.77,0.0,0.0,0.0,0.0,0.0,0.0,0.0,0.0
39.1473,20.68,281.93,59.51,142.67,49.94,166.54,96.47,33.77,0.0,0.0,0.0,0.0,0.0,0.0,0.0,0.0
39.1573,20.68,275.66,55.11,146.74,52.03,168.96,98.78,33.77,0.0,0.0,0.0,0.0,0.0,0.0,0.0,0.0
39.1673,20.68,269.39,53.13,148.83,52.03,171.16,101.2,36.08,0.0,0.0,0.0,0.0,0.0,0.0,0.0,0.0
39.1773,20.68,263.12,51.15,153.01,54.23,173.47,101.2,36.08,0.0,0.0,0.0,0.0,0.0,0.0,0.0,0.0
39.1873,20.68,254.76,49.17,155.1,54.23,175.78,103.51,36.08,0.0,0.0,0.0,0.0,0.0,0.0,0.0,0.0
39.1973,20.68,246.4,45.21,159.17,56.43,175.78,105.93,36.08,0.0,0.0,0.0,0.0,0.0,0.0,0.0,0.0
39.2073,20.68,240.13,43.23,161.26,56.43,180.4,108.24,36.08,0.0,0.0,0.0,0.0,0.0,0.0,0.0,0.0
39.2173,20.68,231.77,41.25,165.44,58.63,182.71,110.66,38.28,0.0,0.0,0.0,0.0,0.0,0.0,0.0,0.0
39.2273,18.59,223.41,37.29,169.62,60.72,184.91,115.28,38.28,0.0,0.0,0.0,0.0,0.0,0.0,0.0,0.0
39.2373,18.59,215.05,33.44,176.0,62.92,189.53,119.79,38.28,0.0,0.0,0.0,0.0,0.0,0.0,0.0,0.0
39.2473,18.59,206.8,29.48,180.18,62.92,194.15,122.1,40.59,0.0,0.0,0.0,0.0,0.0,0.0,0.0,0.0
39.2573,18.59,198.55,27.5,186.56,65.01,198.66,126.61,40.59,0.0,0.0,0.0,0.0,0.0,0.0,0.0,0.0
39.2673,18.59,190.19,23.54,192.94,67.21,205.59,133.43,42.79,0.0,0.0,0.0,0.0,0.0,0.0,0.0,0.0
39.2773,16.5,181.94,19.58,201.41,69.3,210.21,137.94,45.1,0.0,0.0,0.0,0.0,0.0,0.0,0.0,0.0
39.2872,16.5,171.6,17.71,209.88,71.5,217.03,142.56,47.3,0.0,0.0,0.0,0.0,0.0,0.0,0.0,0.0
39.2972,16.5,158.62,13.75,218.46,71.5,223.96,147.07,47.3,0.0,0.0,0.0,0.0,0.0,0.0,0.0,0.0
39.3072,16.5,143.22,11.77,226.71,73.59,230.78,151.58,49.61,0.0,0.0,0.0,0.0,0.0,0.0,0.0,0.0
39.3172,14.41,125.62,9.79,234.3,73.59,237.71,153.89,51.81,0.0,0.0,0.0,0.0,0.0,0.0,0.0,0.0
39.3272,14.41,106.15,9.79,240.02,73.59,244.64,158.4,54.12,0.0,0.0,0.0,0.0,0.0,0.0,0.0,0.0
39.3372,12.32,88.33,7.81,247.72,73.59,251.57,160.71,56.32,0.0,0.0,0.0,0.0,0.0,0.0,0.0,0.0
39.3472,12.32,68.42,7.81,253.44,71.5,258.5,165.22,58.63,0.0,0.0,0.0,0.0,0.0,0.0,0.0,0.0
39.3572,10.34,50.82,7.81,259.16,71.5,265.43,167.53,60.72,13.64,0.0,0.0,0.0,0.0,0.0,0.0,0.0
39.3672,10.34,35.75,5.83,263.01,71.5,274.67,169.84,62.92,15.95,0.0,0.0,0.0,0.0,0.0,0.0,0.0
39.3772,8.25,20.68,5.83,264.88,71.5,279.29,174.46,65.12,20.57,0.0,0.0,0.0,0.0,0.0,0.0,0.0
39.3872,6.16,15.07,3.85,257.29,67.21,288.09,179.08,67.32,25.08,0.0,0.0,0.0,0.0,0.0,0.0,0.0
39.3972,6.16,13.09,3.85,249.59,60.72,294.69,183.81,71.61,32.01,0.0,0.0,0.0,0.0,0.0,0.0,0.0
39.4072,4.07,9.35,0.0,236.28,54.23,301.29,186.12,78.21,45.76,0.0,0.0,0.0,0.0,0.0,0.0,0.0
39.4172,0.0,7.48,0.0,224.84,49.94,308.0,188.43,84.7,85.8,0.0,0.0,0.0,0.0,0.0,0.0,0.0
39.4272,0.0,5.61,0.0,207.79,43.34,312.4,190.74,89.1,116.71,0.0,3.74,0.0,0.0,0.0,0.0,0.0
39.4372,0.0,5.61,0.0,190.85,36.85,314.6,193.05,95.59,171.38,8.36,9.46,0.0,0.0,0.0,0.0,0.0
39.4472,0.0,3.74,0.0,171.71,30.36,314.6,193.05,102.08,121.22,56.43,63.8,0.0,0.0,0.0,0.0,0.0
39.4572,0.0,3.74,0.0,146.74,23.87,314.6,195.47,110.88,76.23,122.54,94.27,12.54,14.74,7.48,16.06,0.0
39.4672,0.0,3.74,0.0,117.81,15.18,310.2,193.05,119.9,66.66,146.41,107.25,17.6,16.94,20.13,26.18,5.5
39.4772,0.0,0.0,0.0,86.13,10.78,301.29,186.12,129.03,59.51,148.61,118.36,17.6,21.12,27.72,38.28,8.36
39.4872,0.0,0.0,0.0,50.16,8.58,281.49,169.84,140.58,50.27,155.1,120.67,22.66,23.21,37.73,48.4,11.11
39.4972,0.0,0.0,0.0,20.9,8.58,242.33,142.56,156.53,43.45,168.19,118.36,25.19,25.41,47.85,54.45,13.86
39.5072,0.0,0.0,0.0,14.63,8.58,168.96,101.2,172.7,36.52,176.55,118.36,27.72,27.5,57.97,63.69,13.86
39.5172,0.0,0.0,0.0,12.54,8.58,97.35,58.63,189.31,34.32,187.0,122.98,30.14,29.59,65.12,73.26,16.72
39.5272,0.0,0.0,0.0,10.45,8.58,50.82,24.75,184.58,32.01,197.45,127.6,32.67,31.79,72.27,80.41,19.47
39.5372,0.0,0.0,0.0,10.45,6.49,21.12,15.73,126.83,32.01,207.9,132.22,35.2,33.88,79.53,87.67,22.33
39.5472,0.0,0.0,0.0,8.36,6.49,14.74,13.53,76.01,29.7,218.35,132.22,40.26,35.97,86.68,97.24,25.08
39.5572,0.0,0.0,0.0,8.36,4.29,10.56,9.02,49.61,27.39,226.71,132.22,42.79,35.97,96.25,104.39,25.08
39.5672,0.0,0.0,0.0,6.27,0.0,8.47,6.71,38.28,25.08,232.76,132.22,45.32,38.06,103.4,113.96,27.83
39.5772,0.0,0.0,0.0,4.18,0.0,6.27,0.0,29.26,22.88,238.92,129.91,47.85,40.26,110.66,120.89,33.44
39.5872,0.0,0.0,0.0,4.18,0.0,4.18,0.0,13.53,20.57,240.9,129.91,52.91,42.35,118.03,130.24,36.19
39.5972,0.0,0.0,0.0,0.0,0.0,0.0,0.0,0.0,20.57,240.9,129.91,55.44,44.44,125.62,137.17,41.8
39.6072,0.0,0.0,0.0,0.0,0.0,0.0,0.0,0.0,20.57,240.9,129.91,57.97,46.53,133.21,146.52,44.66
39.6172,0.0,0.0,0.0,0.0,0.0,0.0,0.0,0.0,18.26,240.9,129.91,60.39,48.73,138.27,153.56,47.41
39.6272,0.0,0.0,0.0,0.0,0.0,0.0,0.0,0.0,18.26,238.92,125.29,62.92,50.82,143.22,160.49,53.02
39.6372,0.0,0.0,0.0,0.0,0.0,0.0,0.0,0.0,15.95,234.85,122.98,65.45,52.91,148.28,165.11,58.63
39.6472,0.0,0.0,0.0,0.0,0.0,0.0,0.0,0.0,15.95,230.78,120.67,67.98,55.11,153.34,172.37,64.35
39.6572,0.0,0.0,0.0,0.0,0.0,0.0,0.0,0.0,15.95,226.71,116.05,70.4,55.11,158.4,174.79,67.32
39.6672,0.0,0.0,0.0,0.0,0.0,0.0,0.0,0.0,13.64,220.44,111.65,72.93,57.53,163.46,179.63,73.15
39.6772,0.0,0.0,0.0,0.0,0.0,0.0,0.0,0.0,15.95,216.26,107.25,75.46,60.06,165.99,182.16,76.01
39.6872,0.0,0.0,0.0,0.0,0.0,0.0,0.0,0.0,13.64,214.17,100.76,77.99,60.06,168.52,187.0,78.98
39.6972,0.0,0.0,0.0,0.0,0.0,0.0,0.0,0.0,13.64,209.99,94.27,80.41,62.59,173.36,187.0,81.84
39.7072,0.0,0.0,0.0,0.0,0.0,0.0,0.0,0.0,13.64,203.72,87.67,82.94,65.12,175.67,191.84,84.81
39.7172,0.0,0.0,0.0,0.0,0.0,0.0,0.0,0.0,13.64,197.45,81.18,85.47,65.12,178.09,194.37,87.67
39.7272,0.0,0.0,0.0,0.0,0.0,0.0,0.0,0.0,13.64,191.18,76.78,88.0,67.65,180.4,196.79,90.53
39.7372,0.0,0.0,0.0,0.0,0.0,0.0,0.0,0.0,13.64,184.91,70.29,88.0,67.65,185.13,201.63,93.5
39.7472,0.0,0.0,0.0,0.0,0.0,0.0,0.0,0.0,13.64,178.64,63.8,90.53,70.18,187.44,206.47,99.33
39.7572,0.0,0.0,0.0,0.0,0.0,0.0,0.0,0.0,11.44,170.28,59.4,92.95,72.71,189.86,209.0,102.19
39.7672,0.0,0.0,0.0,0.0,0.0,0.0,0.0,0.0,11.44,161.59,55.11,95.48,72.71,192.17,213.84,105.16
39.7772,0.0,0.0,0.0,0.0,0.0,0.0,0.0,0.0,11.44,152.9,49.39,98.01,75.24,194.59,216.26,108.02
39.7872,0.0,0.0,0.0,0.0,0.0,0.0,0.0,0.0,11.44,146.41,43.67,100.54,75.24,199.32,221.21,113.52
39.7972,0.0,0.0,0.0,0.0,0.0,0.0,0.0,0.0,11.44,135.52,37.95,102.96,77.77,201.63,225.94,116.05
39.8072,0.0,0.0,0.0,0.0,0.0,0.0,0.0,0.0,11.44,129.03,34.1,105.49,80.3,206.36,230.78,121.11
39.8172,0.0,0.0,0.0,0.0,0.0,0.0,0.0,0.0,11.44,120.34,28.49,108.02,80.3,208.67,235.51,123.64
39.8272,0.0,0.0,0.0,0.0,0.0,0.0,0.0,0.0,11.44,111.65,22.77,110.55,80.3,213.4,240.35,128.7
39.8372,0.0,0.0,0.0,0.0,0.0,0.0,0.0,0.0,11.44,101.09,18.92,113.08,82.83,220.55,245.19,133.76
39.8472,0.0,0.0,0.0,0.0,0.0,0.0,0.0,0.0,11.44,88.33,15.18,118.03,82.83,225.39,249.92,138.82
39.8572,0.0,0.0,0.0,0.0,0.0,0.0,0.0,0.0,9.13,73.48,13.2,120.45,82.83,232.76,254.76,143.88
39.8672,0.0,0.0,0.0,0.0,0.0,0.0,0.0,0.0,9.13,56.43,11.33,125.51,80.3,240.13,259.6,151.47
39.8772,0.0,0.0,0.0,0.0,0.0,0.0,0.0,0.0,9.13,39.71,11.33,130.46,80.3,247.39,264.33,156.53
39.8872,0.0,0.0,0.0,0.0,0.0,0.0,0.0,0.0,6.82,25.08,9.46,130.46,77.77,254.76,266.75,164.12
39.8972,4.07,0.0,0.0,0.0,0.0,0.0,0.0,0.0,4.51,16.72,7.59,130.46,77.77,262.13,274.01,171.71
39.9072,8.25,0.0,0.0,0.0,0.0,0.0,0.0,0.0,4.51,10.45,7.59,127.93,72.71,266.97,278.63,181.72
39.9172,16.5,0.0,0.0,0.0,0.0,0.0,0.0,0.0,0.0,8.36,5.61,120.45,67.65,271.92,285.56,191.73
39.9272,26.84,0.0,0.0,0.0,0.0,0.0,0.0,0.0,0.0,6.27,3.74,113.08,62.59,276.76,290.18,201.85
39.9372,35.09,0.0,0.0,0.0,0.0,0.0,0.0,0.0,0.0,6.27,3.74,105.49,55.11,281.71,292.49,211.86
39.9472,39.27,0.0,0.0,0.0,0.0,0.0,0.0,0.0,0.0,4.18,0.0,98.01,48.73,284.13,294.8,219.34
39.9572,73.15,0.0,0.0,0.0,0.0,0.0,0.0,0.0,0.0,4.18,0.0,88.0,42.35,286.55,297.0,229.24
39.9672,101.42,0.0,0.0,0.0,0.0,0.0,0.0,0.0,0.0,0.0,0.0,77.99,33.88,289.08,297.0,236.28
39.9772,130.24,0.0,0.0,0.0,0.0,0.0,0.0,0.0,0.0,0.0,0.0,65.45,27.5,291.5,297.0,243.32
39.9872,184.25,0.0,0.0,0.0,0.0,0.0,0.0,0.0,0.0,0.0,0.0,52.91,21.12,291.5,297.0,250.36
39.9972,200.53,62.48,0.0,0.0,0.0,0.0,0.0,0.0,0.0,0.0,0.0,37.73,14.74,289.08,292.49,257.4
40.0072,134.2,181.94,0.0,0.0,0.0,0.0,0.0,0.0,0.0,0.0,0.0,20.13,8.47,281.71,285.56,262.02
40.0172,84.04,252.67,9.79,29.26,0.0,0.0,0.0,0.0,0.0,0.0,0.0,10.01,8.47,269.5,269.17,266.75
40.0272,64.46,265.21,84.04,62.81,0.0,21.12,4.51,4.51,0.0,0.0,0.0,4.95,8.47,242.55,240.35,273.79
40.0372,57.97,265.21,119.68,69.19,12.98,44.44,9.02,6.71,0.0,0.0,0.0,4.95,8.47,203.94,199.21,278.52
40.0472,45.54,267.3,124.08,73.48,21.67,64.46,18.04,11.22,0.0,0.0,0.0,4.95,10.56,153.34,146.52,280.94
40.0572,39.27,265.21,130.68,77.66,25.96,78.54,27.06,13.53,0.0,0.0,0.0,4.95,8.47,105.82,94.82,280.94
40.0672,35.09,269.39,132.88,81.95,30.36,90.31,33.77,15.73,0.0,0.0,0.0,4.95,10.56,65.12,44.33,266.75
40.0772,33.11,275.66,132.88,86.13,32.56,97.35,40.59,18.04,0.0,0.0,0.0,4.95,8.47,22.66,22.11,194.26
40.0872,31.02,288.2,132.88,90.42,32.56,102.08,45.1,20.24,0.0,0.0,0.0,4.95,8.47,15.07,18.15,126.17
40.0972,31.02,300.52,128.48,94.6,32.56,106.7,47.3,20.24,0.0,0.0,0.0,4.95,6.27,12.54,16.06,105.16
40.1072,31.02,310.86,121.88,98.89,34.65,113.85,49.61,20.24,0.0,0.0,0.0,4.95,4.18,7.48,12.1,99.33
40.1172,28.93,319.11,113.08,105.27,34.65,118.58,51.81,22.55,0.0,0.0,0.0,0.0,4.18,4.95,8.03,78.98
40.1272,28.93,327.36,104.06,111.65,34.65,123.42,54.12,22.55,0.0,0.0,0.0,0.0,0.0,0.0,3.96,41.8
40.1372,26.84,333.63,95.15,115.72,36.85,130.57,56.32,22.55,0.0,0.0,0.0,0.0,0.0,0.0,0.0,8.36
40.1472,26.84,335.83,88.55,121.99,39.05,132.99,60.94,24.75,0.0,0.0,0.0,0.0,0.0,0.0,0.0,0.0
40.1572,24.75,333.63,86.24,126.06,41.25,137.72,63.36,24.75,0.0,0.0,0.0,0.0,0.0,0.0,0.0,0.0
40.1672,24.75,329.45,86.24,128.15,43.34,142.56,68.09,27.06,0.0,0.0,0.0,0.0,0.0,0.0,0.0,0.0
40.1772,24.75,321.2,88.55,132.33,45.54,147.29,72.82,27.06,0.0,0.0,0.0,0.0,0.0,0.0,0.0,0.0
40.1872,22.77,312.95,88.55,134.31,47.74,152.13,77.55,29.26,0.0,0.0,0.0,0.0,0.0,0.0,0.0,0.0
40.1972,22.77,302.61,88.55,138.49,49.94,154.55,84.59,29.26,0.0,0.0,0.0,0.0,0.0,0.0,0.0,0.0
40.2072,20.68,294.36,86.24,140.58,52.03,159.28,89.32,29.26,0.0,0.0,0.0,0.0,0.0,0.0,0.0,0.0
40.2172,20.68,284.02,84.04,144.76,54.23,164.12,94.05,31.57,0.0,0.0,0.0,0.0,0.0,0.0,0.0,0.0
40.2272,20.68,277.75,77.33,148.83,56.43,166.54,96.47,31.57,0.0,0.0,0.0,0.0,0.0,0.0,0.0,0.0
40.2372,20.68,269.39,72.93,153.01,58.63,171.16,101.2,33.77,0.0,0.0,0.0,0.0,0.0,0.0,0.0,0.0
40.2472,20.68,261.03,66.22,157.08,60.72,175.78,103.51,33.77,0.0,0.0,0.0,0.0,0.0,0.0,0.0,0.0
40.2572,18.59,252.67,61.71,161.26,60.72,178.09,108.24,33.77,0.0,0.0,0.0,0.0,0.0,0.0,0.0,0.0
40.2672,18.59,244.31,57.31,165.44,62.92,182.71,110.66,36.08,0.0,0.0,0.0,0.0,0.0,0.0,0.0,0.0
40.2772,18.59,235.95,55.11,169.62,65.01,184.91,113.08,36.08,0.0,0.0,0.0,0.0,0.0,0.0,0.0,0.0
40.2872,18.59,227.59,53.13,173.8,67.21,189.53,117.59,36.08,0.0,0.0,0.0,0.0,0.0,0.0,0.0,0.0
40.2972,18.59,221.32,49.17,178.09,67.21,191.84,119.79,38.28,0.0,0.0,0.0,0.0,0.0,0.0,0.0,0.0
40.3072,18.59,212.96,45.21,180.18,69.3,194.15,122.1,38.28,0.0,0.0,0.0,0.0,0.0,0.0,0.0,0.0
40.3172,16.5,206.8,43.23,186.56,71.5,198.66,124.41,40.59,0.0,0.0,0.0,0.0,0.0,0.0,0.0,0.0
40.3272,16.5,198.55,39.27,190.85,71.5,200.97,128.92,40.59,0.0,0.0,0.0,0.0,0.0,0.0,0.0,0.0
40.3372,16.5,188.21,35.42,197.23,73.59,205.59,131.23,42.79,0.0,0.0,0.0,0.0,0.0,0.0,0.0,0.0
40.3472,16.5,179.85,31.46,201.41,75.79,210.21,135.74,42.79,0.0,0.0,0.0,0.0,0.0,0.0,0.0,0.0
40.3572,16.5,169.51,27.5,207.79,77.88,214.72,140.25,45.1,0.0,0.0,0.0,0.0,0.0,0.0,0.0,0.0
40.3672,16.5,160.82,23.54,214.17,80.08,219.34,142.56,47.3,0.0,0.0,0.0,0.0,0.0,0.0,0.0,0.0
40.3772,14.41,149.82,19.58,220.55,80.08,223.96,147.07,47.3,0.0,0.0,0.0,0.0,0.0,0.0,0.0,0.0
40.3872,14.41,136.62,15.73,226.71,82.17,230.78,151.58,49.61,0.0,0.0,0.0,0.0,0.0,0.0,0.0,0.0
40.3972,14.41,123.42,13.75,232.43,82.17,235.4,156.09,51.81,0.0,0.0,0.0,0.0,0.0,0.0,0.0,0.0
40.4072,14.41,108.13,11.77,240.02,82.17,242.33,160.71,54.12,0.0,0.0,0.0,0.0,0.0,0.0,0.0,0.0
40.4172,12.32,92.29,9.79,245.85,84.37,249.26,162.91,56.32,0.0,0.0,0.0,0.0,0.0,0.0,0.0,0.0
40.4272,12.32,76.34,7.81,251.57,82.17,253.88,167.53,58.63,0.0,0.0,0.0,0.0,0.0,0.0,0.0,0.0
40.4372,12.32,60.5,7.81,255.31,82.17,260.81,169.84,60.72,0.0,0.0,0.0,0.0,0.0,0.0,0.0,0.0
40.4472,10.34,45.21,5.83,261.14,82.17,265.43,174.46,62.92,0.0,0.0,0.0,0.0,0.0,0.0,0.0,0.0
40.4572,10.34,32.01,5.83,263.01,82.17,272.36,179.08,65.12,13.64,0.0,0.0,0.0,0.0,0.0,0.0,0.0
40.4672,8.25,20.68,3.85,263.01,84.37,276.98,181.5,67.32,15.95,0.0,0.0,0.0,0.0,0.0,0.0,0.0
40.4772,6.16,15.07,3.85,257.29,80.08,283.69,188.43,71.61,20.57,0.0,0.0,0.0,0.0,0.0,0.0,0.0
40.4872,4.07,11.22,3.85,249.59,75.79,290.29,193.05,73.81,29.7,0.0,0.0,0.0,0.0,0.0,0.0,0.0
40.4972,4.07,9.35,0.0,238.15,71.5,296.89,197.78,80.3,34.32,0.0,0.0,0.0,0.0,0.0,0.0,0.0
40.5072,0.0,7.48,0.0,228.58,65.01,303.49,200.09,86.9,38.83,0.0,0.0,0.0,0.0,0.0,0.0,0.0
40.5172,0.0,5.61,0.0,216.26,60.72,308.0,202.4,93.39,47.96,0.0,0.0,0.0,0.0,0.0,0.0,0.0
40.5272,0.0,5.61,0.0,201.41,52.03,312.4,204.71,99.99,92.95,0.0,0.0,0.0,0.0,0.0,0.0,0.0
40.5372,0.0,3.74,0.0,186.56,45.54,314.6,204.71,104.28,107.25,0.0,0.0,0.0,0.0,0.0,0.0,0.0
40.5472,0.0,3.74,0.0,169.62,39.05,316.8,204.71,110.88,148.5,0.0,0.0,0.0,0.0,0.0,0.0,0.0
40.5572,0.0,3.74,0.0,146.74,30.36,314.6,207.02,117.59,204.16,18.81,15.18,0.0,0.0,0.0,0.0,0.0
40.5672,0.0,0.0,0.0,119.9,21.67,312.4,207.02,126.83,121.22,94.71,74.69,0.0,0.0,0.0,0.0,0.0
40.5772,0.0,0.0,0.0,92.51,15.18,303.49,204.71,133.65,78.65,150.7,107.25,20.13,10.56,15.07,18.15,5.5
40.5872,0.0,0.0,0.0,58.63,10.78,285.89,193.05,145.09,73.81,161.59,125.29,25.19,14.74,25.19,32.23,8.36
40.5972,0.0,0.0,0.0,22.99,8.58,253.88,165.22,158.84,61.93,161.59,134.53,27.72,19.03,37.73,46.42,11.11
40.6072,0.0,0.0,0.0,14.63,8.58,189.53,122.1,175.12,52.58,170.28,139.15,30.14,21.12,50.38,54.45,13.86
40.6172,0.0,0.0,0.0,12.54,8.58,109.12,75.13,194.04,43.45,174.46,141.35,32.67,23.21,62.7,66.11,16.72
40.6272,0.0,0.0,0.0,10.45,8.58,57.42,31.57,201.19,38.83,182.82,148.28,35.2,25.41,72.27,78.1,19.47
40.6372,0.0,0.0,0.0,10.45,6.49,23.21,18.04,149.71,36.52,193.27,155.21,37.73,27.5,79.53,89.98,19.47
40.6472,0.0,0.0,0.0,8.36,6.49,14.74,13.53,82.5,32.01,201.63,159.83,42.79,29.59,86.68,99.66,25.08
40.6572,0.0,0.0,0.0,8.36,4.29,10.56,11.22,49.61,32.01,209.99,162.14,45.32,31.79,93.83,109.23,27.83
40.6672,0.0,0.0,0.0,6.27,0.0,8.47,6.71,38.28,29.7,218.35,159.83,47.85,33.88,103.4,116.27,30.69
40.6772,0.0,0.0,0.0,4.18,0.0,4.18,4.51,31.57,27.39,224.62,159.83,52.91,35.97,110.66,123.2,33.44
40.6872,0.0,0.0,0.0,4.18,0.0,4.18,0.0,15.73,25.08,228.69,155.21,57.97,38.06,118.03,130.24,36.19
40.6972,0.0,0.0,0.0,0.0,0.0,0.0,0.0,0.0,22.88,230.78,150.59,60.39,40.26,125.62,137.17,41.8
40.7072,0.0,0.0,0.0,0.0,0.0,0.0,0.0,0.0,20.57,230.78,145.97,62.92,42.35,133.21,144.21,44.66
40.7171,0.0,0.0,0.0,0.0,0.0,0.0,0.0,0.0,20.57,228.69,143.66,67.98,42.35,140.8,148.83,47.41
40.7271,0.0,0.0,0.0,0.0,0.0,0.0,0.0,0.0,18.26,224.62,136.84,70.4,44.44,145.75,153.56,53.02
40.7371,0.0,0.0,0.0,0.0,0.0,0.0,0.0,0.0,18.26,222.64,129.91,75.46,46.53,150.81,158.18,55.77
40.7471,0.0,0.0,0.0,0.0,0.0,0.0,0.0,0.0,15.95,216.26,125.29,77.99,48.73,158.4,162.8,61.49
40.7571,0.0,0.0,0.0,0.0,0.0,0.0,0.0,0.0,15.95,209.99,116.05,80.41,48.73,163.46,167.53,64.35
40.7671,0.0,0.0,0.0,0.0,0.0,0.0,0.0,0.0,15.95,203.72,107.25,85.47,50.82,165.99,172.37,70.18
40.7771,0.0,0.0,0.0,0.0,0.0,0.0,0.0,0.0,15.95,197.45,100.76,88.0,52.91,173.36,174.79,73.15
40.7871,0.0,0.0,0.0,0.0,0.0,0.0,0.0,0.0,15.95,191.18,89.87,90.53,52.91,175.67,179.63,76.01
40.7971,0.0,0.0,0.0,0.0,0.0,0.0,0.0,0.0,13.64,184.91,81.18,95.48,55.11,182.82,182.16,81.84
40.8071,0.0,0.0,0.0,0.0,0.0,0.0,0.0,0.0,13.64,178.64,72.49,98.01,57.53,187.44,187.0,84.81
40.8171,0.0,0.0,0.0,0.0,0.0,0.0,0.0,0.0,13.64,170.28,63.8,102.96,57.53,192.17,189.42,90.53
40.8271,0.0,0.0,0.0,0.0,0.0,0.0,0.0,0.0,13.64,163.79,55.11,105.49,60.06,194.59,194.37,93.5
40.8371,0.0,0.0,0.0,0.0,0.0,0.0,0.0,0.0,13.64,157.3,47.41,110.55,62.59,199.32,199.21,99.33
40.8471,0.0,0.0,0.0,0.0,0.0,0.0,0.0,0.0,13.64,148.61,41.8,113.08,62.59,203.94,204.05,102.19
40.8571,0.0,0.0,0.0,0.0,0.0,0.0,0.0,0.0,13.64,139.92,36.08,115.5,65.12,206.36,209.0,108.02
40.8671,0.0,0.0,0.0,0.0,0.0,0.0,0.0,0.0,11.44,131.23,30.36,120.45,65.12,211.09,213.84,110.99
40.8771,0.0,0.0,0.0,0.0,0.0,0.0,0.0,0.0,11.44,124.63,26.51,122.98,67.65,215.82,218.68,116.05
40.8871,0.0,0.0,0.0,0.0,0.0,0.0,0.0,0.0,11.44,115.94,20.9,125.51,67.65,220.55,221.21,118.58
40.8971,0.0,0.0,0.0,0.0,0.0,0.0,0.0,0.0,11.44,105.27,18.92,130.46,70.18,225.39,225.94,123.64
40.9071,0.0,0.0,0.0,0.0,0.0,0.0,0.0,0.0,11.44,94.71,15.18,135.41,70.18,232.76,230.78,128.7
40.9171,0.0,0.0,0.0,0.0,0.0,0.0,0.0,0.0,9.13,81.95,13.2,140.36,67.65,240.13,233.2,133.76
40.9271,0.0,0.0,0.0,0.0,0.0,0.0,0.0,0.0,11.44,69.19,11.33,145.42,67.65,244.97,237.93,136.29
40.9371,0.0,0.0,0.0,0.0,0.0,0.0,0.0,0.0,9.13,54.34,11.33,147.84,67.65,252.34,240.35,141.35
40.9471,0.0,0.0,0.0,0.0,0.0,0.0,0.0,0.0,9.13,39.71,11.33,152.79,65.12,259.71,245.19,146.41
40.9571,0.0,0.0,0.0,0.0,0.0,0.0,0.0,0.0,6.82,27.17,9.46,155.32,65.12,266.97,249.92,151.47
40.9671,0.0,0.0,0.0,0.0,0.0,0.0,0.0,0.0,6.82,18.81,7.59,155.32,62.59,274.34,254.76,159.06
40.9771,0.0,0.0,0.0,0.0,0.0,0.0,0.0,0.0,4.51,12.54,5.61,152.79,60.06,281.71,259.6,166.76
40.9871,0.0,0.0,0.0,0.0,0.0,0.0,0.0,0.0,0.0,8.36,5.61,147.84,55.11,286.55,262.02,176.77
40.9971,0.0,0.0,0.0,0.0,0.0,0.0,0.0,0.0,0.0,6.27,3.74,142.89,50.82,291.5,269.17,186.78
41.0071,0.0,0.0,0.0,0.0,0.0,0.0,0.0,0.0,0.0,6.27,3.74,132.88,46.53,296.34,274.01,196.79
41.0171,0.0,0.0,0.0,0.0,0.0,0.0,0.0,0.0,0.0,4.18,0.0,125.51,42.35,301.29,276.43,206.8
41.0271,4.07,0.0,0.0,0.0,0.0,0.0,0.0,0.0,0.0,4.18,0.0,118.03,35.97,306.24,278.63,214.39
41.0371,12.32,0.0,0.0,0.0,0.0,0.0,0.0,0.0,0.0,4.18,0.0,108.02,29.59,308.66,280.94,224.4
41.0471,28.93,0.0,0.0,0.0,0.0,0.0,0.0,0.0,0.0,0.0,0.0,100.54,23.21,313.5,278.63,231.55
41.0571,39.27,0.0,0.0,0.0,0.0,0.0,0.0,0.0,0.0,0.0,0.0,90.53,19.03,318.45,276.43,238.59
41.0671,77.55,0.0,0.0,0.0,0.0,0.0,0.0,0.0,0.0,0.0,0.0,77.99,12.65,320.87,274.01,243.32
41.0771,112.42,0.0,0.0,0.0,0.0,0.0,0.0,0.0,0.0,0.0,0.0,62.92,8.47,323.4,266.75,250.36
41.0871,140.25,0.0,0.0,0.0,0.0,0.0,0.0,0.0,0.0,0.0,0.0,47.85,8.47,323.4,259.6,254.98
41.0971,180.18,0.0,0.0,0.0,0.0,0.0,0.0,0.0,0.0,0.0,0.0,30.14,8.47,318.45,245.19,259.71
41.1071,246.95,13.09,0.0,0.0,0.0,0.0,0.0,0.0,0.0,0.0,0.0,15.07,8.47,308.66,225.94,266.75
41.1171,214.61,145.42,0.0,0.0,0.0,0.0,0.0,0.0,0.0,0.0,0.0,7.48,8.47,286.55,199.21,273.79
41.1271,144.21,263.12,7.81,8.36,0.0,0.0,0.0,0.0,0.0,0.0,0.0,7.48,8.47,247.39,162.8,280.94
41.1371,81.84,286.11,115.28,60.72,4.29,25.41,4.51,4.51,0.0,0.0,0.0,7.48,10.56,196.9,123.2,286.0
41.1471,73.15,294.36,168.19,69.19,21.67,57.42,15.73,11.22,0.0,0.0,0.0,7.48,12.65,138.27,78.1,286.0
41.1571,60.06,296.45,182.27,71.28,32.56,78.54,33.77,15.73,0.0,0.0,0.0,7.48,10.56,86.68,38.28,266.75
41.1671,53.79,294.36,187.0,75.57,36.85,90.31,45.1,18.04,0.0,0.0,0.0,7.48,10.56,40.26,28.27,201.85
41.1771,47.52,300.52,187.0,79.75,39.05,102.08,56.32,20.24,0.0,0.0,0.0,7.48,8.47,20.13,24.2,146.41
41.1871,45.54,306.79,187.0,84.04,39.05,109.12,60.94,20.24,0.0,0.0,0.0,7.48,8.47,15.07,20.13,123.64
41.1971,43.45,315.04,184.69,86.13,41.25,113.85,65.67,22.55,0.0,0.0,0.0,4.95,6.27,12.54,14.08,113.52
41.2071,41.36,325.27,177.54,90.42,41.25,118.58,68.09,22.55,0.0,0.0,0.0,4.95,4.18,7.48,10.01,87.67
41.2171,39.27,333.63,168.19,96.8,41.25,123.42,70.4,24.75,0.0,0.0,0.0,0.0,0.0,4.95,6.05,44.66
41.2271,37.18,340.34,154.88,100.98,43.34,128.15,72.82,24.75,0.0,0.0,0.0,0.0,0.0,0.0,0.0,11.11
41.2371,35.09,344.74,139.48,107.36,43.34,135.41,72.82,24.75,0.0,0.0,0.0,0.0,0.0,0.0,0.0,0.0
41.2471,33.11,344.74,124.08,115.72,45.54,140.14,75.13,27.06,0.0,0.0,0.0,0.0,0.0,0.0,0.0,0.0
41.2571,31.02,340.34,113.08,119.9,45.54,144.98,77.55,27.06,0.0,0.0,0.0,0.0,0.0,0.0,0.0,0.0
41.2671,28.93,333.63,104.06,123.97,47.74,147.29,79.86,27.06,0.0,0.0,0.0,0.0,0.0,0.0,0.0,0.0
41.2771,26.84,323.29,99.66,128.15,49.94,149.71,84.59,29.26,0.0,0.0,0.0,0.0,0.0,0.0,0.0,0.0
41.2871,26.84,310.86,97.46,132.33,52.03,154.55,87.01,29.26,0.0,0.0,0.0,0.0,0.0,0.0,0.0,0.0
41.2971,24.75,298.43,95.15,134.31,54.23,156.97,91.74,29.26,0.0,0.0,0.0,0.0,0.0,0.0,0.0,0.0
41.3071,24.75,286.11,92.95,136.4,56.43,159.28,96.47,31.57,0.0,0.0,0.0,0.0,0.0,0.0,0.0,0.0
41.3171,22.77,275.66,90.75,138.49,58.63,161.7,98.78,31.57,0.0,0.0,0.0,0.0,0.0,0.0,0.0,0.0
41.3271,22.77,267.3,84.04,142.67,60.72,164.12,101.2,31.57,0.0,0.0,0.0,0.0,0.0,0.0,0.0,0.0
41.3371,22.77,258.94,77.33,144.76,62.92,166.54,103.51,33.77,0.0,0.0,0.0,0.0,0.0,0.0,0.0,0.0
41.3471,20.68,248.49,68.42,150.92,62.92,168.96,108.24,33.77,0.0,0.0,0.0,0.0,0.0,0.0,0.0,0.0
41.3571,20.68,240.13,61.71,155.1,65.01,173.47,110.66,33.77,0.0,0.0,0.0,0.0,0.0,0.0,0.0,0.0
41.3671,20.68,229.68,57.31,157.08,67.21,175.78,113.08,33.77,0.0,0.0,0.0,0.0,0.0,0.0,0.0,0.0
41.3771,20.68,221.32,53.13,161.26,69.3,178.09,115.28,36.08,0.0,0.0,0.0,0.0,0.0,0.0,0.0,0.0
41.3871,18.59,212.96,49.17,165.44,69.3,182.71,119.79,38.28,0.0,0.0,0.0,0.0,0.0,0.0,0.0,0.0
41.3971,18.59,204.71,45.21,169.62,71.5,184.91,124.41,38.28,0.0,0.0,0.0,0.0,0.0,0.0,0.0,0.0
41.4071,18.59,196.46,41.25,176.0,73.59,189.53,128.92,40.59,0.0,0.0,0.0,0.0,0.0,0.0,0.0,0.0
41.4171,18.59,188.21,35.42,180.18,75.79,194.15,133.43,40.59,0.0,0.0,0.0,0.0,0.0,0.0,0.0,0.0
41.4271,16.5,179.85,31.46,186.56,77.88,198.66,137.94,40.59,0.0,0.0,0.0,0.0,0.0,0.0,0.0,0.0
41.4371,16.5,169.51,27.5,192.94,80.08,205.59,142.56,42.79,0.0,0.0,0.0,0.0,0.0,0.0,0.0,0.0
41.4471,16.5,160.82,23.54,199.32,82.17,210.21,147.07,45.1,0.0,0.0,0.0,0.0,0.0,0.0,0.0,0.0
41.4571,16.5,149.82,19.58,205.7,84.37,214.72,151.58,45.1,0.0,0.0,0.0,0.0,0.0,0.0,0.0,0.0
41.4671,16.5,138.82,17.71,212.08,84.37,221.65,156.09,47.3,0.0,0.0,0.0,0.0,0.0,0.0,0.0,0.0
41.4771,14.41,125.62,13.75,220.55,86.57,228.47,160.71,49.61,0.0,0.0,0.0,0.0,0.0,0.0,0.0,0.0
41.4871,14.41,110.22,9.79,228.58,86.57,235.4,165.22,51.81,0.0,0.0,0.0,0.0,0.0,0.0,0.0,0.0
41.4971,14.41,94.27,9.79,236.28,86.57,242.33,169.84,54.12,0.0,0.0,0.0,0.0,0.0,0.0,0.0,0.0
41.5071,12.32,78.32,7.81,243.87,86.57,249.26,172.15,56.32,0.0,0.0,0.0,0.0,0.0,0.0,0.0,0.0
41.5171,12.32,60.5,7.81,249.59,86.57,256.19,176.77,58.63,0.0,0.0,0.0,0.0,0.0,0.0,0.0,0.0
41.5271,12.32,45.21,5.83,253.44,86.57,263.12,181.5,60.72,0.0,0.0,0.0,0.0,0.0,0.0,0.0,0.0
41.5371,10.34,30.14,5.83,255.31,86.57,267.74,186.12,62.92,0.0,0.0,0.0,0.0,0.0,0.0,0.0,0.0
41.5471,8.25,18.81,5.83,253.44,86.57,274.67,190.74,65.12,0.0,0.0,0.0,0.0,0.0,0.0,0.0,0.0
41.5571,6.16,15.07,3.85,245.85,82.17,279.29,195.47,67.32,0.0,0.0,0.0,0.0,0.0,0.0,0.0,0.0
41.5671,6.16,11.22,3.85,236.28,77.88,285.89,200.09,73.81,22.88,0.0,0.0,0.0,0.0,0.0,0.0,0.0
41.5771,4.07,9.35,0.0,224.84,71.5,292.49,204.71,78.21,20.57,0.0,0.0,0.0,0.0,0.0,0.0,0.0
41.5871,0.0,7.48,0.0,212.08,67.21,296.89,207.02,84.7,32.01,0.0,0.0,0.0,0.0,0.0,0.0,0.0
41.5971,0.0,5.61,0.0,199.32,60.72,303.49,211.75,91.19,45.76,0.0,0.0,0.0,0.0,0.0,0.0,0.0
41.6071,0.0,5.61,0.0,188.65,52.03,308.0,211.75,97.79,57.2,0.0,0.0,0.0,0.0,0.0,0.0,0.0
41.6171,0.0,3.74,0.0,176.0,45.54,312.4,214.06,104.28,88.22,0.0,0.0,0.0,0.0,0.0,0.0,0.0
41.6271,0.0,3.74,0.0,161.26,39.05,316.8,214.06,110.88,137.17,0.0,0.0,0.0,0.0,0.0,0.0,0.0
41.6371,0.0,0.0,0.0,140.58,28.16,319.0,211.75,117.59,148.5,0.0,0.0,0.0,0.0,0.0,0.0,0.0
41.6471,0.0,0.0,0.0,119.9,19.47,319.0,211.75,124.52,197.12,0.0,0.0,0.0,0.0,0.0,0.0,0.0
41.6571,0.0,0.0,0.0,92.51,12.98,312.4,209.44,133.65,252.89,33.44,13.2,0.0,0.0,0.0,0.0,0.0
41.6671,0.0,0.0,0.0,62.81,10.78,301.29,200.09,142.78,162.14,118.14,89.87,0.0,0.0,0.0,0.0,0.0
41.6771,0.0,0.0,0.0,27.17,10.78,279.29,181.5,154.33,92.95,178.64,139.15,20.13,12.65,17.6,14.08,5.5
41.6871,0.0,0.0,0.0,16.72,10.78,223.96,142.56,172.7,76.23,187.0,169.07,25.19,16.94,35.2,30.25,8.36
41.6971,0.0,0.0,0.0,14.63,10.78,142.56,103.51,191.73,64.35,189.09,176.11,27.72,19.03,47.85,42.35,13.86
41.7071,0.0,0.0,0.0,12.54,8.58,76.23,49.61,208.34,47.96,195.36,180.73,30.14,23.21,62.7,56.54,16.72
41.7171,0.0,0.0,0.0,10.45,8.58,33.88,22.55,172.7,38.83,203.72,178.42,35.2,25.41,79.53,70.84,22.33
41.7271,0.0,0.0,0.0,8.36,6.49,16.94,15.73,99.99,32.01,212.08,176.11,42.79,27.5,93.83,85.25,25.08
41.7371,0.0,0.0,0.0,8.36,6.49,14.74,13.53,60.72,25.08,222.64,176.11,47.85,31.79,105.82,97.24,33.44
41.7471,0.0,0.0,0.0,6.27,4.29,10.56,9.02,45.1,22.88,230.78,171.38,52.91,33.88,118.03,109.23,39.05
41.7571,0.0,0.0,0.0,6.27,0.0,6.27,4.51,38.28,20.57,236.83,164.45,57.97,35.97,130.68,118.58,41.8
41.7671,0.0,0.0,0.0,4.18,0.0,4.18,0.0,20.24,20.57,242.99,155.21,65.45,38.06,143.22,125.62,47.41
41.7771,0.0,0.0,0.0,0.0,0.0,0.0,0.0,0.0,18.26,247.06,145.97,70.4,38.06,150.81,130.24,53.02
41.7871,0.0,0.0,0.0,0.0,0.0,0.0,0.0,0.0,18.26,249.04,134.53,75.46,40.26,160.93,134.86,58.63
41.7971,0.0,0.0,0.0,0.0,0.0,0.0,0.0,0.0,15.95,247.06,122.98,80.41,42.35,171.05,139.59,67.32
41.8071,0.0,0.0,0.0,0.0,0.0,0.0,0.0,0.0,15.95,244.97,113.85,88.0,44.44,178.09,144.21,70.18
41.8171,0.0,0.0,0.0,0.0,0.0,0.0,0.0,0.0,15.95,238.92,105.05,92.95,46.53,185.13,148.83,76.01
41.8271,0.0,0.0,0.0,0.0,0.0,0.0,0.0,0.0,15.95,230.78,94.27,95.48,46.53,189.86,151.14,81.84
41.8371,0.0,0.0,0.0,0.0,0.0,0.0,0.0,0.0,13.64,224.62,85.47,100.54,48.73,196.9,153.56,84.81
41.8471,0.0,0.0,0.0,0.0,0.0,0.0,0.0,0.0,13.64,216.26,74.69,102.96,48.73,201.63,158.18,90.53
41.8571,0.0,0.0,0.0,0.0,0.0,0.0,0.0,0.0,13.64,205.81,65.89,108.02,50.82,206.36,160.49,90.53
41.8671,0.0,0.0,0.0,0.0,0.0,0.0,0.0,0.0,13.64,197.45,55.11,110.55,50.82,211.09,162.8,96.36
41.8771,0.0,0.0,0.0,0.0,0.0,0.0,0.0,0.0,13.64,187.0,47.41,115.5,52.91,213.4,165.11,99.33
41.8871,0.0,0.0,0.0,0.0,0.0,0.0,0.0,0.0,13.64,176.55,37.95,118.03,55.11,218.13,167.53,102.19
41.8971,0.0,0.0,0.0,0.0,0.0,0.0,0.0,0.0,13.64,165.99,32.23,122.98,55.11,222.97,172.37,105.16
41.9071,0.0,0.0,0.0,0.0,0.0,0.0,0.0,0.0,13.64,155.1,26.51,125.51,55.11,225.39,174.79,108.02
41.9171,0.0,0.0,0.0,0.0,0.0,0.0,0.0,0.0,11.44,144.21,22.77,127.93,57.53,227.81,177.21,110.99
41.9271,0.0,0.0,0.0,0.0,0.0,0.0,0.0,0.0,13.64,133.32,18.92,132.88,57.53,232.76,182.16,113.52
41.9371,0.0,0.0,0.0,0.0,0.0,0.0,0.0,0.0,11.44,122.54,17.05,132.88,57.53,235.18,184.58,116.05
41.9471,0.0,0.0,0.0,0.0,0.0,0.0,0.0,0.0,11.44,113.85,15.18,137.94,60.06,240.13,187.0,118.58
41.9571,0.0,0.0,0.0,0.0,0.0,0.0,0.0,0.0,11.44,103.18,13.2,140.36,60.06,242.55,191.84,123.64
41.9671,0.0,0.0,0.0,0.0,0.0,0.0,0.0,0.0,11.44,94.71,13.2,142.89,60.06,247.39,194.37,126.17
41.9771,0.0,0.0,0.0,0.0,0.0,0.0,0.0,0.0,9.13,84.04,13.2,145.42,60.06,249.92,199.21,131.23
41.9871,0.0,0.0,0.0,0.0,0.0,0.0,0.0,0.0,9.13,75.57,11.33,150.37,60.06,254.76,201.63,133.76
41.9971,0.0,0.0,0.0,0.0,0.0,0.0,0.0,0.0,9.13,64.9,11.33,152.79,60.06,257.18,206.47,136.29
42.0071,0.0,0.0,0.0,0.0,0.0,0.0,0.0,0.0,9.13,56.43,11.33,155.32,60.06,262.13,211.42,141.35
42.0171,0.0,0.0,0.0,0.0,0.0,0.0,0.0,0.0,9.13,45.98,11.33,157.85,60.06,266.97,213.84,143.88
42.0271,0.0,0.0,0.0,0.0,0.0,0.0,0.0,0.0,6.82,37.62,9.46,160.27,60.06,271.92,218.68,148.94
42.0371,0.0,0.0,0.0,0.0,0.0,0.0,0.0,0.0,6.82,29.26,9.46,160.27,60.06,276.76,221.21,154.0
42.0471,0.0,0.0,0.0,0.0,0.0,0.0,0.0,0.0,6.82,20.9,7.59,160.27,62.59,281.71,225.94,159.06
42.0571,0.0,0.0,0.0,0.0,0.0,0.0,0.0,0.0,6.82,16.72,7.59,160.27,60.06,286.55,230.78,164.12
42.0671,0.0,0.0,0.0,0.0,0.0,0.0,0.0,0.0,4.51,10.45,5.61,157.85,60.06,291.5,235.51,171.71
42.0771,0.0,0.0,0.0,0.0,0.0,0.0,0.0,0.0,4.51,8.36,5.61,152.79,57.53,296.34,240.35,179.19
42.0871,0.0,0.0,0.0,0.0,0.0,0.0,0.0,0.0,0.0,6.27,3.74,145.42,55.11,298.87,245.19,189.31
42.0971,4.07,0.0,0.0,0.0,0.0,0.0,0.0,0.0,0.0,6.27,3.74,140.36,50.82,303.71,249.92,196.79
42.1071,14.41,0.0,0.0,0.0,0.0,0.0,0.0,0.0,0.0,4.18,0.0,132.88,46.53,308.66,254.76,206.8
42.1171,24.75,0.0,0.0,0.0,0.0,0.0,0.0,0.0,0.0,4.18,0.0,125.51,42.35,311.08,262.02,214.39
42.1271,33.11,0.0,0.0,0.0,0.0,0.0,0.0,0.0,0.0,0.0,0.0,118.03,35.97,318.45,264.33,221.87
42.1371,43.45,0.0,0.0,0.0,0.0,0.0,0.0,0.0,0.0,0.0,0.0,110.55,31.79,320.87,266.75,231.55
42.147,51.7,0.0,0.0,0.0,0.0,0.0,0.0,0.0,0.0,0.0,0.0,98.01,27.5,325.82,269.17,238.59
42.157,103.62,0.0,0.0,0.0,0.0,0.0,0.0,0.0,0.0,0.0,0.0,88.0,21.12,328.24,269.17,245.63
42.167,126.28,0.0,0.0,0.0,0.0,0.0,0.0,0.0,0.0,0.0,0.0,75.46,16.94,330.77,269.17,252.67
42.177,180.18,0.0,0.0,0.0,0.0,0.0,0.0,0.0,0.0,0.0,0.0,57.97,12.65,330.77,264.33,257.4
42.187,222.75,39.49,0.0,0.0,0.0,0.0,0.0,0.0,0.0,0.0,0.0,40.26,8.47,328.24,254.76,262.02
42.197,164.01,169.51,11.77,0.0,0.0,0.0,0.0,0.0,0.0,0.0,0.0,22.66,8.47,320.87,242.77,269.06
42.207,55.88,238.04,70.62,37.62,0.0,0.0,0.0,0.0,0.0,0.0,0.0,10.01,8.47,303.71,218.68,273.79
42.217,31.02,265.21,108.57,69.19,8.58,42.35,6.71,9.02,0.0,0.0,0.0,7.48,10.56,264.55,182.16,280.94
42.227,26.84,265.21,128.48,73.48,19.47,62.15,15.73,11.22,0.0,0.0,0.0,7.48,10.56,208.67,139.59,286.0
42.237,24.75,256.85,135.08,75.57,25.96,76.23,29.26,15.73,0.0,0.0,0.0,7.48,12.65,140.8,89.98,288.53
42.247,24.75,254.76,137.28,79.75,30.36,88.0,42.79,18.04,0.0,0.0,0.0,7.48,10.56,89.1,42.35,276.1
42.257,22.77,256.85,141.68,81.95,34.65,95.04,54.12,20.24,0.0,0.0,0.0,7.48,10.56,37.73,26.18,209.33
42.267,22.77,258.94,148.28,84.04,39.05,102.08,63.36,22.55,0.0,0.0,0.0,7.48,10.56,20.13,22.11,141.35
42.277,22.77,263.12,154.88,86.13,41.25,106.7,70.4,24.75,0.0,0.0,0.0,7.48,8.47,17.6,18.15,116.05
42.287,22.77,269.39,157.08,90.42,43.34,113.85,77.55,24.75,0.0,0.0,0.0,4.95,6.27,12.54,14.08,108.02
42.297,22.77,273.57,152.68,94.6,45.54,118.58,84.59,27.06,0.0,0.0,0.0,4.95,4.18,10.01,8.03,84.81
42.307,20.68,275.66,148.28,98.89,47.74,125.73,91.74,29.26,0.0,0.0,0.0,0.0,0.0,4.95,6.05,44.66
42.317,20.68,277.75,141.68,105.27,49.94,132.99,96.47,31.57,0.0,0.0,0.0,0.0,0.0,0.0,0.0,11.11
42.327,20.68,277.75,137.28,109.45,52.03,137.72,103.51,31.57,0.0,0.0,0.0,0.0,0.0,0.0,0.0,0.0
42.337,20.68,273.57,132.88,113.63,54.23,142.56,108.24,33.77,0.0,0.0,0.0,0.0,0.0,0.0,0.0,0.0
42.347,20.68,269.39,128.48,117.81,56.43,147.29,113.08,36.08,0.0,0.0,0.0,0.0,0.0,0.0,0.0,0.0
42.357,20.68,263.12,124.08,119.9,58.63,149.71,117.59,36.08,0.0,0.0,0.0,0.0,0.0,0.0,0.0,0.0
42.367,20.68,254.76,117.48,123.97,60.72,154.55,122.1,36.08,0.0,0.0,0.0,0.0,0.0,0.0,0.0,0.0
42.377,18.59,244.31,113.08,128.15,62.92,156.97,126.61,38.28,0.0,0.0,0.0,0.0,0.0,0.0,0.0,0.0
42.387,18.59,233.86,108.57,130.24,65.01,159.28,128.92,38.28,0.0,0.0,0.0,0.0,0.0,0.0,0.0,0.0
42.397,18.59,223.41,104.06,134.31,67.21,161.7,133.43,40.59,0.0,0.0,0.0,0.0,0.0,0.0,0.0,0.0
42.407,18.59,212.96,97.46,138.49,69.3,166.54,135.74,40.59,0.0,0.0,0.0,0.0,0.0,0.0,0.0,0.0
42.417,18.59,202.62,88.55,140.58,71.5,168.96,140.25,40.59,0.0,0.0,0.0,0.0,0.0,0.0,0.0,0.0
42.427,16.5,194.37,81.84,144.76,71.5,173.47,142.56,42.79,0.0,0.0,0.0,0.0,0.0,0.0,0.0,0.0
42.437,16.5,184.03,72.93,148.83,73.59,178.09,147.07,45.1,0.0,0.0,0.0,0.0,0.0,0.0,0.0,0.0
42.447,16.5,173.69,68.42,153.01,75.79,180.4,151.58,45.1,0.0,0.0,0.0,0.0,0.0,0.0,0.0,0.0
42.457,16.5,165.22,64.02,157.08,77.88,182.71,156.09,47.3,0.0,0.0,0.0,0.0,0.0,0.0,0.0,0.0
42.467,16.5,156.42,57.31,159.17,80.08,187.22,160.71,47.3,0.0,0.0,0.0,0.0,0.0,0.0,0.0,0.0
42.477,16.5,147.62,53.13,163.35,82.17,189.53,165.22,49.61,0.0,0.0,0.0,0.0,0.0,0.0,0.0,0.0
42.487,16.5,138.82,49.17,167.53,84.37,194.15,169.84,51.81,0.0,0.0,0.0,0.0,0.0,0.0,0.0,0.0
42.497,14.41,130.02,45.21,171.71,86.57,198.66,174.46,54.12,0.0,0.0,0.0,0.0,0.0,0.0,0.0,0.0
42.507,14.41,123.42,39.27,173.8,88.66,200.97,181.5,56.32,0.0,0.0,0.0,0.0,0.0,0.0,0.0,0.0
42.517,14.41,114.62,35.42,178.09,90.86,205.59,186.12,58.63,0.0,0.0,0.0,0.0,0.0,0.0,0.0,0.0
42.527,14.41,106.15,29.48,184.47,90.86,210.21,190.74,60.72,0.0,0.0,0.0,0.0,0.0,0.0,0.0,0.0
42.537,14.41,96.25,23.54,188.65,92.95,214.72,195.47,62.92,0.0,0.0,0.0,0.0,0.0,0.0,0.0,0.0
42.547,14.41,84.37,19.58,192.94,92.95,221.65,200.09,65.12,0.0,0.0,0.0,0.0,0.0,0.0,0.0,0.0
42.557,12.32,72.38,15.73,199.32,92.95,226.27,204.71,67.32,0.0,0.0,0.0,0.0,0.0,0.0,0.0,0.0
42.567,12.32,58.52,13.75,203.61,92.95,233.09,209.44,69.41,0.0,0.0,0.0,0.0,0.0,0.0,0.0,0.0
42.577,10.34,45.21,11.77,207.79,92.95,237.71,211.75,71.61,0.0,0.0,0.0,0.0,0.0,0.0,0.0,0.0
42.587,10.34,33.88,9.79,212.08,92.95,244.64,216.37,73.81,0.0,0.0,0.0,0.0,0.0,0.0,0.0,0.0
42.597,10.34,26.29,7.81,212.08,92.95,249.26,220.99,76.01,0.0,0.0,0.0,0.0,0.0,0.0,0.0,0.0
42.607,8.25,16.94,5.83,212.08,92.95,253.88,225.61,80.3,0.0,0.0,0.0,0.0,0.0,0.0,0.0,0.0
42.617,8.25,13.09,5.83,207.79,90.86,258.5,230.23,84.7,0.0,0.0,0.0,0.0,0.0,0.0,0.0,0.0
42.627,6.16,11.22,3.85,201.41,88.66,263.12,234.85,89.1,0.0,0.0,0.0,0.0,0.0,0.0,0.0,0.0
42.637,4.07,9.35,3.85,195.03,86.57,267.74,237.16,93.39,0.0,0.0,0.0,0.0,0.0,0.0,0.0,0.0
42.647,4.07,7.48,3.85,188.65,82.17,272.36,239.47,97.79,0.0,0.0,0.0,0.0,0.0,0.0,0.0,0.0
42.657,4.07,5.61,0.0,180.18,75.79,276.98,241.78,102.08,0.0,0.0,0.0,0.0,0.0,0.0,0.0,0.0
42.667,0.0,5.61,0.0,173.8,71.5,283.69,243.98,106.48,9.13,0.0,0.0,0.0,0.0,0.0,0.0,0.0
42.677,0.0,3.74,0.0,165.44,65.01,288.09,243.98,110.88,13.64,0.0,0.0,0.0,0.0,0.0,0.0,0.0
42.687,0.0,3.74,0.0,159.17,58.63,292.49,243.98,117.59,22.88,0.0,0.0,0.0,0.0,0.0,0.0,0.0
42.697,0.0,3.74,0.0,153.01,54.23,296.89,241.78,122.21,32.01,0.0,0.0,0.0,0.0,0.0,0.0,0.0
42.707,0.0,0.0,0.0,144.76,47.74,303.49,239.47,126.83,45.76,0.0,0.0,0.0,0.0,0.0,0.0,0.0
42.717,0.0,0.0,0.0,136.4,41.25,308.0,237.16,129.03,71.5,0.0,0.0,0.0,0.0,0.0,0.0,0.0
42.727,0.0,0.0,0.0,126.06,32.56,310.2,232.54,133.65,119.02,0.0,0.0,0.0,0.0,0.0,0.0,0.0
42.737,0.0,0.0,0.0,111.65,23.87,312.4,227.92,138.27,130.35,0.0,0.0,0.0,0.0,0.0,0.0,0.0
42.747,0.0,0.0,0.0,96.8,15.18,312.4,220.99,142.78,157.63,0.0,0.0,0.0,0.0,0.0,0.0,0.0
42.757,0.0,0.0,0.0,77.66,10.78,305.8,211.75,147.4,225.17,4.18,3.74,0.0,0.0,0.0,0.0,0.0
42.767,0.0,0.0,0.0,54.34,8.58,296.89,200.09,154.33,225.17,77.66,43.67,0.0,0.0,0.0,0.0,0.0
42.777,0.0,0.0,0.0,27.17,8.58,276.98,183.81,163.46,134.86,172.37,105.05,10.01,0.0,4.95,0.0,0.0
42.787,0.0,0.0,0.0,14.63,8.58,233.09,156.09,179.85,83.38,207.9,152.9,27.72,10.56,30.14,20.13,8.36
42.797,0.0,0.0,0.0,12.54,8.58,168.96,117.59,196.46,73.81,209.99,166.76,32.67,14.74,47.85,36.3,11.11
42.807,0.0,0.0,0.0,10.45,10.78,99.66,75.13,215.49,57.2,205.81,176.11,35.2,21.12,62.7,52.47,13.86
42.817,0.0,0.0,0.0,10.45,8.58,55.11,33.77,217.8,45.76,209.99,178.42,40.26,23.21,79.53,68.42,16.72
42.827,0.0,0.0,0.0,8.36,8.58,23.21,20.24,156.53,36.52,214.17,180.73,42.79,25.41,91.41,85.25,22.33
42.837,0.0,0.0,0.0,8.36,6.49,16.94,15.73,89.1,32.01,218.35,183.04,45.32,29.59,101.09,99.66,27.83
42.847,0.0,0.0,0.0,6.27,6.49,12.65,11.22,56.32,29.7,224.62,185.46,47.85,33.88,108.24,113.96,33.44
42.857,0.0,0.0,0.0,6.27,4.29,8.47,9.02,45.1,27.39,228.69,185.46,50.38,35.97,118.03,123.2,36.19
42.867,0.0,0.0,0.0,4.18,0.0,6.27,4.51,36.08,25.08,230.78,185.46,55.44,38.06,125.62,132.55,39.05
42.877,0.0,0.0,0.0,0.0,0.0,4.18,0.0,15.73,22.88,232.76,183.04,55.44,38.06,130.68,141.9,44.66
42.887,0.0,0.0,0.0,0.0,0.0,0.0,0.0,0.0,20.57,234.85,178.42,57.97,40.26,138.27,146.52,47.41
42.897,0.0,0.0,0.0,0.0,0.0,0.0,0.0,0.0,20.57,234.85,173.69,60.39,42.35,140.8,151.14,50.16
42.907,0.0,0.0,0.0,0.0,0.0,0.0,0.0,0.0,20.57,234.85,166.76,62.92,42.35,145.75,153.56,53.02
42.917,0.0,0.0,0.0,0.0,0.0,0.0,0.0,0.0,18.26,232.76,162.14,65.45,44.44,148.28,155.87,55.77
42.927,0.0,0.0,0.0,0.0,0.0,0.0,0.0,0.0,18.26,228.69,155.21,67.98,44.44,150.81,158.18,58.63
42.937,0.0,0.0,0.0,0.0,0.0,0.0,0.0,0.0,18.26,224.62,148.28,70.4,46.53,153.34,160.49,58.63
42.947,0.0,0.0,0.0,0.0,0.0,0.0,0.0,0.0,15.95,218.35,141.35,70.4,48.73,155.87,162.8,61.49
42.957,0.0,0.0,0.0,0.0,0.0,0.0,0.0,0.0,15.95,212.08,132.22,72.93,48.73,158.4,162.8,64.35
42.967,0.0,0.0,0.0,0.0,0.0,0.0,0.0,0.0,13.64,205.81,125.29,75.46,48.73,160.93,167.53,64.35
42.977,0.0,0.0,0.0,0.0,0.0,0.0,0.0,0.0,13.64,197.45,118.36,77.99,50.82,163.46,167.53,64.35
42.987,0.0,0.0,0.0,0.0,0.0,0.0,0.0,0.0,13.64,191.18,109.45,77.99,50.82,165.99,169.95,67.32
42.997,0.0,0.0,0.0,0.0,0.0,0.0,0.0,0.0,13.64,187.0,102.96,80.41,52.91,171.05,172.37,70.18
43.007,0.0,0.0,0.0,0.0,0.0,0.0,0.0,0.0,13.64,180.73,98.56,82.94,55.11,173.36,174.79,70.18
43.017,0.0,0.0,0.0,0.0,0.0,0.0,0.0,0.0,13.64,174.46,92.07,85.47,55.11,175.67,177.21,73.15
43.027,0.0,0.0,0.0,0.0,0.0,0.0,0.0,0.0,13.64,170.28,85.47,88.0,55.11,178.09,179.63,76.01
43.037,0.0,0.0,0.0,0.0,0.0,0.0,0.0,0.0,11.44,163.79,81.18,90.53,57.53,180.4,184.58,78.98
43.047,0.0,0.0,0.0,0.0,0.0,0.0,0.0,0.0,11.44,159.39,76.78,90.53,57.53,185.13,187.0,81.84
43.057,0.0,0.0,0.0,0.0,0.0,0.0,0.0,0.0,11.44,152.9,72.49,92.95,60.06,187.44,191.84,84.81
43.067,0.0,0.0,0.0,0.0,0.0,0.0,0.0,0.0,11.44,148.61,68.09,95.48,62.59,189.86,196.79,90.53
43.077,0.0,0.0,0.0,0.0,0.0,0.0,0.0,0.0,11.44,142.01,63.8,98.01,62.59,194.59,201.63,93.5
43.087,0.0,0.0,0.0,0.0,0.0,0.0,0.0,0.0,11.44,135.52,59.4,100.54,65.12,196.9,206.47,99.33
43.097,0.0,0.0,0.0,0.0,0.0,0.0,0.0,0.0,11.44,129.03,55.11,102.96,67.65,199.32,211.42,105.16
43.107,0.0,0.0,0.0,0.0,0.0,0.0,0.0,0.0,11.44,122.54,49.39,105.49,70.18,203.94,216.26,108.02
43.117,0.0,0.0,0.0,0.0,0.0,0.0,0.0,0.0,11.44,115.94,43.67,108.02,72.71,208.67,221.21,113.52
43.127,0.0,0.0,0.0,0.0,0.0,0.0,0.0,0.0,11.44,111.65,37.95,113.08,72.71,213.4,225.94,118.58
43.137,0.0,0.0,0.0,0.0,0.0,0.0,0.0,0.0,11.44,105.27,32.23,115.5,75.24,218.13,230.78,123.64
43.147,0.0,0.0,0.0,0.0,0.0,0.0,0.0,0.0,11.44,98.89,26.51,118.03,75.24,222.97,235.51,128.7
43.157,0.0,0.0,0.0,0.0,0.0,0.0,0.0,0.0,11.44,90.42,22.77,122.98,75.24,230.34,240.35,133.76
43.167,0.0,0.0,0.0,0.0,0.0,0.0,0.0,0.0,11.44,79.86,17.05,125.51,77.77,235.18,245.19,138.82
43.177,0.0,0.0,0.0,0.0,0.0,0.0,0.0,0.0,11.44,67.1,15.18,130.46,75.24,240.13,249.92,143.88
43.187,0.0,0.0,0.0,0.0,0.0,0.0,0.0,0.0,9.13,54.34,11.33,132.88,75.24,247.39,252.34,148.94
43.197,0.0,0.0,0.0,0.0,0.0,0.0,0.0,0.0,9.13,39.71,11.33,135.41,75.24,252.34,257.18,154.0
43.207,0.0,0.0,0.0,0.0,0.0,0.0,0.0,0.0,6.82,27.17,9.46,137.94,75.24,262.13,259.6,159.06
43.217,0.0,0.0,0.0,0.0,0.0,0.0,0.0,0.0,6.82,18.81,7.59,137.94,72.71,266.97,264.33,164.12
43.227,0.0,0.0,0.0,0.0,0.0,0.0,0.0,0.0,4.51,10.45,5.61,135.41,70.18,274.34,269.17,174.24
43.237,0.0,0.0,0.0,0.0,0.0,0.0,0.0,0.0,0.0,8.36,5.61,130.46,65.12,279.29,274.01,184.25
43.247,10.34,0.0,0.0,0.0,0.0,0.0,0.0,0.0,0.0,6.27,3.74,122.98,60.06,284.13,276.43,191.73
43.257,26.84,0.0,0.0,0.0,0.0,0.0,0.0,0.0,0.0,6.27,3.74,115.5,52.91,289.08,280.94,201.85
43.267,37.18,0.0,0.0,0.0,0.0,0.0,0.0,0.0,0.0,4.18,0.0,108.02,46.53,293.92,283.25,211.86
43.277,64.46,0.0,0.0,0.0,0.0,0.0,0.0,0.0,0.0,4.18,0.0,98.01,40.26,296.34,285.56,219.34
43.287,92.73,0.0,0.0,0.0,0.0,0.0,0.0,0.0,0.0,0.0,0.0,88.0,33.88,298.87,287.87,229.24
43.297,116.38,0.0,0.0,0.0,0.0,0.0,0.0,0.0,0.0,0.0,0.0,75.46,27.5,301.29,287.87,236.28
43.307,158.07,0.0,0.0,0.0,0.0,0.0,0.0,0.0,0.0,0.0,0.0,62.92,21.12,301.29,287.87,245.63
43.317,218.68,3.74,0.0,0.0,0.0,0.0,0.0,0.0,0.0,0.0,0.0,45.32,14.74,298.87,283.25,250.36
43.327,220.77,90.31,0.0,0.0,0.0,0.0,0.0,0.0,0.0,0.0,0.0,27.72,8.47,293.92,276.43,257.4
43.337,154.11,204.71,7.81,4.18,0.0,0.0,0.0,0.0,0.0,0.0,0.0,15.07,6.27,281.71,262.02,262.02
43.347,92.73,235.95,90.75,45.98,4.29,10.56,0.0,0.0,0.0,0.0,0.0,4.95,8.47,257.18,235.51,266.75
43.357,77.55,252.67,132.88,56.54,17.27,35.97,9.02,6.71,0.0,0.0,0.0,4.95,8.47,218.13,196.79,271.48
43.367,64.46,254.76,141.68,60.72,28.16,57.42,22.55,11.22,0.0,0.0,0.0,4.95,10.56,165.99,144.21,276.1
43.377,53.79,248.49,148.28,62.81,32.56,71.5,38.28,15.73,0.0,0.0,0.0,7.48,10.56,108.24,89.98,276.1
43.387,45.54,248.49,150.48,67.1,39.05,83.27,49.61,18.04,0.0,0.0,0.0,7.48,10.56,65.12,38.28,259.71
43.397,41.36,252.67,152.68,71.28,41.25,95.04,63.36,20.24,0.0,0.0,0.0,7.48,8.47,22.66,24.2,179.19
43.407,39.27,263.12,154.88,75.57,45.54,102.08,72.82,22.55,0.0,0.0,0.0,4.95,8.47,17.6,20.13,118.58
43.417,37.18,271.48,157.08,79.75,47.74,109.12,79.86,22.55,0.0,0.0,0.0,4.95,6.27,12.54,16.06,99.33
43.427,35.09,275.66,157.08,84.04,52.03,118.58,87.01,24.75,0.0,0.0,0.0,4.95,4.18,10.01,10.01,90.53
43.437,35.09,281.93,152.68,88.33,54.23,125.73,94.05,27.06,0.0,0.0,0.0,0.0,0.0,7.48,8.03,64.35
43.447,33.11,286.11,148.28,92.51,56.43,130.57,98.78,27.06,0.0,0.0,0.0,0.0,0.0,4.95,3.96,27.83
43.457,33.11,290.18,143.88,96.8,58.63,135.41,103.51,29.26,0.0,0.0,0.0,0.0,0.0,0.0,0.0,5.5
43.467,31.02,292.27,137.28,100.98,58.63,140.14,108.24,29.26,0.0,0.0,0.0,0.0,0.0,0.0,0.0,0.0
43.477,28.93,288.2,132.88,105.27,60.72,144.98,113.08,31.57,0.0,0.0,0.0,0.0,0.0,0.0,0.0,0.0
43.487,28.93,281.93,130.68,107.36,62.92,149.71,117.59,33.77,0.0,0.0,0.0,0.0,0.0,0.0,0.0,0.0
43.497,26.84,275.66,128.48,109.45,65.01,152.13,122.1,33.77,0.0,0.0,0.0,0.0,0.0,0.0,0.0,0.0
43.507,26.84,265.21,126.28,113.63,67.21,154.55,124.41,33.77,0.0,0.0,0.0,0.0,0.0,0.0,0.0,0.0
43.517,24.75,256.85,121.88,115.72,69.3,156.97,128.92,36.08,0.0,0.0,0.0,0.0,0.0,0.0,0.0,0.0
43.527,24.75,248.49,119.68,117.81,71.5,159.28,131.23,36.08,0.0,0.0,0.0,0.0,0.0,0.0,0.0,0.0
43.537,24.75,240.13,113.08,119.9,71.5,161.7,133.43,38.28,0.0,0.0,0.0,0.0,0.0,0.0,0.0,0.0
43.547,22.77,229.68,104.06,123.97,73.59,164.12,135.74,38.28,0.0,0.0,0.0,0.0,0.0,0.0,0.0,0.0
43.557,22.77,221.32,97.46,128.15,75.79,168.96,137.94,38.28,0.0,0.0,0.0,0.0,0.0,0.0,0.0,0.0
43.567,20.68,210.98,90.75,130.24,77.88,171.16,142.56,40.59,0.0,0.0,0.0,0.0,0.0,0.0,0.0,0.0
43.5769,20.68,198.55,84.04,134.31,80.08,173.47,144.76,40.59,0.0,0.0,0.0,0.0,0.0,0.0,0.0,0.0
43.5869,20.68,188.21,79.53,136.4,80.08,175.78,149.38,42.79,0.0,0.0,0.0,0.0,0.0,0.0,0.0,0.0
43.5969,18.59,179.85,75.13,140.58,82.17,180.4,153.89,42.79,0.0,0.0,0.0,0.0,0.0,0.0,0.0,0.0
43.6069,18.59,171.6,70.62,144.76,84.37,182.71,156.09,45.1,0.0,0.0,0.0,0.0,0.0,0.0,0.0,0.0
43.6169,18.59,163.02,66.22,148.83,86.57,187.22,160.71,47.3,0.0,0.0,0.0,0.0,0.0,0.0,0.0,0.0
43.6269,18.59,154.22,59.51,150.92,88.66,189.53,165.22,47.3,0.0,0.0,0.0,0.0,0.0,0.0,0.0,0.0
43.6369,18.59,145.42,55.11,155.1,90.86,194.15,167.53,49.61,0.0,0.0,0.0,0.0,0.0,0.0,0.0,0.0
43.6469,18.59,138.82,49.17,159.17,92.95,198.66,172.15,51.81,0.0,0.0,0.0,0.0,0.0,0.0,0.0,0.0
43.6569,16.5,130.02,43.23,163.35,95.15,203.28,179.08,54.12,0.0,0.0,0.0,0.0,0.0,0.0,0.0,0.0
43.6669,16.5,121.22,37.29,169.62,97.24,205.59,183.81,56.32,0.0,0.0,0.0,0.0,0.0,0.0,0.0,0.0
43.6769,16.5,114.62,33.44,173.8,99.44,210.21,188.43,58.63,0.0,0.0,0.0,0.0,0.0,0.0,0.0,0.0
43.6869,16.5,106.15,27.5,180.18,99.44,217.03,193.05,60.72,0.0,0.0,0.0,0.0,0.0,0.0,0.0,0.0
43.6969,16.5,98.23,23.54,184.47,101.53,221.65,197.78,62.92,0.0,0.0,0.0,0.0,0.0,0.0,0.0,0.0
43.7069,14.41,88.33,17.71,190.85,101.53,228.47,202.4,65.12,0.0,0.0,0.0,0.0,0.0,0.0,0.0,0.0
43.7169,14.41,76.34,13.75,197.23,101.53,233.09,204.71,67.32,0.0,0.0,0.0,0.0,0.0,0.0,0.0,0.0
43.7269,14.41,62.48,11.77,203.61,101.53,240.02,209.44,69.41,0.0,0.0,0.0,0.0,0.0,0.0,0.0,0.0
43.7369,12.32,48.95,9.79,207.79,101.53,244.64,211.75,73.81,0.0,0.0,0.0,0.0,0.0,0.0,0.0,0.0
43.7469,12.32,35.75,7.81,212.08,101.53,251.57,216.37,76.01,0.0,0.0,0.0,0.0,0.0,0.0,0.0,0.0
43.7569,10.34,26.29,7.81,216.26,101.53,258.5,220.99,78.21,0.0,0.0,0.0,0.0,0.0,0.0,0.0,0.0
43.7669,8.25,16.94,5.83,216.26,101.53,263.12,223.41,80.3,0.0,0.0,0.0,0.0,0.0,0.0,0.0,0.0
43.7769,8.25,13.09,3.85,214.17,97.24,267.74,225.61,84.7,15.95,0.0,0.0,0.0,0.0,0.0,0.0,0.0
43.7869,6.16,11.22,3.85,207.79,92.95,274.67,227.92,91.19,15.95,0.0,0.0,0.0,0.0,0.0,0.0,0.0
43.7969,4.07,7.48,0.0,201.41,86.57,279.29,230.23,95.59,22.88,0.0,0.0,0.0,0.0,0.0,0.0,0.0
43.8069,4.07,7.48,0.0,195.03,80.08,285.89,230.23,99.99,27.39,0.0,0.0,0.0,0.0,0.0,0.0,0.0
43.8169,0.0,5.61,0.0,188.65,73.59,292.49,230.23,104.28,36.52,0.0,0.0,0.0,0.0,0.0,0.0,0.0
43.8269,0.0,3.74,0.0,180.18,65.01,296.89,230.23,110.88,43.45,0.0,0.0,0.0,0.0,0.0,0.0,0.0
43.8369,0.0,3.74,0.0,171.71,56.43,301.29,227.92,115.28,71.5,0.0,0.0,0.0,0.0,0.0,0.0,0.0
43.8469,0.0,3.74,0.0,161.26,47.74,305.8,225.61,119.9,112.09,0.0,0.0,0.0,0.0,0.0,0.0,0.0
43.8569,0.0,0.0,0.0,146.74,39.05,308.0,223.41,126.83,159.94,0.0,0.0,0.0,0.0,0.0,0.0,0.0
43.8669,0.0,0.0,0.0,130.24,30.36,308.0,218.68,131.34,201.74,18.81,15.18,0.0,0.0,0.0,0.0,0.0
43.8769,0.0,0.0,0.0,109.45,19.47,305.8,216.37,138.27,114.51,86.13,74.69,0.0,0.0,0.0,0.0,0.0
43.8869,0.0,0.0,0.0,84.04,12.98,299.09,211.75,145.09,76.23,142.01,102.96,17.6,12.65,12.54,18.15,0.0
43.8969,0.0,0.0,0.0,54.34,8.58,285.89,200.09,154.33,69.08,157.3,116.05,20.13,19.03,22.66,32.23,5.5
43.9069,0.0,0.0,0.0,22.99,8.58,258.5,174.46,165.77,57.2,159.39,127.6,22.66,21.12,35.2,46.42,8.36
43.9169,0.0,0.0,0.0,14.63,8.58,203.28,140.25,182.16,45.76,170.28,129.91,27.72,25.41,50.38,56.54,8.36
43.9269,0.0,0.0,0.0,10.45,8.58,125.73,96.47,198.88,34.32,176.55,129.91,30.14,27.5,62.7,68.42,13.86
43.9369,0.0,0.0,0.0,10.45,8.58,71.5,51.81,208.34,29.7,182.82,132.22,32.67,29.59,74.69,82.83,16.72
43.9469,0.0,0.0,0.0,8.36,8.58,31.79,20.24,182.16,27.39,191.18,139.15,37.73,33.88,81.84,94.82,19.47
43.9569,0.0,0.0,0.0,8.36,6.49,16.94,18.04,108.68,25.08,197.45,141.35,40.26,35.97,91.41,106.81,22.33
43.9669,0.0,0.0,0.0,6.27,6.49,12.65,13.53,65.12,22.88,203.72,145.97,42.79,38.06,101.09,118.58,27.83
43.9769,0.0,0.0,0.0,6.27,4.29,10.56,9.02,45.1,20.57,207.9,145.97,45.32,40.26,108.24,127.93,33.44
43.9869,0.0,0.0,0.0,4.18,0.0,6.27,6.71,38.28,20.57,212.08,145.97,50.38,42.35,118.03,137.17,36.19
43.9969,0.0,0.0,0.0,4.18,0.0,4.18,4.51,24.75,18.26,214.17,143.66,52.91,44.44,125.62,148.83,39.05
44.0069,0.0,0.0,0.0,0.0,0.0,0.0,0.0,4.51,18.26,214.17,141.35,55.44,48.73,133.21,155.87,44.66
44.0169,0.0,0.0,0.0,0.0,0.0,0.0,0.0,0.0,15.95,214.17,139.15,57.97,48.73,138.27,165.11,50.16
44.0269,0.0,0.0,0.0,0.0,0.0,0.0,0.0,0.0,15.95,212.08,136.84,62.92,50.82,145.75,172.37,53.02
44.0369,0.0,0.0,0.0,0.0,0.0,0.0,0.0,0.0,15.95,209.99,129.91,65.45,55.11,150.81,179.63,58.63
44.0469,0.0,0.0,0.0,0.0,0.0,0.0,0.0,0.0,15.95,205.81,125.29,67.98,57.53,155.87,184.58,64.35
44.0569,0.0,0.0,0.0,0.0,0.0,0.0,0.0,0.0,13.64,199.54,118.36,70.4,57.53,160.93,191.84,70.18
44.0669,0.0,0.0,0.0,0.0,0.0,0.0,0.0,0.0,13.64,193.27,113.85,72.93,60.06,165.99,196.79,76.01
44.0769,0.0,0.0,0.0,0.0,0.0,0.0,0.0,0.0,13.64,184.91,107.25,75.46,62.59,171.05,201.63,81.84
44.0869,0.0,0.0,0.0,0.0,0.0,0.0,0.0,0.0,13.64,178.64,100.76,77.99,65.12,173.36,206.47,84.81
44.0969,0.0,0.0,0.0,0.0,0.0,0.0,0.0,0.0,13.64,172.37,96.36,77.99,67.65,175.67,211.42,87.67
44.1069,0.0,0.0,0.0,0.0,0.0,0.0,0.0,0.0,13.64,163.79,89.87,80.41,67.65,178.09,216.26,93.5
44.1169,0.0,0.0,0.0,0.0,0.0,0.0,0.0,0.0,13.64,157.3,85.47,80.41,72.71,180.4,221.21,96.36
44.1269,0.0,0.0,0.0,0.0,0.0,0.0,0.0,0.0,11.44,150.7,81.18,82.94,72.71,182.82,225.94,99.33
44.1369,0.0,0.0,0.0,0.0,0.0,0.0,0.0,0.0,11.44,144.21,74.69,85.47,75.24,185.13,230.78,102.19
44.1469,0.0,0.0,0.0,0.0,0.0,0.0,0.0,0.0,11.44,137.72,68.09,88.0,77.77,187.44,233.2,108.02
44.1569,0.0,0.0,0.0,0.0,0.0,0.0,0.0,0.0,11.44,129.03,61.6,88.0,77.77,192.17,237.93,110.99
44.1669,0.0,0.0,0.0,0.0,0.0,0.0,0.0,0.0,11.44,122.54,55.11,90.53,80.3,194.59,240.35,113.52
44.1769,0.0,0.0,0.0,0.0,0.0,0.0,0.0,0.0,11.44,113.85,49.39,92.95,80.3,196.9,245.19,116.05
44.1869,0.0,0.0,0.0,0.0,0.0,0.0,0.0,0.0,11.44,105.27,43.67,95.48,82.83,201.63,249.92,118.58
44.1969,0.0,0.0,0.0,0.0,0.0,0.0,0.0,0.0,11.44,96.8,37.95,95.48,85.25,203.94,254.76,123.64
44.2069,0.0,0.0,0.0,0.0,0.0,0.0,0.0,0.0,11.44,88.33,34.1,100.54,85.25,208.67,259.6,128.7
44.2169,0.0,0.0,0.0,0.0,0.0,0.0,0.0,0.0,11.44,79.86,28.49,102.96,87.78,213.4,264.33,131.23
44.2269,0.0,0.0,0.0,0.0,0.0,0.0,0.0,0.0,11.44,69.19,22.77,105.49,87.78,218.13,269.17,136.29
44.2369,0.0,0.0,0.0,0.0,0.0,0.0,0.0,0.0,11.44,58.63,18.92,108.02,87.78,222.97,274.01,141.35
44.2469,0.0,0.0,0.0,0.0,0.0,0.0,0.0,0.0,9.13,45.98,15.18,110.55,87.78,227.81,278.63,143.88
44.2569,0.0,0.0,0.0,0.0,0.0,0.0,0.0,0.0,9.13,33.44,13.2,113.08,87.78,235.18,283.25,148.94
44.2669,0.0,0.0,0.0,0.0,0.0,0.0,0.0,0.0,9.13,22.99,11.33,115.5,87.78,242.55,287.87,156.53
44.2769,0.0,0.0,0.0,0.0,0.0,0.0,0.0,0.0,6.82,14.63,9.46,115.5,85.25,247.39,292.49,164.12
44.2869,0.0,0.0,0.0,0.0,0.0,0.0,0.0,0.0,4.51,10.45,7.59,113.08,82.83,252.34,299.31,171.71
44.2969,0.0,0.0,0.0,0.0,0.0,0.0,0.0,0.0,4.51,8.36,5.61,108.02,80.3,257.18,303.93,181.72
44.3069,16.5,0.0,0.0,0.0,0.0,0.0,0.0,0.0,0.0,6.27,5.61,100.54,75.24,262.13,308.55,191.73
44.3169,22.77,0.0,0.0,0.0,0.0,0.0,0.0,0.0,0.0,4.18,3.74,95.48,67.65,264.55,313.17,199.32
44.3269,28.93,0.0,0.0,0.0,0.0,0.0,0.0,0.0,0.0,4.18,3.74,88.0,62.59,266.97,315.37,209.33
44.3369,35.09,0.0,0.0,0.0,0.0,0.0,0.0,0.0,0.0,4.18,0.0,80.41,55.11,269.5,319.99,216.81
44.3469,43.45,0.0,0.0,0.0,0.0,0.0,0.0,0.0,0.0,0.0,0.0,70.4,46.53,269.5,322.3,226.93
44.3569,60.06,0.0,0.0,0.0,0.0,0.0,0.0,0.0,0.0,0.0,0.0,60.39,40.26,271.92,322.3,233.86
44.3669,116.38,0.0,0.0,0.0,0.0,0.0,0.0,0.0,0.0,0.0,0.0,47.85,31.79,271.92,324.61,243.32
44.3769,148.17,0.0,0.0,0.0,0.0,0.0,0.0,0.0,0.0,0.0,0.0,35.2,25.41,271.92,322.3,250.36
44.3869,222.75,0.0,0.0,0.0,0.0,0.0,0.0,0.0,0.0,0.0,0.0,20.13,16.94,266.97,319.99,254.98
44.3969,212.63,106.15,0.0,0.0,0.0,0.0,0.0,0.0,0.0,0.0,0.0,7.48,8.47,252.34,310.86,262.02
44.4069,142.23,235.95,9.79,4.18,0.0,0.0,0.0,0.0,0.0,0.0,0.0,0.0,6.27,227.81,294.8,266.75
44.4169,75.35,277.75,99.66,52.25,0.0,25.41,4.51,0.0,0.0,0.0,0.0,0.0,6.27,192.17,266.75,271.48
44.4269,64.46,298.43,139.48,60.72,12.98,52.91,9.02,9.02,0.0,0.0,0.0,0.0,8.47,148.28,221.21,273.79
44.4369,51.7,296.45,148.28,67.1,23.87,76.23,22.55,13.53,0.0,0.0,0.0,0.0,8.47,103.4,160.49,276.1
44.4469,41.36,290.18,148.28,73.48,28.16,90.31,33.77,15.73,0.0,0.0,0.0,0.0,8.47,69.85,97.24,273.79
44.4569,37.18,294.36,148.28,77.66,30.36,104.39,42.79,18.04,0.0,0.0,0.0,4.95,8.47,30.14,36.3,252.67
44.4669,33.11,304.7,143.88,84.04,32.56,113.85,49.61,20.24,0.0,0.0,0.0,0.0,6.27,17.6,20.13,161.59
44.4769,33.11,315.04,139.48,88.33,34.65,121.0,54.12,22.55,0.0,0.0,0.0,0.0,6.27,12.54,18.15,113.52
44.4869,31.02,323.29,135.08,94.6,34.65,125.73,56.32,22.55,0.0,0.0,0.0,0.0,4.18,10.01,14.08,99.33
44.4969,28.93,329.45,128.48,98.89,36.85,130.57,60.94,22.55,0.0,0.0,0.0,0.0,4.18,7.48,10.01,87.67
44.5069,28.93,333.63,119.68,105.27,36.85,135.41,63.36,24.75,0.0,0.0,0.0,0.0,0.0,4.95,6.05,53.02
44.5169,26.84,338.03,108.57,111.65,36.85,140.14,65.67,24.75,0.0,0.0,0.0,0.0,0.0,0.0,3.96,19.47
44.5269,26.84,340.34,99.66,115.72,39.05,144.98,68.09,24.75,0.0,0.0,0.0,0.0,0.0,0.0,0.0,5.5
44.5369,26.84,338.03,90.75,119.9,41.25,149.71,70.4,27.06,0.0,0.0,0.0,0.0,0.0,0.0,0.0,0.0
44.5469,24.75,331.54,84.04,126.06,43.34,154.55,72.82,27.06,0.0,0.0,0.0,0.0,0.0,0.0,0.0,0.0
44.5569,24.75,321.2,79.53,130.24,43.34,156.97,77.55,27.06,0.0,0.0,0.0,0.0,0.0,0.0,0.0,0.0
44.5669,22.77,310.86,75.13,134.31,45.54,161.7,79.86,29.26,0.0,0.0,0.0,0.0,0.0,0.0,0.0,0.0
44.5769,22.77,298.43,70.62,136.4,47.74,164.12,84.59,29.26,0.0,0.0,0.0,0.0,0.0,0.0,0.0,0.0
44.5869,20.68,288.2,66.22,140.58,49.94,166.54,87.01,29.26,0.0,0.0,0.0,0.0,0.0,0.0,0.0,0.0
44.5969,22.77,277.75,61.71,144.76,52.03,171.16,89.32,31.57,0.0,0.0,0.0,0.0,0.0,0.0,0.0,0.0
44.6069,20.68,267.3,55.11,148.83,54.23,173.47,91.74,31.57,0.0,0.0,0.0,0.0,0.0,0.0,0.0,0.0
44.6169,20.68,256.85,49.17,153.01,54.23,178.09,94.05,33.77,0.0,0.0,0.0,0.0,0.0,0.0,0.0,0.0
44.6269,20.68,246.4,45.21,157.08,56.43,180.4,96.47,33.77,0.0,0.0,0.0,0.0,0.0,0.0,0.0,0.0
44.6369,20.68,235.95,41.25,161.26,58.63,182.71,101.2,33.77,0.0,0.0,0.0,0.0,0.0,0.0,0.0,0.0
44.6469,18.59,225.5,39.27,165.44,60.72,187.22,105.93,36.08,0.0,0.0,0.0,0.0,0.0,0.0,0.0,0.0
44.6569,18.59,217.14,37.29,169.62,62.92,189.53,108.24,36.08,0.0,0.0,0.0,0.0,0.0,0.0,0.0,0.0
44.6669,18.59,208.89,35.42,173.8,65.01,194.15,113.08,36.08,0.0,0.0,0.0,0.0,0.0,0.0,0.0,0.0
44.6769,18.59,200.64,33.44,178.09,65.01,196.46,115.28,38.28,0.0,0.0,0.0,0.0,0.0,0.0,0.0,0.0
44.6869,18.59,192.28,31.46,180.18,67.21,200.97,119.79,38.28,0.0,0.0,0.0,0.0,0.0,0.0,0.0,0.0
44.6969,18.59,184.03,29.48,186.56,69.3,203.28,124.41,40.59,0.0,0.0,0.0,0.0,0.0,0.0,0.0,0.0
44.7069,18.59,177.87,27.5,190.85,71.5,207.9,128.92,40.59,0.0,0.0,0.0,0.0,0.0,0.0,0.0,0.0
44.7169,16.5,169.51,23.54,197.23,73.59,214.72,133.43,42.79,0.0,0.0,0.0,0.0,0.0,0.0,0.0,0.0
44.7269,16.5,158.62,21.56,201.41,73.59,219.34,137.94,45.1,0.0,0.0,0.0,0.0,0.0,0.0,0.0,0.0
44.7369,16.5,149.82,17.71,207.79,75.79,223.96,142.56,45.1,0.0,0.0,0.0,0.0,0.0,0.0,0.0,0.0
44.7469,16.5,138.82,13.75,214.17,77.88,230.78,147.07,47.3,0.0,0.0,0.0,0.0,0.0,0.0,0.0,0.0
44.7569,14.41,127.82,11.77,220.55,77.88,235.4,149.38,49.61,0.0,0.0,0.0,0.0,0.0,0.0,0.0,0.0
44.7669,14.41,114.62,9.79,228.58,77.88,242.33,153.89,51.81,0.0,0.0,0.0,0.0,0.0,0.0,0.0,0.0
44.7769,14.41,102.19,9.79,234.3,80.08,246.95,158.4,54.12,0.0,0.0,0.0,0.0,0.0,0.0,0.0,0.0
44.7869,12.32,88.33,7.81,240.02,80.08,253.88,160.71,56.32,0.0,0.0,0.0,0.0,0.0,0.0,0.0,0.0
44.7969,12.32,74.36,7.81,245.85,77.88,258.5,165.22,58.63,0.0,0.0,0.0,0.0,0.0,0.0,0.0,0.0
44.8069,12.32,60.5,7.81,249.59,77.88,265.43,167.53,58.63,0.0,0.0,0.0,0.0,0.0,0.0,0.0,0.0
44.8169,10.34,47.08,5.83,251.57,77.88,270.05,169.84,60.72,0.0,0.0,0.0,0.0,0.0,0.0,0.0,0.0
44.8269,10.34,33.88,5.83,253.44,77.88,274.67,174.46,62.92,0.0,0.0,0.0,0.0,0.0,0.0,0.0,0.0
44.8369,8.25,24.42,5.83,253.44,80.08,279.29,176.77,65.12,0.0,0.0,0.0,0.0,0.0,0.0,0.0,0.0
44.8469,8.25,15.07,3.85,249.59,77.88,283.69,181.5,67.32,0.0,0.0,0.0,0.0,0.0,0.0,0.0,0.0
44.8569,6.16,13.09,3.85,242.0,75.79,288.09,183.81,69.41,13.64,0.0,0.0,0.0,0.0,0.0,0.0,0.0
44.8669,4.07,11.22,0.0,232.43,71.5,292.49,186.12,71.61,18.26,0.0,0.0,0.0,0.0,0.0,0.0,0.0
44.8769,4.07,7.48,0.0,222.64,67.21,294.69,188.43,76.01,22.88,0.0,0.0,0.0,0.0,0.0,0.0,0.0
44.8869,0.0,7.48,0.0,209.88,60.72,299.09,190.74,80.3,32.01,0.0,0.0,0.0,0.0,0.0,0.0,0.0
44.8969,0.0,5.61,0.0,197.23,54.23,301.29,190.74,84.7,41.14,0.0,0.0,0.0,0.0,0.0,0.0,0.0
44.9069,0.0,3.74,0.0,186.56,47.74,305.8,190.74,89.1,73.81,0.0,0.0,0.0,0.0,0.0,0.0,0.0
44.9169,0.0,3.74,0.0,171.71,41.25,310.2,190.74,95.59,143.99,0.0,0.0,0.0,0.0,0.0,0.0,0.0
44.9269,0.0,3.74,0.0,157.08,32.56,312.4,190.74,102.08,187.77,31.35,28.49,0.0,0.0,0.0,0.0,0.0
44.9369,0.0,0.0,0.0,134.31,23.87,312.4,193.05,110.88,81.07,94.71,102.96,12.54,21.12,10.01,24.2,5.5
44.9469,0.0,0.0,0.0,109.45,15.18,308.0,190.74,119.9,54.89,137.72,141.35,20.13,19.03,32.67,38.28,11.11
44.9569,0.0,0.0,0.0,77.66,8.58,299.09,181.5,129.03,47.96,135.52,155.21,20.13,25.41,42.79,58.85,13.86
44.9669,0.0,0.0,0.0,39.71,8.58,276.98,162.91,140.58,34.32,129.03,159.83,22.66,29.59,60.28,80.41,19.47
44.9769,0.0,0.0,0.0,16.72,8.58,228.47,128.92,158.84,25.08,126.83,155.21,27.72,33.88,74.69,101.97,25.08
44.9869,0.0,0.0,0.0,12.54,8.58,149.71,84.59,175.12,20.57,124.63,155.21,30.14,40.26,89.1,123.2,33.44
44.9969,0.0,0.0,0.0,12.54,8.58,80.85,40.59,187.0,18.26,129.03,157.52,32.67,44.44,101.09,141.9,41.8
45.0068,0.0,0.0,0.0,10.45,6.49,38.06,18.04,158.84,15.95,133.32,162.14,35.2,46.53,110.66,158.18,50.16
45.0168,0.0,0.0,0.0,8.36,6.49,16.94,13.53,95.59,15.95,135.52,166.76,40.26,50.82,118.03,169.95,64.35
45.0268,0.0,0.0,0.0,8.36,4.29,12.65,11.22,60.72,15.95,139.92,169.07,42.79,52.91,125.62,179.63,76.01
45.0368,0.0,0.0,0.0,6.27,4.29,8.47,6.71,42.79,13.64,144.21,166.76,45.32,55.11,133.21,187.0,87.67
45.0468,0.0,0.0,0.0,4.18,0.0,6.27,4.51,33.77,13.64,148.61,162.14,47.85,57.53,140.8,191.84,93.5
45.0568,0.0,0.0,0.0,4.18,0.0,4.18,0.0,20.24,13.64,152.9,157.52,52.91,57.53,145.75,196.79,99.33
45.0668,0.0,0.0,0.0,0.0,0.0,0.0,0.0,0.0,13.64,157.3,150.59,55.44,60.06,150.81,199.21,105.16
45.0768,0.0,0.0,0.0,0.0,0.0,0.0,0.0,0.0,13.64,157.3,145.97,57.97,62.59,155.87,204.05,108.02
45.0868,0.0,0.0,0.0,0.0,0.0,0.0,0.0,0.0,13.64,157.3,139.15,62.92,65.12,158.4,206.47,113.52
45.0968,0.0,0.0,0.0,0.0,0.0,0.0,0.0,0.0,13.64,155.1,132.22,62.92,67.65,163.46,211.42,116.05
45.1068,0.0,0.0,0.0,0.0,0.0,0.0,0.0,0.0,13.64,150.7,125.29,65.45,67.65,168.52,213.84,118.58
45.1168,0.0,0.0,0.0,0.0,0.0,0.0,0.0,0.0,13.64,146.41,118.36,67.98,70.18,171.05,218.68,121.11
45.1268,0.0,0.0,0.0,0.0,0.0,0.0,0.0,0.0,11.44,142.01,113.85,70.4,70.18,175.67,221.21,126.17
45.1368,0.0,0.0,0.0,0.0,0.0,0.0,0.0,0.0,11.44,137.72,107.25,70.4,72.71,178.09,223.52,126.17
45.1468,0.0,0.0,0.0,0.0,0.0,0.0,0.0,0.0,11.44,133.32,102.96,72.93,72.71,180.4,225.94,128.7
45.1568,0.0,0.0,0.0,0.0,0.0,0.0,0.0,0.0,11.44,131.23,98.56,75.46,75.24,180.4,225.94,131.23
45.1668,0.0,0.0,0.0,0.0,0.0,0.0,0.0,0.0,11.44,126.83,94.27,75.46,75.24,182.82,228.36,131.23
45.1768,0.0,0.0,0.0,0.0,0.0,0.0,0.0,0.0,11.44,124.63,92.07,77.99,75.24,185.13,228.36,131.23
45.1868,0.0,0.0,0.0,0.0,0.0,0.0,0.0,0.0,11.44,122.54,87.67,77.99,75.24,185.13,228.36,131.23
45.1968,0.0,0.0,0.0,0.0,0.0,0.0,0.0,0.0,11.44,120.34,83.38,77.99,77.77,185.13,230.78,131.23
45.2068,0.0,0.0,0.0,0.0,0.0,0.0,0.0,0.0,11.44,115.94,81.18,77.99,77.77,185.13,230.78,131.23
45.2168,0.0,0.0,0.0,0.0,0.0,0.0,0.0,0.0,11.44,113.85,76.78,80.41,77.77,187.44,233.2,131.23
45.2268,0.0,0.0,0.0,0.0,0.0,0.0,0.0,0.0,11.44,109.56,74.69,80.41,80.3,189.86,235.51,133.76
45.2368,0.0,0.0,0.0,0.0,0.0,0.0,0.0,0.0,11.44,105.27,72.49,82.94,82.83,189.86,237.93,133.76
45.2468,0.0,0.0,0.0,0.0,0.0,0.0,0.0,0.0,11.44,101.09,68.09,82.94,82.83,192.17,240.35,136.29
45.2568,0.0,0.0,0.0,0.0,0.0,0.0,0.0,0.0,11.44,98.89,65.89,85.47,82.83,194.59,245.19,138.82
45.2668,0.0,0.0,0.0,0.0,0.0,0.0,0.0,0.0,11.44,94.71,59.4,85.47,85.25,196.9,247.61,141.35
45.2768,0.0,0.0,0.0,0.0,0.0,0.0,0.0,0.0,11.44,90.42,55.11,88.0,85.25,199.32,249.92,143.88
45.2868,0.0,0.0,0.0,0.0,0.0,0.0,0.0,0.0,11.44,86.13,49.39,90.53,85.25,203.94,252.34,148.94
45.2968,0.0,0.0,0.0,0.0,0.0,0.0,0.0,0.0,11.44,81.95,43.67,92.95,87.78,208.67,257.18,151.47
45.3068,0.0,0.0,0.0,0.0,0.0,0.0,0.0,0.0,11.44,75.57,37.95,95.48,87.78,211.09,257.18,156.53
45.3168,0.0,0.0,0.0,0.0,0.0,0.0,0.0,0.0,11.44,69.19,34.1,98.01,87.78,215.82,262.02,159.06
45.3268,0.0,0.0,0.0,0.0,0.0,0.0,0.0,0.0,9.13,60.72,28.49,100.54,90.31,220.55,266.75,164.12
45.3368,0.0,0.0,0.0,0.0,0.0,0.0,0.0,0.0,9.13,52.25,22.77,102.96,90.31,225.39,269.17,169.18
45.3468,0.0,0.0,0.0,0.0,0.0,0.0,0.0,0.0,9.13,43.89,18.92,108.02,90.31,230.34,271.59,171.71
45.3568,0.0,0.0,0.0,0.0,0.0,0.0,0.0,0.0,9.13,31.35,17.05,110.55,87.78,235.18,276.43,176.77
45.3668,0.0,0.0,0.0,0.0,0.0,0.0,0.0,0.0,9.13,20.9,13.2,113.08,85.25,242.55,278.63,181.72
45.3768,12.32,0.0,0.0,0.0,0.0,0.0,0.0,0.0,6.82,14.63,11.33,113.08,85.25,247.39,280.94,189.31
45.3868,20.68,0.0,0.0,0.0,0.0,0.0,0.0,0.0,4.51,10.45,9.46,110.55,82.83,254.76,283.25,196.79
45.3968,26.84,0.0,0.0,0.0,0.0,0.0,0.0,0.0,4.51,6.27,5.61,108.02,77.77,257.18,285.56,204.27
45.4068,28.93,0.0,0.0,0.0,0.0,0.0,0.0,0.0,0.0,4.18,5.61,102.96,70.18,262.13,290.18,211.86
45.4168,45.54,0.0,0.0,0.0,0.0,0.0,0.0,0.0,0.0,4.18,3.74,98.01,65.12,266.97,290.18,219.34
45.4268,86.24,0.0,0.0,0.0,0.0,0.0,0.0,0.0,0.0,0.0,3.74,92.95,57.53,269.5,292.49,226.93
45.4368,136.18,0.0,0.0,0.0,0.0,0.0,0.0,0.0,0.0,0.0,3.74,85.47,48.73,271.92,290.18,231.55
45.4468,142.23,58.52,0.0,0.0,0.0,0.0,0.0,0.0,0.0,0.0,0.0,75.46,42.35,271.92,287.87,236.28
45.4568,64.46,147.62,0.0,4.18,0.0,0.0,0.0,0.0,0.0,0.0,0.0,65.45,33.88,271.92,283.25,240.9
45.4668,39.27,188.21,3.85,45.98,0.0,8.47,0.0,0.0,0.0,0.0,0.0,52.91,27.5,269.5,278.63,245.63
45.4768,60.06,221.32,25.52,60.72,10.78,40.26,6.71,4.51,0.0,0.0,0.0,37.73,19.03,264.55,266.75,247.94
45.4868,62.26,206.8,68.42,60.72,23.87,57.42,13.53,9.02,0.0,0.0,0.0,17.6,10.56,252.34,249.92,250.36
45.4968,47.52,215.05,75.13,69.19,30.36,80.85,27.06,13.53,0.0,0.0,0.0,4.95,6.27,230.34,218.68,257.4
45.5068,39.27,217.14,81.84,75.57,34.65,97.35,42.79,15.73,0.0,0.0,0.0,0.0,6.27,189.86,174.79,252.67
45.5168,35.09,223.41,81.84,81.95,39.05,106.7,51.81,18.04,0.0,0.0,0.0,0.0,6.27,135.74,120.89,252.67
45.5268,31.02,235.95,75.13,88.33,41.25,118.58,60.94,22.55,0.0,0.0,0.0,4.95,8.47,86.68,68.42,247.94
45.5368,28.93,242.22,77.33,94.6,43.34,128.15,70.4,22.55,0.0,0.0,0.0,4.95,8.47,47.85,28.27,214.39
45.5468,26.84,248.49,77.33,103.07,45.54,137.72,77.55,24.75,0.0,0.0,0.0,0.0,6.27,17.6,18.15,136.29
45.5568,26.84,258.94,72.93,109.45,47.74,144.98,82.28,27.06,0.0,0.0,0.0,0.0,6.27,10.01,14.08,87.67
45.5668,24.75,267.3,68.42,117.81,49.94,154.55,89.32,29.26,0.0,0.0,0.0,0.0,4.18,7.48,10.01,73.15
45.5768,24.75,273.57,64.02,126.06,52.03,164.12,94.05,31.57,0.0,0.0,0.0,0.0,4.18,4.95,8.03,67.32
45.5868,22.77,277.75,55.11,134.31,54.23,171.16,98.78,33.77,0.0,0.0,0.0,0.0,0.0,0.0,3.96,47.41
45.5968,22.77,277.75,49.17,140.58,56.43,178.09,103.51,36.08,0.0,0.0,0.0,0.0,0.0,0.0,0.0,16.72
45.6068,20.68,273.57,45.21,146.74,58.63,184.91,108.24,36.08,0.0,0.0,0.0,0.0,0.0,0.0,0.0,0.0
45.6168,20.68,269.39,43.23,150.92,60.72,189.53,113.08,38.28,0.0,0.0,0.0,0.0,0.0,0.0,0.0,0.0
45.6268,20.68,265.21,41.25,155.1,62.92,191.84,117.59,40.59,0.0,0.0,0.0,0.0,0.0,0.0,0.0,0.0
45.6368,20.68,258.94,41.25,159.17,62.92,196.46,122.1,40.59,0.0,0.0,0.0,0.0,0.0,0.0,0.0,0.0
45.6468,20.68,252.67,39.27,163.35,65.01,198.66,124.41,42.79,0.0,0.0,0.0,0.0,0.0,0.0,0.0,0.0
45.6568,20.68,246.4,37.29,165.44,67.21,200.97,126.61,42.79,0.0,0.0,0.0,0.0,0.0,0.0,0.0,0.0
45.6668,18.59,238.04,33.44,167.53,67.21,203.28,128.92,45.1,0.0,0.0,0.0,0.0,0.0,0.0,0.0,0.0
45.6768,18.59,229.68,31.46,169.62,69.3,203.28,131.23,45.1,0.0,0.0,0.0,0.0,0.0,0.0,0.0,0.0
45.6868,18.59,223.41,31.46,169.62,69.3,205.59,133.43,45.1,0.0,0.0,0.0,0.0,0.0,0.0,0.0,0.0
45.6968,18.59,217.14,29.48,171.71,71.5,205.59,133.43,47.3,0.0,0.0,0.0,0.0,0.0,0.0,0.0,0.0
45.7068,18.59,208.89,27.5,173.8,71.5,207.9,135.74,47.3,0.0,0.0,0.0,0.0,0.0,0.0,0.0,0.0
45.7168,18.59,200.64,25.52,176.0,73.59,207.9,135.74,47.3,0.0,0.0,0.0,0.0,0.0,0.0,0.0,0.0
45.7268,16.5,192.28,21.56,178.09,73.59,210.21,137.94,47.3,0.0,0.0,0.0,0.0,0.0,0.0,0.0,0.0
45.7368,16.5,184.03,19.58,182.38,73.59,212.41,140.25,47.3,0.0,0.0,0.0,0.0,0.0,0.0,0.0,0.0
45.7468,16.5,177.87,17.71,184.47,75.79,212.41,142.56,49.61,0.0,0.0,0.0,0.0,0.0,0.0,0.0,0.0
45.7568,16.5,169.51,15.73,186.56,75.79,214.72,144.76,49.61,0.0,0.0,0.0,0.0,0.0,0.0,0.0,0.0
45.7668,16.5,163.02,15.73,188.65,77.88,217.03,147.07,51.81,0.0,0.0,0.0,0.0,0.0,0.0,0.0,0.0
45.7768,16.5,154.22,13.75,190.85,77.88,219.34,149.38,51.81,0.0,0.0,0.0,0.0,0.0,0.0,0.0,0.0
45.7868,16.5,145.42,11.77,195.03,80.08,223.96,151.58,54.12,0.0,0.0,0.0,0.0,0.0,0.0,0.0,0.0
45.7968,14.41,136.62,11.77,199.32,80.08,226.27,153.89,54.12,0.0,0.0,0.0,0.0,0.0,0.0,0.0,0.0
45.8068,14.41,127.82,9.79,201.41,82.17,228.47,158.4,56.32,0.0,0.0,0.0,0.0,0.0,0.0,0.0,0.0
45.8168,14.41,116.82,9.79,205.7,82.17,233.09,160.71,56.32,0.0,0.0,0.0,0.0,0.0,0.0,0.0,0.0
45.8268,14.41,108.13,7.81,209.88,82.17,235.4,162.91,58.63,0.0,0.0,0.0,0.0,0.0,0.0,0.0,0.0
45.8368,14.41,100.21,7.81,214.17,84.37,240.02,165.22,60.72,0.0,0.0,0.0,0.0,0.0,0.0,0.0,0.0
45.8468,12.32,92.29,7.81,218.46,84.37,244.64,169.84,60.72,0.0,0.0,0.0,0.0,0.0,0.0,0.0,0.0
45.8568,12.32,82.28,7.81,222.64,84.37,249.26,172.15,62.92,0.0,0.0,0.0,0.0,0.0,0.0,0.0,0.0
45.8668,12.32,72.38,5.83,224.84,84.37,251.57,176.77,65.12,0.0,0.0,0.0,0.0,0.0,0.0,0.0,0.0
45.8768,12.32,62.48,5.83,226.71,86.57,256.19,179.08,67.32,0.0,0.0,0.0,0.0,0.0,0.0,0.0,0.0
45.8868,12.32,52.69,5.83,228.58,86.57,258.5,183.81,69.41,0.0,0.0,0.0,0.0,0.0,0.0,0.0,0.0
45.8968,10.34,41.36,5.83,228.58,86.57,263.12,186.12,71.61,0.0,0.0,0.0,0.0,0.0,0.0,0.0,0.0
45.9068,10.34,32.01,5.83,226.71,86.57,265.43,188.43,73.81,15.95,0.0,0.0,0.0,0.0,0.0,0.0,0.0
45.9168,8.25,22.55,3.85,224.84,86.57,267.74,193.05,73.81,27.39,0.0,0.0,0.0,0.0,0.0,0.0,0.0
45.9268,8.25,16.94,3.85,220.55,86.57,270.05,195.47,78.21,32.01,0.0,0.0,0.0,0.0,0.0,0.0,0.0
45.9368,6.16,13.09,3.85,209.88,84.37,272.36,200.09,82.5,45.76,0.0,0.0,0.0,0.0,0.0,0.0,0.0
45.9468,4.07,9.35,0.0,197.23,80.08,274.67,204.71,86.9,78.65,0.0,0.0,0.0,0.0,0.0,0.0,0.0
45.9568,4.07,7.48,0.0,184.47,75.79,276.98,207.02,91.19,164.45,0.0,3.74,0.0,0.0,0.0,0.0,0.0
45.9668,0.0,5.61,0.0,167.53,69.3,276.98,211.75,97.79,176.11,8.36,47.41,0.0,0.0,0.0,0.0,0.0
45.9768,0.0,5.61,0.0,150.92,62.92,276.98,214.06,104.28,123.53,58.63,83.38,0.0,8.47,0.0,6.05,0.0
45.9868,0.0,3.74,0.0,130.24,56.43,272.36,216.37,110.88,83.38,105.27,107.25,7.48,16.94,17.6,24.2,0.0
45.9968,0.0,3.74,0.0,107.36,47.74,265.43,220.99,119.9,69.08,103.18,120.67,10.01,23.21,32.67,44.33,8.36
46.0068,0.0,0.0,0.0,81.95,39.05,253.88,223.41,129.03,45.76,98.89,125.29,12.54,27.5,52.91,61.27,11.11
46.0168,0.0,0.0,0.0,56.54,28.16,237.71,225.61,135.96,34.32,96.8,125.29,15.07,31.79,67.54,78.1,16.72
46.0268,0.0,0.0,0.0,31.35,15.18,217.03,220.99,142.78,27.39,90.42,129.91,17.6,35.97,77.11,94.82,19.47
46.0368,0.0,0.0,0.0,14.63,6.49,182.71,200.09,149.71,22.88,90.42,127.6,20.13,40.26,89.1,111.65,27.83
46.0468,0.0,0.0,0.0,10.45,6.49,135.41,160.71,158.84,20.57,92.51,132.22,22.66,42.35,96.25,123.2,33.44
46.0568,0.0,0.0,0.0,8.36,6.49,88.0,113.08,168.08,18.26,92.51,132.22,25.19,46.53,105.82,134.86,39.05
46.0668,0.0,0.0,0.0,8.36,4.29,50.82,65.67,179.85,18.26,92.51,134.53,27.72,48.73,113.08,146.52,44.66
46.0768,0.0,0.0,0.0,6.27,4.29,23.21,27.06,175.12,18.26,92.51,136.84,30.14,50.82,120.56,155.87,53.02
46.0868,0.0,0.0,0.0,6.27,4.29,12.65,13.53,110.88,15.95,94.71,139.15,32.67,52.91,128.15,165.11,64.35
46.0968,0.0,0.0,0.0,6.27,0.0,10.56,9.02,60.72,15.95,98.89,141.35,35.2,55.11,138.27,174.79,73.15
46.1068,0.0,0.0,0.0,4.18,0.0,8.47,6.71,36.08,15.95,101.09,141.35,37.73,57.53,143.22,182.16,84.81
46.1168,0.0,0.0,0.0,4.18,0.0,4.18,4.51,24.75,15.95,103.18,139.15,40.26,60.06,153.34,189.42,96.36
46.1268,0.0,0.0,0.0,0.0,0.0,4.18,0.0,18.04,13.64,105.27,139.15,45.32,65.12,160.93,196.79,108.02
46.1368,0.0,0.0,0.0,0.0,0.0,0.0,0.0,6.71,15.95,105.27,136.84,47.85,65.12,165.99,206.47,116.05
46.1468,0.0,0.0,0.0,0.0,0.0,0.0,0.0,0.0,13.64,103.18,136.84,47.85,70.18,173.36,213.84,126.17
46.1568,0.0,0.0,0.0,0.0,0.0,0.0,0.0,0.0,13.64,103.18,134.53,52.91,72.71,180.4,221.21,133.76
46.1668,0.0,0.0,0.0,0.0,0.0,0.0,0.0,0.0,13.64,101.09,129.91,52.91,72.71,185.13,225.94,138.82
46.1768,0.0,0.0,0.0,0.0,0.0,0.0,0.0,0.0,13.64,98.89,127.6,55.44,75.24,187.44,230.78,146.41
46.1868,0.0,0.0,0.0,0.0,0.0,0.0,0.0,0.0,13.64,96.8,125.29,57.97,77.77,192.17,235.51,151.47
46.1968,0.0,0.0,0.0,0.0,0.0,0.0,0.0,0.0,13.64,94.71,120.67,57.97,80.3,194.59,240.35,154.0
46.2068,0.0,0.0,0.0,0.0,0.0,0.0,0.0,0.0,13.64,90.42,116.05,60.39,80.3,196.9,245.19,159.06
46.2168,0.0,0.0,0.0,0.0,0.0,0.0,0.0,0.0,11.44,86.13,113.85,60.39,82.83,199.32,249.92,161.59
46.2268,0.0,0.0,0.0,0.0,0.0,0.0,0.0,0.0,11.44,81.95,109.45,62.92,82.83,199.32,252.34,164.12
46.2368,0.0,0.0,0.0,0.0,0.0,0.0,0.0,0.0,13.64,75.57,105.05,60.39,85.25,201.63,254.76,169.18
46.2468,0.0,0.0,0.0,0.0,0.0,0.0,0.0,0.0,11.44,71.28,100.76,60.39,85.25,201.63,259.6,171.71
46.2568,0.0,0.0,0.0,0.0,0.0,0.0,0.0,0.0,11.44,64.9,96.36,60.39,85.25,201.63,262.02,174.24
46.2668,0.0,0.0,0.0,0.0,0.0,0.0,0.0,0.0,11.44,60.72,92.07,60.39,85.25,201.63,262.02,176.77
46.2768,0.0,0.0,0.0,0.0,0.0,0.0,0.0,0.0,11.44,56.43,87.67,60.39,87.78,201.63,264.33,176.77
46.2868,0.0,0.0,0.0,0.0,0.0,0.0,0.0,0.0,11.44,52.25,85.47,62.92,87.78,201.63,266.75,179.19
46.2968,0.0,0.0,0.0,0.0,0.0,0.0,0.0,0.0,11.44,48.07,81.18,60.39,87.78,201.63,269.17,181.72
46.3068,0.0,0.0,0.0,0.0,0.0,0.0,0.0,0.0,11.44,43.89,78.98,60.39,87.78,201.63,271.59,181.72
46.3168,0.0,0.0,0.0,0.0,0.0,0.0,0.0,0.0,11.44,41.8,74.69,62.92,87.78,201.63,271.59,184.25
46.3268,0.0,0.0,0.0,0.0,0.0,0.0,0.0,0.0,11.44,39.71,72.49,60.39,90.31,201.63,274.01,184.25
46.3368,0.0,0.0,0.0,0.0,0.0,0.0,0.0,0.0,9.13,37.62,70.29,60.39,90.31,203.94,276.43,186.78
46.3468,0.0,0.0,0.0,0.0,0.0,0.0,0.0,0.0,11.44,35.53,68.09,60.39,90.31,203.94,278.63,186.78
46.3568,0.0,0.0,0.0,0.0,0.0,0.0,0.0,0.0,11.44,33.44,65.89,62.92,90.31,206.36,280.94,189.31
46.3668,0.0,0.0,0.0,0.0,0.0,0.0,0.0,0.0,11.44,31.35,63.8,62.92,92.84,206.36,283.25,191.73
46.3768,0.0,0.0,0.0,0.0,0.0,0.0,0.0,0.0,11.44,29.26,59.4,62.92,92.84,206.36,285.56,194.26
46.3868,0.0,0.0,0.0,0.0,0.0,0.0,0.0,0.0,11.44,25.08,57.2,62.92,92.84,208.67,290.18,196.79
46.3968,0.0,0.0,0.0,0.0,0.0,0.0,0.0,0.0,9.13,20.9,51.26,62.92,95.37,208.67,292.49,199.32
46.4068,0.0,0.0,0.0,0.0,0.0,0.0,0.0,0.0,11.44,16.72,47.41,62.92,95.37,211.09,294.8,201.85
46.4168,0.0,0.0,0.0,0.0,0.0,0.0,0.0,0.0,9.13,12.54,39.82,62.92,95.37,213.4,297.0,204.27
46.4268,0.0,0.0,0.0,0.0,0.0,0.0,0.0,0.0,9.13,10.45,32.23,62.92,95.37,215.82,297.0,206.8
46.4367,4.07,0.0,0.0,12.54,0.0,0.0,0.0,0.0,9.13,8.36,24.64,62.92,95.37,220.55,299.31,211.86
46.4467,6.16,3.74,0.0,27.17,0.0,8.47,0.0,0.0,6.82,8.36,17.05,62.92,92.84,222.97,297.0,216.81
46.4567,0.0,3.74,0.0,37.62,0.0,35.97,0.0,0.0,6.82,6.27,11.33,62.92,87.78,225.39,294.8,219.34
46.4667,0.0,3.74,0.0,45.98,0.0,57.42,6.71,9.02,4.51,4.18,9.46,62.92,82.83,230.34,290.18,224.4
46.4767,4.07,3.74,0.0,54.34,10.78,66.77,20.24,15.73,0.0,0.0,7.59,60.39,75.24,235.18,285.56,229.24
46.4867,6.16,5.61,0.0,62.81,23.87,71.5,31.57,18.04,0.0,0.0,5.61,57.97,65.12,240.13,278.63,233.86
46.4967,8.25,37.62,0.0,69.19,30.36,85.58,42.79,20.24,0.0,0.0,5.61,57.97,55.11,242.55,269.17,236.28
46.5067,8.25,62.48,0.0,75.57,34.65,104.39,60.94,24.75,0.0,0.0,3.74,55.44,44.44,247.39,257.18,238.59
46.5167,10.34,86.35,3.85,77.66,41.25,111.43,75.13,27.06,0.0,0.0,3.74,50.38,33.88,249.92,242.77,240.9
46.5267,10.34,94.27,3.85,77.66,47.74,116.16,91.74,31.57,0.0,0.0,0.0,42.79,25.41,249.92,225.94,243.32
46.5367,10.34,98.23,3.85,75.57,54.23,118.58,103.51,33.77,0.0,0.0,0.0,30.14,16.94,244.97,209.0,245.63
46.5467,10.34,104.17,3.85,75.57,58.63,123.42,115.28,36.08,0.0,0.0,0.0,17.6,8.47,232.76,184.58,243.32
46.5567,12.32,114.62,5.83,75.57,62.92,125.73,126.61,38.28,0.0,0.0,0.0,4.95,4.18,211.09,153.56,240.9
46.5667,12.32,125.62,5.83,73.48,67.21,128.15,135.74,42.79,0.0,0.0,0.0,0.0,4.18,175.67,113.96,238.59
46.5767,14.41,138.82,9.79,73.48,71.5,130.57,144.76,47.3,0.0,0.0,0.0,0.0,4.18,133.21,73.26,233.86
46.5867,16.5,149.82,13.75,75.57,75.79,132.99,153.89,51.81,0.0,0.0,0.0,0.0,0.0,86.68,40.37,221.87
46.5967,16.5,160.82,17.71,75.57,77.88,137.72,160.71,56.32,0.0,0.0,0.0,0.0,0.0,52.91,16.06,189.31
46.6067,18.59,167.53,25.52,77.66,82.17,140.14,167.53,60.72,0.0,0.0,0.0,0.0,0.0,17.6,12.1,136.29
46.6167,18.59,171.6,31.46,77.66,84.37,144.98,174.46,65.12,0.0,0.0,0.0,0.0,0.0,7.48,8.03,87.67
46.6267,18.59,177.87,35.42,81.95,86.57,149.71,181.5,69.41,0.0,0.0,0.0,0.0,0.0,7.48,8.03,64.35
46.6367,18.59,181.94,35.42,86.13,88.66,156.97,186.12,73.81,0.0,0.0,0.0,0.0,0.0,4.95,3.96,50.16
46.6467,18.59,184.03,33.44,90.42,88.66,164.12,190.74,80.3,0.0,0.0,0.0,0.0,0.0,0.0,3.96,41.8
46.6567,16.5,186.12,31.46,94.6,90.86,171.16,195.47,84.7,0.0,0.0,0.0,0.0,0.0,0.0,0.0,30.69
46.6667,16.5,186.12,31.46,98.89,90.86,175.78,197.78,89.1,0.0,0.0,0.0,0.0,0.0,0.0,0.0,13.86
46.6767,16.5,186.12,29.48,105.27,92.95,180.4,200.09,93.39,0.0,0.0,0.0,0.0,0.0,0.0,0.0,0.0
46.6867,16.5,184.03,27.5,109.45,92.95,187.22,204.71,97.79,0.0,0.0,0.0,0.0,0.0,0.0,0.0,0.0
46.6967,14.41,184.03,25.52,115.72,95.15,191.84,204.71,102.08,0.0,0.0,0.0,0.0,0.0,0.0,0.0,0.0
46.7067,14.41,181.94,23.54,119.9,95.15,196.46,207.02,104.28,0.0,0.0,0.0,0.0,0.0,0.0,0.0,0.0
46.7167,14.41,179.85,21.56,123.97,95.15,200.97,209.44,106.48,0.0,0.0,0.0,0.0,0.0,0.0,0.0,0.0
46.7267,14.41,179.85,19.58,130.24,95.15,205.59,209.44,108.68,0.0,0.0,0.0,0.0,0.0,0.0,0.0,0.0
46.7367,14.41,179.85,17.71,132.33,95.15,207.9,207.02,110.88,0.0,0.0,0.0,0.0,0.0,0.0,0.0,0.0
46.7467,14.41,179.85,17.71,138.49,95.15,210.21,207.02,110.88,0.0,0.0,0.0,0.0,0.0,0.0,0.0,0.0
46.7567,12.32,177.87,15.73,142.67,92.95,214.72,207.02,110.88,0.0,0.0,0.0,0.0,0.0,0.0,0.0,0.0
46.7667,12.32,175.78,13.75,146.74,92.95,217.03,204.71,110.88,0.0,0.0,0.0,0.0,0.0,0.0,0.0,0.0
46.7767,12.32,171.6,9.79,150.92,90.86,219.34,202.4,110.88,0.0,0.0,0.0,0.0,0.0,0.0,0.0,0.0
46.7867,12.32,167.53,9.79,155.1,90.86,221.65,200.09,110.88,0.0,0.0,0.0,0.0,0.0,0.0,0.0,0.0
46.7967,12.32,160.82,7.81,159.17,88.66,223.96,197.78,108.68,0.0,0.0,0.0,0.0,0.0,0.0,0.0,0.0
46.8067,12.32,156.42,7.81,163.35,88.66,226.27,195.47,106.48,0.0,0.0,0.0,0.0,0.0,0.0,0.0,0.0
46.8167,12.32,149.82,7.81,165.44,86.57,226.27,195.47,106.48,0.0,0.0,0.0,0.0,0.0,0.0,0.0,0.0
46.8267,12.32,143.22,7.81,169.62,86.57,228.47,193.05,104.28,0.0,0.0,0.0,0.0,0.0,0.0,0.0,0.0
46.8367,12.32,136.62,5.83,173.8,84.37,230.78,190.74,104.28,0.0,0.0,0.0,0.0,0.0,0.0,0.0,0.0
46.8467,10.34,132.22,5.83,176.0,84.37,233.09,188.43,102.08,0.0,0.0,0.0,0.0,0.0,0.0,0.0,0.0
46.8567,10.34,127.82,5.83,180.18,82.17,233.09,188.43,99.99,0.0,0.0,0.0,0.0,0.0,0.0,0.0,0.0
46.8667,10.34,123.42,5.83,184.47,82.17,235.4,186.12,99.99,0.0,0.0,0.0,0.0,0.0,0.0,0.0,0.0
46.8767,10.34,121.22,5.83,186.56,82.17,237.71,183.81,97.79,0.0,0.0,0.0,0.0,0.0,0.0,0.0,0.0
46.8867,10.34,119.02,5.83,190.85,82.17,237.71,183.81,97.79,0.0,0.0,0.0,0.0,0.0,0.0,0.0,0.0
46.8967,10.34,116.82,5.83,192.94,82.17,240.02,183.81,97.79,0.0,0.0,0.0,0.0,0.0,0.0,0.0,0.0
46.9067,10.34,114.62,5.83,197.23,82.17,240.02,183.81,95.59,0.0,0.0,0.0,0.0,0.0,0.0,0.0,0.0
46.9167,10.34,114.62,5.83,201.41,82.17,242.33,181.5,95.59,0.0,0.0,0.0,0.0,0.0,0.0,0.0,0.0
46.9267,10.34,112.42,5.83,203.61,82.17,244.64,181.5,93.39,0.0,0.0,0.0,0.0,0.0,0.0,0.0,0.0
46.9367,10.34,112.42,5.83,207.79,82.17,246.95,179.08,93.39,0.0,0.0,0.0,0.0,0.0,0.0,0.0,0.0
46.9467,10.34,110.22,5.83,214.17,80.08,249.26,176.77,93.39,0.0,0.0,0.0,0.0,0.0,0.0,0.0,0.0
46.9567,10.34,110.22,5.83,218.46,80.08,251.57,174.46,91.19,0.0,0.0,0.0,0.0,0.0,0.0,0.0,0.0
46.9667,10.34,110.22,5.83,224.84,77.88,251.57,169.84,89.1,0.0,0.0,0.0,0.0,0.0,0.0,0.0,0.0
46.9767,10.34,110.22,5.83,230.56,75.79,253.88,165.22,89.1,0.0,0.0,0.0,0.0,0.0,0.0,0.0,0.0
46.9867,10.34,110.22,5.83,238.15,73.59,256.19,160.71,86.9,0.0,0.0,0.0,0.0,0.0,0.0,0.0,0.0
46.9967,10.34,108.13,5.83,245.85,69.3,258.5,153.89,84.7,0.0,0.0,0.0,0.0,0.0,0.0,0.0,0.0
47.0067,10.34,108.13,5.83,251.57,67.21,260.81,151.58,82.5,0.0,0.0,0.0,0.0,0.0,0.0,0.0,0.0
47.0167,10.34,104.17,5.83,257.29,65.01,263.12,147.07,80.3,0.0,0.0,0.0,0.0,0.0,0.0,0.0,0.0
47.0267,10.34,102.19,5.83,263.01,65.01,263.12,144.76,80.3,0.0,0.0,0.0,0.0,0.0,0.0,0.0,0.0
47.0367,10.34,100.21,5.83,266.86,62.92,265.43,144.76,78.21,0.0,0.0,0.0,0.0,0.0,0.0,0.0,0.0
47.0467,10.34,98.23,5.83,268.73,62.92,265.43,142.56,76.01,0.0,0.0,0.0,0.0,0.0,0.0,0.0,0.0
47.0567,10.34,96.25,5.83,272.58,62.92,265.43,142.56,76.01,0.0,0.0,0.0,0.0,0.0,0.0,0.0,0.0
47.0667,10.34,96.25,5.83,274.45,65.01,265.43,140.25,73.81,4.51,0.0,0.0,0.0,0.0,0.0,0.0,0.0
47.0767,10.34,94.27,5.83,276.43,65.01,265.43,140.25,73.81,13.64,0.0,0.0,0.0,0.0,0.0,0.0,0.0
47.0867,10.34,92.29,5.83,276.43,65.01,265.43,140.25,71.61,20.57,0.0,0.0,0.0,0.0,0.0,0.0,0.0
47.0967,10.34,90.31,5.83,276.43,65.01,263.12,137.94,69.41,25.08,0.0,0.0,0.0,0.0,0.0,0.0,0.0
47.1067,10.34,88.33,5.83,276.43,65.01,260.81,135.74,69.41,20.57,14.63,3.74,0.0,0.0,0.0,0.0,0.0
47.1167,10.34,84.37,5.83,276.43,65.01,260.81,133.43,67.32,11.44,25.08,3.74,0.0,0.0,0.0,0.0,0.0
47.1267,10.34,80.3,5.83,276.43,65.01,258.5,131.23,65.12,13.64,35.53,7.59,20.13,6.27,10.01,16.06,0.0
47.1367,10.34,74.36,5.83,274.45,62.92,253.88,128.92,62.92,18.26,43.89,15.18,20.13,12.65,17.6,26.18,0.0
47.1467,10.34,66.44,7.81,272.58,60.72,249.26,124.41,60.72,22.88,56.43,28.49,20.13,14.74,25.19,34.32,0.0
47.1567,10.34,58.52,5.83,268.73,60.72,244.64,117.59,58.63,22.88,73.48,30.36,25.19,16.94,40.26,42.35,5.5
47.1667,10.34,50.82,5.83,264.88,56.43,240.02,113.08,56.32,20.57,92.51,30.36,27.72,19.03,50.38,48.4,5.5
47.1767,10.34,41.36,5.83,261.14,54.23,233.09,105.93,54.12,20.57,101.09,32.23,30.14,19.03,57.97,54.45,11.11
47.1867,8.25,32.01,5.83,255.31,52.03,226.27,101.2,51.81,20.57,105.27,36.08,30.14,21.12,65.12,58.85,11.11
47.1967,8.25,22.55,5.83,251.57,49.94,221.65,94.05,49.61,18.26,109.56,37.95,32.67,21.12,69.85,63.69,13.86
47.2067,8.25,16.94,5.83,243.87,47.74,214.72,87.01,47.3,18.26,115.94,37.95,32.67,23.21,74.69,68.42,13.86
47.2167,6.16,13.09,5.83,234.3,43.34,207.9,79.86,45.1,18.26,120.34,37.95,35.2,23.21,81.84,73.26,16.72
47.2267,6.16,11.22,3.85,222.64,39.05,203.28,75.13,42.79,18.26,126.83,39.82,35.2,25.41,86.68,78.1,16.72
47.2367,4.07,9.35,3.85,209.88,34.65,196.46,65.67,40.59,18.26,129.03,45.54,35.2,25.41,89.1,85.25,19.47
47.2467,4.07,7.48,3.85,195.03,28.16,191.84,60.94,38.28,18.26,129.03,51.26,37.73,27.5,93.83,92.4,22.33
47.2567,4.07,7.48,0.0,180.18,23.87,184.91,54.12,38.28,18.26,131.23,59.4,37.73,27.5,98.67,99.66,25.08
47.2667,0.0,5.61,0.0,165.44,17.27,178.09,45.1,33.77,18.26,131.23,65.89,37.73,29.59,103.4,109.23,27.83
47.2767,0.0,5.61,0.0,153.01,10.78,168.96,33.77,31.57,18.26,131.23,72.49,37.73,29.59,108.24,116.27,30.69
47.2867,0.0,5.61,0.0,136.4,6.49,156.97,22.55,29.26,18.26,131.23,78.98,40.26,31.79,113.08,125.62,36.19
47.2967,0.0,3.74,0.0,121.99,6.49,135.41,15.73,24.75,18.26,133.32,87.67,40.26,33.88,120.56,134.86,41.8
47.3067,0.0,3.74,0.0,105.27,4.29,121.0,11.22,18.04,18.26,135.52,94.27,42.79,33.88,125.62,141.9,50.16
47.3167,0.0,3.74,0.0,88.33,4.29,104.39,11.22,13.53,18.26,137.72,98.56,42.79,35.97,130.68,148.83,58.63
47.3267,0.0,3.74,0.0,71.28,0.0,92.62,6.71,11.22,15.95,142.01,102.96,45.32,35.97,135.74,155.87,70.18
47.3367,0.0,3.74,0.0,58.63,0.0,80.85,6.71,9.02,15.95,144.21,107.25,45.32,38.06,140.8,162.8,81.84
47.3467,0.0,3.74,0.0,45.98,0.0,66.77,4.51,9.02,15.95,146.41,109.45,47.85,38.06,143.22,167.53,90.53
47.3567,0.0,0.0,0.0,35.53,0.0,55.11,4.51,6.71,15.95,150.7,113.85,47.85,40.26,145.75,172.37,102.19
47.3667,0.0,0.0,0.0,27.17,0.0,44.44,0.0,4.51,15.95,155.1,118.36,47.85,40.26,150.81,177.21,108.02
47.3767,0.0,0.0,0.0,20.9,0.0,38.06,0.0,0.0,15.95,159.39,122.98,47.85,42.35,153.34,182.16,116.05
47.3867,0.0,0.0,0.0,16.72,0.0,31.79,0.0,0.0,18.26,161.59,127.6,50.38,42.35,153.34,187.0,123.64
47.3967,0.0,0.0,0.0,10.45,0.0,25.41,0.0,0.0,18.26,165.99,129.91,50.38,42.35,155.87,189.42,128.7
47.4067,0.0,0.0,0.0,6.27,0.0,21.12,0.0,0.0,18.26,168.19,132.22,50.38,44.44,155.87,194.37,133.76
47.4167,0.0,0.0,0.0,6.27,0.0,12.65,0.0,0.0,18.26,170.28,134.53,50.38,44.44,155.87,196.79,138.82
47.4267,0.0,0.0,0.0,4.18,0.0,6.27,0.0,0.0,18.26,172.37,139.15,47.85,44.44,155.87,196.79,141.35
47.4367,0.0,0.0,0.0,4.18,0.0,4.18,0.0,0.0,18.26,172.37,141.35,47.85,44.44,153.34,199.21,146.41
47.4467,0.0,0.0,0.0,4.18,0.0,4.18,0.0,0.0,18.26,172.37,143.66,47.85,44.44,153.34,201.63,146.41
47.4567,0.0,0.0,0.0,0.0,0.0,0.0,0.0,0.0,15.95,172.37,143.66,45.32,44.44,150.81,201.63,148.94
47.4667,0.0,0.0,0.0,0.0,0.0,0.0,0.0,0.0,18.26,170.28,143.66,45.32,44.44,150.81,204.05,151.47
47.4767,0.0,0.0,0.0,0.0,0.0,0.0,0.0,0.0,18.26,170.28,141.35,45.32,44.44,148.28,204.05,151.47
47.4867,0.0,0.0,0.0,0.0,0.0,0.0,0.0,0.0,18.26,168.19,139.15,45.32,44.44,145.75,204.05,151.47
47.4967,0.0,0.0,0.0,0.0,0.0,0.0,0.0,0.0,15.95,165.99,136.84,42.79,44.44,145.75,204.05,151.47
47.5067,0.0,0.0,0.0,0.0,0.0,0.0,0.0,0.0,15.95,163.79,134.53,45.32,44.44,145.75,204.05,154.0
47.5167,0.0,0.0,0.0,0.0,0.0,0.0,0.0,0.0,15.95,159.39,129.91,45.32,44.44,145.75,206.47,154.0
47.5267,0.0,0.0,0.0,0.0,0.0,0.0,0.0,0.0,15.95,155.1,125.29,45.32,44.44,143.22,209.0,156.53
47.5367,0.0,0.0,0.0,0.0,0.0,10.56,31.57,22.55,15.95,148.61,118.36,42.79,46.53,145.75,211.42,159.06
47.5467,0.0,0.0,0.0,0.0,0.0,27.5,36.08,24.75,15.95,146.41,116.05,45.32,46.53,145.75,213.84,161.59
47.5567,0.0,0.0,0.0,4.18,0.0,38.06,49.61,27.06,15.95,142.01,109.45,45.32,46.53,145.75,216.26,164.12
47.5667,0.0,0.0,0.0,6.27,4.29,44.44,58.63,29.26,13.64,135.52,102.96,45.32,48.73,145.75,218.68,166.76
47.5767,0.0,0.0,0.0,6.27,10.78,50.82,72.82,33.77,13.64,129.03,98.56,45.32,48.73,143.22,221.21,166.76
47.5867,0.0,0.0,0.0,10.45,17.27,59.73,84.59,38.28,13.64,122.54,94.27,42.79,48.73,140.8,223.52,169.18
47.5967,0.0,0.0,0.0,12.54,23.87,66.77,96.47,42.79,13.64,113.85,87.67,42.79,48.73,140.8,225.94,171.71
47.6067,0.0,0.0,0.0,18.81,28.16,80.85,101.2,47.3,13.64,103.18,81.18,42.79,48.73,138.27,225.94,174.24
47.6167,0.0,0.0,0.0,27.17,30.36,95.04,103.51,49.61,13.64,92.51,74.69,42.79,48.73,135.74,228.36,174.24
47.6267,0.0,0.0,0.0,37.62,32.56,109.12,108.24,51.81,11.44,81.95,65.89,40.26,48.73,135.74,228.36,174.24
47.6367,0.0,0.0,0.0,45.98,36.85,121.0,113.08,54.12,11.44,69.19,55.11,40.26,46.53,133.21,228.36,174.24
47.6467,0.0,0.0,0.0,56.54,41.25,130.57,117.59,56.32,11.44,58.63,45.54,40.26,46.53,130.68,228.36,174.24
47.6567,0.0,0.0,0.0,67.1,47.74,137.72,124.41,58.63,11.44,45.98,36.08,37.73,46.53,128.15,228.36,174.24
47.6667,0.0,0.0,0.0,77.66,52.03,144.98,131.23,58.63,9.13,29.26,28.49,37.73,44.44,123.09,228.36,171.71
47.6767,4.07,3.74,0.0,88.33,58.63,152.13,140.25,60.72,9.13,14.63,22.77,35.2,42.35,118.03,228.36,166.76
47.6867,6.16,5.61,0.0,100.98,67.21,159.28,147.07,62.92,6.82,8.36,15.18,30.14,38.06,110.66,225.94,164.12
47.6967,8.25,24.42,3.85,107.36,71.5,166.54,153.89,65.12,4.51,6.27,9.46,22.66,33.88,101.09,221.21,161.59
47.7067,8.25,41.36,3.85,107.36,75.79,171.16,162.91,69.41,0.0,4.18,7.59,15.07,27.5,89.1,216.26,159.06
47.7167,10.34,52.69,3.85,109.45,80.08,173.47,172.15,73.81,0.0,0.0,5.61,7.48,19.03,74.69,211.42,154.0
47.7267,10.34,62.48,3.85,111.65,82.17,178.09,179.08,78.21,0.0,0.0,5.61,4.95,10.56,52.91,201.63,146.41
47.7367,10.34,70.4,5.83,113.63,86.57,180.4,183.81,82.5,0.0,0.0,3.74,0.0,4.18,30.14,187.0,146.41
47.7467,10.34,78.32,5.83,115.72,88.66,184.91,188.43,84.7,0.0,0.0,3.74,0.0,0.0,15.07,162.8,138.82
47.7567,12.32,86.35,5.83,119.9,88.66,189.53,190.74,89.1,0.0,0.0,0.0,0.0,0.0,10.01,123.2,123.64
47.7667,12.32,92.29,5.83,123.97,90.86,194.15,195.47,91.19,0.0,0.0,0.0,0.0,0.0,7.48,85.25,108.02
47.7767,12.32,96.25,5.83,128.15,92.95,198.66,200.09,93.39,0.0,0.0,0.0,0.0,0.0,4.95,61.27,93.5
47.7867,12.32,100.21,7.81,130.24,95.15,200.97,204.71,97.79,0.0,0.0,0.0,0.0,0.0,0.0,44.33,70.18
47.7967,12.32,104.17,7.81,132.33,97.24,205.59,209.44,99.99,0.0,0.0,0.0,0.0,0.0,0.0,26.18,39.05
47.8067,12.32,110.22,7.81,134.31,101.53,205.59,214.06,102.08,0.0,0.0,0.0,0.0,0.0,0.0,10.01,13.86
47.8167,14.41,114.62,9.79,134.31,103.73,207.9,218.68,104.28,0.0,0.0,0.0,0.0,0.0,0.0,0.0,0.0
47.8267,14.41,116.82,11.77,134.31,105.82,210.21,223.41,106.48,0.0,0.0,0.0,0.0,0.0,0.0,0.0,0.0
47.8367,14.41,119.02,13.75,134.31,110.22,210.21,227.92,108.68,0.0,0.0,0.0,0.0,0.0,0.0,0.0,0.0
47.8467,16.5,121.22,17.71,134.31,112.31,210.21,230.23,110.88,0.0,0.0,0.0,0.0,0.0,0.0,0.0,0.0
47.8567,16.5,119.02,21.56,134.31,114.51,210.21,234.85,113.08,0.0,0.0,0.0,0.0,0.0,0.0,0.0,0.0
47.8666,18.59,116.82,25.52,134.31,114.51,212.41,237.16,113.08,0.0,0.0,0.0,0.0,0.0,0.0,0.0,0.0
47.8766,16.5,114.62,29.48,134.31,116.71,212.41,239.47,115.28,0.0,0.0,0.0,0.0,0.0,0.0,0.0,0.0
47.8866,16.5,108.13,31.46,134.31,116.71,212.41,241.78,117.59,0.0,0.0,0.0,0.0,0.0,0.0,0.0,0.0
47.8966,16.5,104.17,33.44,132.33,118.91,212.41,243.98,117.59,0.0,0.0,0.0,0.0,0.0,0.0,0.0,0.0
47.9066,16.5,100.21,33.44,132.33,118.91,212.41,246.29,119.9,0.0,0.0,0.0,0.0,0.0,0.0,0.0,0.0
47.9166,16.5,96.25,37.29,132.33,118.91,212.41,246.29,119.9,0.0,0.0,0.0,0.0,0.0,0.0,0.0,0.0
47.9266,16.5,94.27,39.27,132.33,121.0,212.41,248.6,119.9,0.0,0.0,0.0,0.0,0.0,0.0,0.0,0.0
47.9366,16.5,90.31,41.25,132.33,121.0,212.41,248.6,119.9,0.0,0.0,0.0,0.0,0.0,0.0,0.0,0.0
47.9466,16.5,88.33,43.23,132.33,121.0,212.41,248.6,119.9,0.0,0.0,0.0,0.0,0.0,0.0,0.0,0.0
47.9566,16.5,86.35,45.21,134.31,121.0,212.41,248.6,119.9,0.0,0.0,0.0,0.0,0.0,0.0,0.0,0.0
47.9666,16.5,82.28,45.21,134.31,123.2,212.41,248.6,119.9,0.0,0.0,0.0,0.0,0.0,0.0,0.0,0.0
47.9766,16.5,78.32,45.21,134.31,123.2,212.41,248.6,119.9,0.0,0.0,0.0,0.0,0.0,0.0,0.0,0.0
47.9866,16.5,74.36,47.19,134.31,123.2,212.41,248.6,119.9,0.0,0.0,0.0,0.0,0.0,0.0,0.0,0.0
47.9966,16.5,68.42,47.19,134.31,123.2,212.41,248.6,119.9,0.0,0.0,0.0,0.0,0.0,0.0,0.0,0.0
48.0066,16.5,64.46,47.19,136.4,123.2,212.41,248.6,119.9,0.0,0.0,0.0,0.0,0.0,0.0,0.0,0.0
48.0166,16.5,60.5,47.19,136.4,123.2,212.41,248.6,119.9,0.0,0.0,0.0,0.0,0.0,0.0,0.0,0.0
48.0266,14.41,56.54,47.19,138.49,123.2,214.72,248.6,119.9,0.0,0.0,0.0,0.0,0.0,0.0,0.0,0.0
48.0366,14.41,54.56,45.21,140.58,123.2,214.72,248.6,119.9,0.0,0.0,0.0,0.0,0.0,0.0,0.0,0.0
48.0466,14.41,50.82,41.25,142.67,123.2,217.03,248.6,119.9,0.0,0.0,0.0,0.0,0.0,0.0,0.0,0.0
48.0566,14.41,47.08,39.27,144.76,123.2,219.34,248.6,119.9,0.0,0.0,0.0,0.0,0.0,0.0,0.0,0.0
48.0666,14.41,43.34,35.42,146.74,125.4,221.65,248.6,122.21,0.0,0.0,0.0,0.0,0.0,0.0,0.0,0.0
48.0766,14.41,41.36,31.46,150.92,125.4,223.96,250.91,122.21,0.0,0.0,0.0,0.0,0.0,0.0,0.0,0.0
48.0866,12.32,37.62,29.48,153.01,125.4,226.27,250.91,122.21,0.0,0.0,0.0,0.0,0.0,0.0,0.0,0.0
48.0966,12.32,33.88,25.52,157.08,125.4,228.47,253.22,124.52,0.0,0.0,0.0,0.0,0.0,0.0,0.0,0.0
48.1066,12.32,32.01,21.56,161.26,125.4,230.78,253.22,124.52,0.0,0.0,0.0,0.0,0.0,0.0,0.0,0.0
48.1166,10.34,28.16,15.73,163.35,125.4,235.4,253.22,126.83,0.0,0.0,0.0,0.0,0.0,0.0,0.0,0.0
48.1266,10.34,22.55,13.75,167.53,125.4,237.71,255.53,126.83,0.0,0.0,0.0,0.0,0.0,0.0,0.0,0.0
48.1366,8.25,16.94,9.79,169.62,125.4,242.33,255.53,129.03,0.0,0.0,0.0,0.0,0.0,0.0,0.0,0.0
48.1466,8.25,13.09,7.81,171.71,125.4,244.64,255.53,131.34,0.0,0.0,0.0,0.0,0.0,0.0,0.0,0.0
48.1566,6.16,9.35,5.83,171.71,121.0,249.26,255.53,133.65,0.0,0.0,0.0,0.0,0.0,0.0,0.0,0.0
48.1666,6.16,7.48,5.83,171.71,118.91,251.57,255.53,135.96,0.0,0.0,0.0,0.0,0.0,0.0,0.0,0.0
48.1766,4.07,7.48,3.85,169.62,114.51,256.19,253.22,138.27,20.57,0.0,0.0,0.0,0.0,0.0,0.0,0.0
48.1866,4.07,5.61,3.85,167.53,110.22,258.5,250.91,138.27,29.7,0.0,0.0,0.0,0.0,0.0,0.0,0.0
48.1966,0.0,5.61,0.0,163.35,103.73,263.12,250.91,140.58,38.83,0.0,0.0,0.0,0.0,0.0,0.0,0.0
48.2066,0.0,3.74,0.0,159.17,99.44,265.43,248.6,142.78,47.96,0.0,0.0,0.0,0.0,0.0,0.0,0.0
48.2166,0.0,3.74,0.0,153.01,92.95,267.74,248.6,145.09,64.35,0.0,0.0,0.0,0.0,0.0,0.0,0.0
48.2266,0.0,3.74,0.0,148.83,88.66,270.05,246.29,145.09,107.25,0.0,3.74,0.0,0.0,0.0,0.0,0.0
48.2366,0.0,0.0,0.0,142.67,82.17,270.05,243.98,145.09,148.5,4.18,3.74,0.0,0.0,0.0,0.0,0.0
48.2466,0.0,0.0,0.0,136.4,75.79,272.36,241.78,145.09,155.32,25.08,5.61,0.0,0.0,0.0,0.0,0.0
48.2566,0.0,0.0,0.0,128.15,69.3,272.36,237.16,145.09,141.68,69.19,13.2,0.0,0.0,0.0,0.0,0.0
48.2666,0.0,0.0,0.0,117.81,62.92,270.05,234.85,145.09,107.25,103.18,37.95,0.0,0.0,0.0,0.0,0.0
48.2766,0.0,0.0,0.0,105.27,56.43,267.74,230.23,145.09,83.38,133.32,51.26,7.48,6.27,7.48,6.05,0.0
48.2866,0.0,0.0,0.0,94.6,49.94,265.43,223.41,145.09,71.5,148.61,57.2,12.54,10.56,15.07,12.1,0.0
48.2966,0.0,0.0,0.0,77.66,41.25,258.5,216.37,142.78,64.35,159.39,63.8,15.07,12.65,27.72,20.13,8.36
48.3066,0.0,0.0,0.0,62.81,30.36,251.57,207.02,145.09,54.89,170.28,65.89,20.13,14.74,40.26,26.18,11.11
48.3166,0.0,0.0,0.0,43.89,19.47,242.33,190.74,145.09,50.27,182.82,63.8,22.66,16.94,50.38,30.25,13.86
48.3266,0.0,0.0,0.0,22.99,15.18,228.47,167.53,145.09,45.76,195.36,63.8,27.72,16.94,62.7,34.32,16.72
48.3366,0.0,0.0,0.0,12.54,10.78,203.28,133.43,149.71,41.14,207.9,61.6,30.14,16.94,72.27,38.28,19.47
48.3466,0.0,0.0,0.0,8.36,10.78,156.97,91.74,156.53,38.83,220.44,61.6,32.67,19.03,81.84,44.33,22.33
48.3566,0.0,0.0,0.0,8.36,10.78,104.39,51.81,158.84,34.32,230.78,59.4,37.73,21.12,91.41,48.4,22.33
48.3666,0.0,0.0,0.0,6.27,10.78,64.46,24.75,152.02,32.01,238.92,59.4,42.79,21.12,103.4,54.45,27.83
48.3766,0.0,0.0,0.0,6.27,8.58,38.06,15.73,117.59,32.01,247.06,61.6,45.32,23.21,113.08,58.85,30.69
48.3866,0.0,0.0,0.0,6.27,6.49,19.03,13.53,82.5,29.7,255.2,61.6,47.85,25.41,123.09,66.11,33.44
48.3966,0.0,0.0,0.0,4.18,6.49,10.56,11.22,51.81,27.39,263.34,65.89,52.91,27.5,133.21,73.26,39.05
48.4066,0.0,0.0,0.0,4.18,4.29,8.47,9.02,33.77,27.39,269.5,65.89,55.44,27.5,140.8,80.41,41.8
48.4166,0.0,0.0,0.0,4.18,4.29,6.27,6.71,22.55,27.39,275.66,68.09,57.97,29.59,148.28,87.67,44.66
48.4266,0.0,0.0,0.0,0.0,0.0,4.18,4.51,18.04,25.08,281.82,68.09,60.39,31.79,155.87,94.82,53.02
48.4366,0.0,0.0,0.0,0.0,0.0,4.18,0.0,4.51,25.08,283.91,70.29,62.92,33.88,163.46,99.66,58.63
48.4466,0.0,0.0,0.0,0.0,0.0,0.0,0.0,0.0,22.88,286.0,70.29,65.45,33.88,168.52,104.39,64.35
48.4566,0.0,0.0,0.0,0.0,0.0,0.0,0.0,0.0,22.88,286.0,72.49,65.45,35.97,171.05,109.23,70.18
48.4666,0.0,0.0,0.0,0.0,0.0,0.0,0.0,0.0,22.88,283.91,72.49,67.98,35.97,175.67,113.96,76.01
48.4766,0.0,0.0,0.0,0.0,0.0,0.0,0.0,0.0,20.57,281.82,70.29,70.4,38.06,180.4,118.58,81.84
48.4866,0.0,0.0,0.0,0.0,0.0,0.0,0.0,0.0,20.57,279.73,68.09,70.4,40.26,182.82,120.89,84.81
48.4966,0.0,0.0,0.0,0.0,0.0,0.0,0.0,0.0,18.26,277.64,65.89,72.93,40.26,187.44,125.62,90.53
48.5066,0.0,0.0,0.0,0.0,0.0,0.0,0.0,0.0,18.26,273.57,61.6,75.46,42.35,187.44,130.24,93.5
48.5166,0.0,0.0,0.0,0.0,0.0,0.0,0.0,0.0,18.26,267.41,57.2,75.46,42.35,192.17,132.55,99.33
48.5266,0.0,0.0,0.0,0.0,0.0,0.0,0.0,0.0,18.26,261.36,53.13,77.99,42.35,194.59,137.17,102.19
48.5366,0.0,0.0,0.0,0.0,0.0,0.0,0.0,0.0,15.95,255.2,49.39,77.99,44.44,194.59,139.59,105.16
48.5466,0.0,0.0,0.0,0.0,0.0,0.0,0.0,0.0,15.95,251.13,47.41,77.99,46.53,196.9,141.9,110.99
48.5566,0.0,0.0,0.0,0.0,0.0,0.0,0.0,0.0,15.95,242.99,45.54,80.41,46.53,196.9,146.52,113.52
48.5666,0.0,0.0,0.0,0.0,0.0,0.0,0.0,0.0,15.95,236.83,43.67,80.41,48.73,199.32,148.83,116.05
48.5766,0.0,0.0,0.0,0.0,0.0,0.0,0.0,0.0,13.64,230.78,41.8,80.41,48.73,201.63,153.56,118.58
48.5866,0.0,0.0,0.0,0.0,0.0,0.0,0.0,0.0,13.64,224.62,37.95,82.94,50.82,203.94,155.87,121.11
48.5966,0.0,0.0,0.0,0.0,0.0,0.0,0.0,0.0,13.64,218.35,36.08,85.47,50.82,206.36,158.18,126.17
48.6066,0.0,0.0,0.0,0.0,0.0,0.0,0.0,0.0,13.64,212.08,32.23,85.47,50.82,208.67,162.8,128.7
48.6166,0.0,0.0,0.0,0.0,0.0,0.0,0.0,0.0,11.44,205.81,28.49,88.0,52.91,211.09,165.11,133.76
48.6266,0.0,0.0,0.0,0.0,0.0,0.0,0.0,0.0,13.64,197.45,26.51,90.53,52.91,213.4,167.53,136.29
48.6366,0.0,0.0,0.0,0.0,0.0,0.0,0.0,0.0,11.44,191.18,24.64,90.53,55.11,215.82,172.37,138.82
48.6466,0.0,0.0,0.0,0.0,0.0,0.0,0.0,0.0,11.44,184.91,22.77,92.95,55.11,218.13,174.79,143.88
48.6566,0.0,0.0,0.0,0.0,0.0,0.0,0.0,0.0,11.44,178.64,20.9,95.48,55.11,222.97,179.63,146.41
48.6666,0.0,0.0,0.0,0.0,0.0,0.0,0.0,0.0,11.44,172.37,18.92,95.48,55.11,225.39,184.58,151.47
48.6766,0.0,0.0,0.0,0.0,0.0,0.0,0.0,0.0,11.44,163.79,17.05,98.01,57.53,230.34,187.0,156.53
48.6866,0.0,0.0,0.0,0.0,0.0,0.0,0.0,0.0,11.44,152.9,15.18,102.96,60.06,235.18,191.84,159.06
48.6966,0.0,0.0,0.0,0.0,0.0,0.0,0.0,0.0,11.44,142.01,15.18,105.49,57.53,240.13,194.37,164.12
48.7066,0.0,0.0,0.0,0.0,0.0,0.0,0.0,0.0,11.44,129.03,13.2,105.49,60.06,244.97,199.21,169.18
48.7166,0.0,0.0,0.0,0.0,0.0,0.0,0.0,0.0,11.44,115.94,13.2,108.02,60.06,249.92,204.05,174.24
48.7266,0.0,0.0,0.0,0.0,0.0,0.0,0.0,0.0,9.13,101.09,11.33,110.55,60.06,254.76,206.47,179.19
48.7366,0.0,0.0,0.0,0.0,0.0,0.0,0.0,0.0,9.13,88.33,11.33,113.08,60.06,259.71,211.42,181.72
48.7466,12.32,0.0,0.0,0.0,0.0,0.0,0.0,0.0,9.13,75.57,11.33,115.5,60.06,262.13,213.84,186.78
48.7566,14.41,0.0,0.0,0.0,0.0,0.0,0.0,0.0,9.13,60.72,9.46,118.03,57.53,266.97,218.68,191.73
48.7666,16.5,0.0,0.0,0.0,0.0,0.0,0.0,0.0,9.13,45.98,9.46,118.03,57.53,271.92,221.21,194.26
48.7766,20.68,0.0,0.0,0.0,0.0,0.0,0.0,0.0,6.82,33.44,9.46,118.03,57.53,274.34,223.52,196.79
48.7866,24.75,0.0,0.0,0.0,0.0,0.0,0.0,0.0,6.82,20.9,7.59,118.03,55.11,276.76,228.36,201.85
48.7966,35.09,0.0,0.0,0.0,0.0,0.0,0.0,0.0,4.51,14.63,7.59,113.08,55.11,279.29,230.78,206.8
48.8066,68.75,0.0,0.0,0.0,0.0,0.0,0.0,0.0,4.51,10.45,5.61,108.02,52.91,281.71,230.78,211.86
48.8166,114.4,0.0,0.0,0.0,0.0,0.0,0.0,0.0,0.0,8.36,3.74,100.54,46.53,284.13,235.51,219.34
48.8266,162.03,5.61,0.0,0.0,0.0,0.0,0.0,0.0,0.0,6.27,3.74,90.53,42.35,284.13,237.93,226.93
48.8366,170.06,58.52,0.0,0.0,0.0,0.0,0.0,0.0,0.0,4.18,3.74,80.41,38.06,281.71,240.35,233.86
48.8466,128.26,136.62,15.73,14.63,0.0,4.18,0.0,0.0,0.0,4.18,0.0,67.98,29.59,276.76,242.77,238.59
48.8566,97.13,165.22,64.02,33.44,4.29,8.47,4.51,0.0,0.0,0.0,0.0,52.91,23.21,266.97,242.77,245.63
48.8666,101.42,175.78,86.24,39.71,12.98,16.94,6.71,4.51,0.0,0.0,0.0,37.73,14.74,257.18,240.35,250.36
48.8766,86.24,184.03,97.46,45.98,19.47,31.79,15.73,6.71,0.0,0.0,0.0,20.13,8.47,240.13,230.78,252.67
48.8866,79.64,190.19,104.06,50.16,23.87,38.06,22.55,11.22,0.0,0.0,0.0,4.95,0.0,213.4,216.26,254.98
48.8966,73.15,198.55,108.57,52.25,25.96,46.53,27.06,11.22,0.0,0.0,0.0,0.0,0.0,171.05,189.42,257.4
48.9066,68.75,206.8,110.77,54.34,28.16,52.91,33.77,13.53,0.0,0.0,0.0,0.0,0.0,125.62,155.87,254.98
48.9166,66.66,217.14,115.28,56.54,30.36,57.42,36.08,13.53,0.0,0.0,0.0,0.0,0.0,86.68,120.89,252.67
48.9266,68.75,227.59,117.48,58.63,30.36,62.15,40.59,15.73,0.0,0.0,0.0,0.0,0.0,57.97,80.41,245.63
48.9366,68.75,240.13,119.68,62.81,30.36,66.77,42.79,15.73,0.0,0.0,0.0,0.0,0.0,25.19,38.28,229.24
48.9466,68.75,252.67,119.68,65.01,32.56,71.5,45.1,15.73,0.0,0.0,0.0,0.0,0.0,15.07,14.08,169.18
48.9566,66.66,267.3,117.48,69.19,32.56,78.54,49.61,18.04,0.0,0.0,0.0,0.0,0.0,12.54,10.01,116.05
48.9666,64.46,277.75,117.48,73.48,34.65,83.27,51.81,18.04,0.0,0.0,0.0,0.0,0.0,10.01,8.03,90.53
48.9766,64.46,286.11,117.48,77.66,36.85,90.31,58.63,20.24,0.0,0.0,0.0,0.0,0.0,7.48,6.05,78.98
48.9866,62.26,288.2,124.08,79.75,39.05,95.04,63.36,20.24,0.0,0.0,0.0,0.0,0.0,4.95,3.96,67.32
48.9966,62.26,288.2,130.68,81.95,43.34,99.66,70.4,22.55,0.0,0.0,0.0,0.0,0.0,0.0,0.0,50.16
49.0066,62.26,286.11,141.68,81.95,45.54,102.08,77.55,22.55,0.0,0.0,0.0,0.0,0.0,0.0,0.0,13.86
49.0166,62.26,284.02,150.48,84.04,47.74,106.7,84.59,22.55,0.0,0.0,0.0,0.0,0.0,0.0,0.0,0.0
49.0266,64.46,281.93,159.28,84.04,49.94,109.12,89.32,24.75,0.0,0.0,0.0,0.0,0.0,0.0,0.0,0.0
49.0366,62.26,279.95,163.68,86.13,52.03,113.85,94.05,24.75,0.0,0.0,0.0,0.0,0.0,0.0,0.0,0.0
49.0466,62.26,277.75,165.88,88.33,54.23,116.16,98.78,27.06,0.0,0.0,0.0,0.0,0.0,0.0,0.0,0.0
49.0566,60.06,273.57,165.88,88.33,56.43,118.58,103.51,27.06,0.0,0.0,0.0,0.0,0.0,0.0,0.0,0.0
49.0666,57.97,269.39,163.68,90.42,56.43,121.0,105.93,29.26,0.0,0.0,0.0,0.0,0.0,0.0,0.0,0.0
49.0766,55.88,267.3,163.68,92.51,58.63,125.73,108.24,29.26,0.0,0.0,0.0,0.0,0.0,0.0,0.0,0.0
49.0866,53.79,263.12,159.28,94.6,58.63,128.15,110.66,29.26,0.0,0.0,0.0,0.0,0.0,0.0,0.0,0.0
49.0966,51.7,258.94,157.08,96.8,58.63,130.57,113.08,29.26,0.0,0.0,0.0,0.0,0.0,0.0,0.0,0.0
49.1066,47.52,256.85,152.68,100.98,58.63,132.99,115.28,31.57,0.0,0.0,0.0,0.0,0.0,0.0,0.0,0.0
49.1166,45.54,252.67,150.48,103.07,60.72,137.72,115.28,31.57,0.0,0.0,0.0,0.0,0.0,0.0,0.0,0.0
49.1266,43.45,248.49,146.08,107.36,60.72,140.14,117.59,33.77,0.0,0.0,0.0,0.0,0.0,0.0,0.0,0.0
49.1366,41.36,242.22,139.48,109.45,62.92,142.56,119.79,33.77,0.0,0.0,0.0,0.0,0.0,0.0,0.0,0.0
49.1466,39.27,235.95,132.88,113.63,62.92,144.98,122.1,33.77,0.0,0.0,0.0,0.0,0.0,0.0,0.0,0.0
49.1566,35.09,229.68,126.28,117.81,65.01,149.71,124.41,36.08,0.0,0.0,0.0,0.0,0.0,0.0,0.0,0.0
49.1666,33.11,223.41,119.68,121.99,67.21,152.13,126.61,36.08,0.0,0.0,0.0,0.0,0.0,0.0,0.0,0.0
49.1766,31.02,215.05,113.08,126.06,67.21,156.97,128.92,38.28,0.0,0.0,0.0,0.0,0.0,0.0,0.0,0.0
49.1866,28.93,208.89,104.06,130.24,69.3,159.28,133.43,38.28,0.0,0.0,0.0,0.0,0.0,0.0,0.0,0.0
49.1966,26.84,202.62,95.15,136.4,71.5,164.12,135.74,40.59,0.0,0.0,0.0,0.0,0.0,0.0,0.0,0.0
49.2066,24.75,194.37,86.24,142.67,73.59,168.96,137.94,40.59,0.0,0.0,0.0,0.0,0.0,0.0,0.0,0.0
49.2166,22.77,188.21,75.13,148.83,75.79,175.78,142.56,42.79,0.0,0.0,0.0,0.0,0.0,0.0,0.0,0.0
49.2266,22.77,179.85,66.22,157.08,77.88,180.4,149.38,45.1,0.0,0.0,0.0,0.0,0.0,0.0,0.0,0.0
49.2366,20.68,169.51,55.11,163.35,80.08,187.22,153.89,47.3,0.0,0.0,0.0,0.0,0.0,0.0,0.0,0.0
49.2466,20.68,160.82,45.21,171.71,82.17,194.15,160.71,49.61,0.0,0.0,0.0,0.0,0.0,0.0,0.0,0.0
49.2566,18.59,152.02,37.29,180.18,84.37,200.97,165.22,51.81,0.0,0.0,0.0,0.0,0.0,0.0,0.0,0.0
49.2666,18.59,141.02,29.48,188.65,86.57,207.9,169.84,56.32,0.0,0.0,0.0,0.0,0.0,0.0,0.0,0.0
49.2766,16.5,127.82,21.56,197.23,86.57,214.72,176.77,58.63,0.0,0.0,0.0,0.0,0.0,0.0,0.0,0.0
49.2865,16.5,114.62,15.73,205.7,88.66,223.96,181.5,60.72,0.0,0.0,0.0,0.0,0.0,0.0,0.0,0.0
49.2965,14.41,98.23,13.75,214.17,88.66,230.78,186.12,62.92,0.0,0.0,0.0,0.0,0.0,0.0,0.0,0.0
49.3065,14.41,80.3,11.77,222.64,88.66,237.71,188.43,65.12,0.0,0.0,0.0,0.0,0.0,0.0,0.0,0.0
49.3165,12.32,62.48,9.79,228.58,86.57,246.95,190.74,67.32,20.57,0.0,0.0,0.0,0.0,0.0,0.0,0.0
49.3265,12.32,45.21,7.81,236.28,84.37,253.88,193.05,69.41,34.32,0.0,0.0,0.0,0.0,0.0,0.0,0.0
49.3365,8.25,28.16,7.81,242.0,84.37,263.12,195.47,73.81,38.83,0.0,0.0,0.0,0.0,0.0,0.0,0.0
49.3465,8.25,16.94,5.83,242.0,82.17,270.05,197.78,76.01,50.27,0.0,0.0,0.0,0.0,0.0,0.0,0.0
49.3565,6.16,13.09,3.85,236.28,73.59,276.98,197.78,80.3,71.5,0.0,3.74,0.0,0.0,0.0,0.0,0.0
49.3665,4.07,9.35,3.85,226.71,67.21,281.49,197.78,84.7,121.22,4.18,26.51,0.0,0.0,0.0,0.0,0.0
49.3765,4.07,7.48,0.0,212.08,58.63,285.89,197.78,91.19,123.53,35.53,57.2,0.0,21.12,0.0,0.0,0.0
49.3865,0.0,5.61,0.0,195.03,49.94,290.29,197.78,97.79,112.09,62.81,74.69,0.0,29.59,0.0,10.01,0.0
49.3965,0.0,5.61,0.0,176.0,39.05,290.29,195.47,104.28,100.1,90.42,78.98,7.48,35.97,17.6,26.18,5.5
49.4065,0.0,3.74,0.0,148.83,30.36,288.09,195.47,113.08,85.8,96.8,89.87,7.48,40.26,27.72,40.37,11.11
49.4165,0.0,3.74,0.0,119.9,19.47,283.69,193.05,124.52,73.81,103.18,94.27,10.01,42.35,40.26,50.38,16.72
49.4265,0.0,0.0,0.0,86.13,10.78,272.36,183.81,135.96,61.93,113.85,94.27,12.54,46.53,52.91,66.11,19.47
49.4365,0.0,0.0,0.0,48.07,8.58,251.57,160.71,145.09,52.58,124.63,94.27,15.07,48.73,67.54,78.1,25.08
49.4465,0.0,0.0,0.0,16.72,8.58,212.41,117.59,158.84,47.96,135.52,96.36,17.6,50.82,77.11,92.4,27.83
49.4565,0.0,0.0,0.0,12.54,8.58,135.41,72.82,168.08,43.45,139.92,98.56,20.13,52.91,86.68,106.81,36.19
49.4665,0.0,0.0,0.0,10.45,6.49,69.19,29.26,177.43,38.83,146.41,102.96,20.13,57.53,96.25,116.27,44.66
49.4765,0.0,0.0,0.0,8.36,6.49,29.59,15.73,140.58,38.83,152.9,107.25,22.66,60.06,105.82,127.93,53.02
49.4865,0.0,0.0,0.0,8.36,6.49,12.65,13.53,84.7,36.52,157.3,109.45,25.19,65.12,113.08,137.17,67.32
49.4965,0.0,0.0,0.0,6.27,4.29,8.47,9.02,54.12,34.32,159.39,113.85,27.72,67.65,118.03,146.52,76.01
49.5065,0.0,0.0,0.0,6.27,0.0,6.27,6.71,38.28,32.01,161.59,116.05,30.14,70.18,123.09,153.56,87.67
49.5165,0.0,0.0,0.0,4.18,0.0,4.18,4.51,27.06,32.01,163.79,116.05,32.67,72.71,130.68,160.49,96.36
49.5265,0.0,0.0,0.0,0.0,0.0,0.0,0.0,11.22,29.7,163.79,113.85,32.67,75.24,135.74,169.95,105.16
49.5365,0.0,0.0,0.0,0.0,0.0,0.0,0.0,0.0,27.39,163.79,111.65,35.2,80.3,140.8,177.21,113.52
49.5465,0.0,0.0,0.0,0.0,0.0,0.0,0.0,0.0,27.39,161.59,111.65,37.73,82.83,145.75,184.58,121.11
49.5565,0.0,0.0,0.0,0.0,0.0,0.0,0.0,0.0,25.08,157.3,109.45,37.73,85.25,148.28,191.84,126.17
49.5665,0.0,0.0,0.0,0.0,0.0,0.0,0.0,0.0,22.88,152.9,105.05,40.26,85.25,153.34,196.79,131.23
49.5765,0.0,0.0,0.0,0.0,0.0,0.0,0.0,0.0,22.88,148.61,102.96,42.79,87.78,158.4,201.63,136.29
49.5865,0.0,0.0,0.0,0.0,0.0,0.0,0.0,0.0,20.57,142.01,96.36,42.79,90.31,160.93,206.47,138.82
49.5965,0.0,0.0,0.0,0.0,0.0,0.0,0.0,0.0,18.26,135.52,92.07,45.32,90.31,163.46,209.0,143.88
49.6065,0.0,0.0,0.0,0.0,0.0,0.0,0.0,0.0,18.26,131.23,85.47,47.85,92.84,168.52,216.26,146.41
49.6165,0.0,0.0,0.0,0.0,0.0,0.0,0.0,0.0,18.26,124.63,78.98,47.85,95.37,171.05,218.68,151.47
49.6265,0.0,0.0,0.0,0.0,0.0,0.0,0.0,0.0,18.26,118.14,72.49,50.38,95.37,173.36,221.21,154.0
49.6365,0.0,0.0,0.0,0.0,0.0,0.0,0.0,0.0,15.95,111.65,63.8,52.91,97.9,178.09,225.94,159.06
49.6465,0.0,0.0,0.0,0.0,0.0,0.0,0.0,0.0,15.95,103.18,57.2,55.44,97.9,180.4,230.78,161.59
49.6565,0.0,0.0,0.0,0.0,0.0,0.0,0.0,0.0,13.64,94.71,49.39,55.44,100.43,182.82,235.51,164.12
49.6665,0.0,0.0,0.0,0.0,0.0,0.0,0.0,0.0,13.64,88.33,43.67,57.97,100.43,187.44,237.93,169.18
49.6765,0.0,0.0,0.0,0.0,0.0,0.0,0.0,0.0,13.64,79.86,37.95,60.39,100.43,192.17,242.77,171.71
49.6865,0.0,0.0,0.0,0.0,0.0,0.0,0.0,0.0,13.64,71.28,32.23,60.39,102.96,194.59,247.61,176.77
49.6965,0.0,0.0,0.0,0.0,0.0,0.0,0.0,0.0,13.64,64.9,26.51,62.92,102.96,199.32,252.34,181.72
49.7065,0.0,0.0,0.0,0.0,0.0,0.0,0.0,0.0,13.64,54.34,20.9,65.45,102.96,203.94,254.76,184.25
49.7165,0.0,0.0,0.0,0.0,0.0,0.0,0.0,0.0,13.64,45.98,18.92,65.45,102.96,206.36,259.6,189.31
49.7265,0.0,0.0,0.0,0.0,0.0,0.0,0.0,0.0,11.44,37.62,15.18,67.98,102.96,211.09,264.33,194.26
49.7365,0.0,0.0,0.0,0.0,0.0,0.0,0.0,0.0,11.44,29.26,13.2,70.4,102.96,218.13,266.75,196.79
49.7465,0.0,0.0,0.0,0.0,0.0,0.0,0.0,0.0,11.44,20.9,11.33,72.93,102.96,220.55,269.17,201.85
49.7565,0.0,0.0,0.0,0.0,0.0,0.0,0.0,0.0,9.13,14.63,9.46,72.93,100.43,225.39,274.01,206.8
49.7665,0.0,0.0,0.0,0.0,0.0,0.0,0.0,0.0,9.13,10.45,9.46,72.93,100.43,230.34,276.43,211.86
49.7765,0.0,0.0,0.0,0.0,0.0,0.0,0.0,0.0,6.82,8.36,7.59,70.4,97.9,232.76,278.63,216.81
49.7865,0.0,0.0,0.0,0.0,0.0,0.0,0.0,0.0,4.51,6.27,5.61,67.98,95.37,235.18,283.25,224.4
49.7965,0.0,0.0,0.0,0.0,0.0,0.0,0.0,0.0,4.51,4.18,5.61,62.92,92.84,235.18,285.56,226.93
49.8065,16.5,0.0,0.0,0.0,0.0,0.0,0.0,0.0,0.0,4.18,5.61,57.97,87.78,235.18,285.56,233.86
49.8165,22.77,0.0,0.0,0.0,0.0,0.0,0.0,0.0,0.0,0.0,3.74,55.44,85.25,237.6,287.87,238.59
49.8265,26.84,0.0,0.0,0.0,0.0,0.0,0.0,0.0,0.0,0.0,3.74,50.38,80.3,237.6,290.18,243.32
49.8365,31.02,0.0,0.0,0.0,0.0,0.0,0.0,0.0,0.0,0.0,3.74,42.79,72.71,237.6,292.49,250.36
49.8465,39.27,0.0,0.0,0.0,0.0,0.0,0.0,0.0,0.0,0.0,0.0,37.73,67.65,237.6,294.8,257.4
49.8565,45.54,0.0,0.0,0.0,0.0,0.0,0.0,0.0,0.0,0.0,0.0,30.14,60.06,235.18,297.0,264.44
49.8665,64.46,0.0,0.0,0.0,0.0,0.0,0.0,0.0,0.0,0.0,0.0,22.66,52.91,235.18,297.0,271.48
49.8765,110.22,0.0,0.0,0.0,0.0,0.0,0.0,0.0,0.0,0.0,0.0,12.54,44.44,232.76,299.31,276.1
49.8865,154.11,0.0,0.0,0.0,0.0,0.0,0.0,0.0,0.0,0.0,0.0,4.95,35.97,227.81,297.0,280.94
49.8965,212.63,18.81,0.0,0.0,0.0,0.0,0.0,0.0,0.0,0.0,0.0,0.0,27.5,218.13,294.8,286.0
49.9065,164.01,130.02,3.85,0.0,0.0,0.0,0.0,0.0,0.0,0.0,0.0,0.0,19.03,203.94,290.18,291.06
49.9165,90.53,204.71,64.02,31.35,0.0,4.18,0.0,0.0,0.0,0.0,0.0,0.0,10.56,185.13,283.25,296.12
49.9265,55.88,238.04,104.06,50.16,8.58,35.97,6.71,6.71,0.0,0.0,0.0,0.0,6.27,158.4,262.02,296.12
49.9365,53.79,246.4,121.88,54.34,15.18,52.91,11.22,9.02,0.0,0.0,0.0,0.0,6.27,125.62,225.94,296.12
49.9465,43.45,238.04,135.08,58.63,23.87,71.5,22.55,13.53,0.0,0.0,0.0,0.0,6.27,93.83,174.79,296.12
49.9565,37.18,238.04,139.48,62.81,28.16,83.27,33.77,18.04,0.0,0.0,0.0,0.0,6.27,67.54,123.2,296.12
49.9665,33.11,240.13,143.88,67.1,30.36,92.62,45.1,20.24,0.0,0.0,0.0,0.0,6.27,35.2,68.42,288.53
49.9765,31.02,246.4,148.28,69.19,34.65,99.66,54.12,22.55,0.0,0.0,0.0,0.0,6.27,17.6,24.2,231.55
49.9865,31.02,254.76,154.88,73.48,36.85,106.7,60.94,22.55,0.0,0.0,0.0,0.0,4.18,15.07,20.13,148.94
49.9965,31.02,261.03,159.28,75.57,39.05,113.85,68.09,24.75,0.0,0.0,0.0,0.0,4.18,10.01,16.06,121.11
50.0065,28.93,265.21,159.28,79.75,41.25,118.58,72.82,27.06,0.0,0.0,0.0,0.0,0.0,10.01,12.1,110.99
50.0165,28.93,269.39,157.08,84.04,43.34,125.73,79.86,29.26,0.0,0.0,0.0,0.0,0.0,4.95,8.03,90.53
50.0265,26.84,271.48,154.88,88.33,45.54,130.57,84.59,29.26,0.0,0.0,0.0,0.0,0.0,0.0,6.05,50.16
50.0365,26.84,273.57,154.88,92.51,47.74,137.72,91.74,31.57,0.0,0.0,0.0,0.0,0.0,0.0,0.0,13.86
50.0465,26.84,271.48,154.88,94.6,49.94,142.56,96.47,33.77,0.0,0.0,0.0,0.0,0.0,0.0,0.0,5.5
50.0565,24.75,267.3,154.88,96.8,52.03,144.98,101.2,33.77,0.0,0.0,0.0,0.0,0.0,0.0,0.0,0.0
50.0665,24.75,261.03,154.88,100.98,54.23,149.71,105.93,36.08,0.0,0.0,0.0,0.0,0.0,0.0,0.0,0.0
50.0765,24.75,252.67,154.88,103.07,56.43,152.13,110.66,38.28,0.0,0.0,0.0,0.0,0.0,0.0,0.0,0.0
50.0865,22.77,244.31,154.88,105.27,58.63,154.55,115.28,40.59,0.0,0.0,0.0,0.0,0.0,0.0,0.0,0.0
50.0965,22.77,235.95,152.68,107.36,58.63,159.28,117.59,40.59,0.0,0.0,0.0,0.0,0.0,0.0,0.0,0.0
50.1065,20.68,227.59,146.08,111.65,60.72,161.7,119.79,42.79,0.0,0.0,0.0,0.0,0.0,0.0,0.0,0.0
50.1165,20.68,221.32,139.48,115.72,60.72,164.12,122.1,42.79,0.0,0.0,0.0,0.0,0.0,0.0,0.0,0.0
50.1265,20.68,212.96,130.68,119.9,62.92,168.96,122.1,45.1,0.0,0.0,0.0,0.0,0.0,0.0,0.0,0.0
50.1365,20.68,204.71,124.08,123.97,65.01,171.16,124.41,45.1,0.0,0.0,0.0,0.0,0.0,0.0,0.0,0.0
50.1465,18.59,196.46,117.48,128.15,65.01,173.47,126.61,47.3,0.0,0.0,0.0,0.0,0.0,0.0,0.0,0.0
50.1565,18.59,190.19,110.77,130.24,67.21,178.09,131.23,47.3,0.0,0.0,0.0,0.0,0.0,0.0,0.0,0.0
50.1665,18.59,181.94,106.37,134.31,69.3,180.4,133.43,49.61,0.0,0.0,0.0,0.0,0.0,0.0,0.0,0.0
50.1765,18.59,173.69,101.86,138.49,71.5,182.71,135.74,49.61,0.0,0.0,0.0,0.0,0.0,0.0,0.0,0.0
50.1865,18.59,167.53,97.46,140.58,73.59,184.91,140.25,51.81,0.0,0.0,0.0,0.0,0.0,0.0,0.0,0.0
50.1965,18.59,160.82,92.95,144.76,73.59,187.22,142.56,54.12,0.0,0.0,0.0,0.0,0.0,0.0,0.0,0.0
50.2065,16.5,154.22,88.55,148.83,75.79,191.84,147.07,56.32,0.0,0.0,0.0,0.0,0.0,0.0,0.0,0.0
50.2165,16.5,147.62,81.84,153.01,77.88,194.15,149.38,56.32,0.0,0.0,0.0,0.0,0.0,0.0,0.0,0.0
50.2265,16.5,141.02,75.13,157.08,80.08,196.46,151.58,58.63,0.0,0.0,0.0,0.0,0.0,0.0,0.0,0.0
50.2365,16.5,136.62,66.22,161.26,82.17,200.97,156.09,60.72,0.0,0.0,0.0,0.0,0.0,0.0,0.0,0.0
50.2465,16.5,130.02,57.31,167.53,82.17,205.59,158.4,62.92,0.0,0.0,0.0,0.0,0.0,0.0,0.0,0.0
50.2565,16.5,125.62,51.15,173.8,84.37,210.21,162.91,65.12,0.0,0.0,0.0,0.0,0.0,0.0,0.0,0.0
50.2665,16.5,119.02,43.23,178.09,86.57,214.72,165.22,65.12,0.0,0.0,0.0,0.0,0.0,0.0,0.0,0.0
50.2765,16.5,110.22,35.42,186.56,86.57,221.65,169.84,67.32,0.0,0.0,0.0,0.0,0.0,0.0,0.0,0.0
50.2865,14.41,104.17,29.48,192.94,88.66,226.27,174.46,69.41,0.0,0.0,0.0,0.0,0.0,0.0,0.0,0.0
50.2965,14.41,94.27,23.54,199.32,88.66,233.09,176.77,71.61,0.0,0.0,0.0,0.0,0.0,0.0,0.0,0.0
50.3065,14.41,84.37,17.71,207.79,88.66,240.02,181.5,73.81,0.0,0.0,0.0,0.0,0.0,0.0,0.0,0.0
50.3165,14.41,74.36,13.75,214.17,88.66,244.64,183.81,76.01,0.0,0.0,0.0,0.0,0.0,0.0,0.0,0.0
50.3265,12.32,60.5,11.77,218.46,88.66,251.57,186.12,78.21,0.0,0.0,0.0,0.0,0.0,0.0,0.0,0.0
50.3365,12.32,47.08,9.79,224.84,88.66,256.19,188.43,80.3,0.0,0.0,0.0,0.0,0.0,0.0,0.0,0.0
50.3465,10.34,33.88,7.81,228.58,88.66,263.12,190.74,82.5,0.0,0.0,0.0,0.0,0.0,0.0,0.0,0.0
50.3565,8.25,22.55,7.81,230.56,88.66,267.74,195.47,84.7,0.0,0.0,0.0,0.0,0.0,0.0,0.0,0.0
50.3665,8.25,15.07,5.83,228.58,88.66,272.36,197.78,89.1,13.64,0.0,0.0,0.0,0.0,0.0,0.0,0.0
50.3765,6.16,13.09,3.85,222.64,84.37,279.29,200.09,91.19,20.57,0.0,0.0,0.0,0.0,0.0,0.0,0.0
50.3865,4.07,9.35,3.85,216.26,77.88,283.69,202.4,97.79,22.88,0.0,0.0,0.0,0.0,0.0,0.0,0.0
50.3965,4.07,7.48,0.0,207.79,73.59,288.09,204.71,102.08,29.7,0.0,0.0,0.0,0.0,0.0,0.0,0.0
50.4065,0.0,7.48,0.0,199.32,67.21,294.69,207.02,106.48,36.52,0.0,0.0,0.0,0.0,0.0,0.0,0.0
50.4165,0.0,5.61,0.0,188.65,58.63,301.29,207.02,110.88,41.14,0.0,0.0,0.0,0.0,0.0,0.0,0.0
50.4265,0.0,3.74,0.0,180.18,52.03,305.8,207.02,115.28,73.81,0.0,0.0,0.0,0.0,0.0,0.0,0.0
50.4365,0.0,3.74,0.0,169.62,43.34,310.2,204.71,119.9,97.79,0.0,0.0,0.0,0.0,0.0,0.0,0.0
50.4465,0.0,3.74,0.0,157.08,36.85,312.4,202.4,124.52,109.67,0.0,0.0,0.0,0.0,0.0,0.0,0.0
50.4565,0.0,0.0,0.0,142.67,28.16,314.6,200.09,131.34,148.5,0.0,0.0,0.0,0.0,0.0,0.0,0.0
50.4665,0.0,0.0,0.0,123.97,19.47,316.8,197.78,135.96,199.43,12.54,5.61,0.0,0.0,0.0,0.0,0.0
50.4765,0.0,0.0,0.0,103.07,10.78,314.6,190.74,140.58,148.5,73.48,55.11,0.0,0.0,0.0,0.0,0.0
50.4865,0.0,0.0,0.0,77.66,8.58,308.0,181.5,149.71,76.23,135.52,100.76,15.07,12.65,17.6,28.27,5.5
50.4965,0.0,0.0,0.0,48.07,8.58,294.69,162.91,158.84,69.08,152.9,127.6,17.6,14.74,32.67,42.35,11.11
50.5065,0.0,0.0,0.0,20.9,8.58,267.74,135.74,170.39,61.93,150.7,141.35,17.6,19.03,40.26,56.54,13.86
50.5165,0.0,0.0,0.0,14.63,8.58,203.28,103.51,189.31,50.27,152.9,145.97,17.6,21.12,52.91,68.42,16.72
50.5265,0.0,0.0,0.0,12.54,8.58,121.0,65.67,205.92,41.14,157.3,148.28,20.13,25.41,65.12,82.83,19.47
50.5365,0.0,0.0,0.0,10.45,8.58,66.77,29.26,205.92,34.32,163.79,150.59,22.66,27.5,74.69,97.24,25.08
50.5465,0.0,0.0,0.0,10.45,8.58,29.59,18.04,152.02,29.7,174.46,152.9,25.19,29.59,81.84,109.23,30.69
50.5565,0.0,0.0,0.0,8.36,6.49,16.94,15.73,91.19,29.7,184.91,155.21,30.14,31.79,91.41,120.89,33.44
50.5665,0.0,0.0,0.0,6.27,6.49,12.65,11.22,62.92,25.08,191.18,157.52,32.67,33.88,101.09,130.24,39.05
50.5765,0.0,0.0,0.0,6.27,4.29,8.47,9.02,47.3,22.88,199.54,157.52,35.2,35.97,110.66,139.59,47.41
50.5865,0.0,0.0,0.0,4.18,0.0,6.27,4.51,38.28,22.88,205.81,155.21,40.26,38.06,118.03,148.83,55.77
50.5965,0.0,0.0,0.0,4.18,0.0,4.18,0.0,20.24,20.57,209.99,152.9,42.79,40.26,125.62,153.56,67.32
50.6065,0.0,0.0,0.0,0.0,0.0,0.0,0.0,0.0,20.57,212.08,150.59,47.85,42.35,135.74,160.49,76.01
50.6165,0.0,0.0,0.0,0.0,0.0,0.0,0.0,0.0,18.26,212.08,145.97,47.85,42.35,140.8,167.53,81.84
50.6265,0.0,0.0,0.0,0.0,0.0,0.0,0.0,0.0,18.26,212.08,141.35,52.91,46.53,145.75,172.37,90.53
50.6365,0.0,0.0,0.0,0.0,0.0,0.0,0.0,0.0,15.95,207.9,136.84,55.44,46.53,150.81,179.63,99.33
50.6465,0.0,0.0,0.0,0.0,0.0,0.0,0.0,0.0,15.95,205.81,132.22,57.97,48.73,155.87,184.58,105.16
50.6565,0.0,0.0,0.0,0.0,0.0,0.0,0.0,0.0,15.95,199.54,127.6,60.39,50.82,160.93,189.42,110.99
50.6665,0.0,0.0,0.0,0.0,0.0,0.0,0.0,0.0,13.64,193.27,120.67,62.92,52.91,163.46,194.37,113.52
50.6765,0.0,0.0,0.0,0.0,0.0,0.0,0.0,0.0,13.64,184.91,113.85,62.92,52.91,168.52,199.21,118.58
50.6865,0.0,0.0,0.0,0.0,0.0,0.0,0.0,0.0,13.64,178.64,107.25,65.45,55.11,171.05,201.63,121.11
50.6965,0.0,0.0,0.0,0.0,0.0,0.0,0.0,0.0,13.64,172.37,100.76,67.98,57.53,175.67,204.05,123.64
50.7065,0.0,0.0,0.0,0.0,0.0,0.0,0.0,0.0,13.64,165.99,94.27,70.4,57.53,178.09,206.47,126.17
50.7164,0.0,0.0,0.0,0.0,0.0,0.0,0.0,0.0,11.44,161.59,87.67,72.93,60.06,180.4,211.42,128.7
50.7264,0.0,0.0,0.0,0.0,0.0,0.0,0.0,0.0,11.44,155.1,78.98,72.93,62.59,182.82,213.84,131.23
50.7364,0.0,0.0,0.0,0.0,0.0,0.0,0.0,0.0,11.44,146.41,72.49,75.46,62.59,185.13,218.68,133.76
50.7464,0.0,0.0,0.0,0.0,0.0,0.0,0.0,0.0,11.44,139.92,68.09,77.99,65.12,187.44,221.21,136.29
50.7564,0.0,0.0,0.0,0.0,0.0,0.0,0.0,0.0,11.44,133.32,61.6,77.99,65.12,189.86,225.94,138.82
50.7664,0.0,0.0,0.0,0.0,0.0,0.0,0.0,0.0,11.44,126.83,57.2,80.41,67.65,194.59,228.36,143.88
50.7764,0.0,0.0,0.0,0.0,0.0,0.0,0.0,0.0,11.44,120.34,53.13,82.94,67.65,196.9,233.2,146.41
50.7864,0.0,0.0,0.0,0.0,0.0,0.0,0.0,0.0,11.44,113.85,47.41,82.94,70.18,199.32,237.93,148.94
50.7964,0.0,0.0,0.0,0.0,0.0,0.0,0.0,0.0,11.44,107.47,43.67,85.47,70.18,201.63,242.77,151.47
50.8064,0.0,0.0,0.0,0.0,0.0,0.0,0.0,0.0,11.44,101.09,39.82,88.0,72.71,206.36,245.19,156.53
50.8164,0.0,0.0,0.0,0.0,0.0,0.0,0.0,0.0,11.44,94.71,34.1,90.53,72.71,208.67,249.92,159.06
50.8264,0.0,0.0,0.0,0.0,0.0,0.0,0.0,0.0,11.44,88.33,28.49,92.95,75.24,213.4,254.76,164.12
50.8364,0.0,0.0,0.0,0.0,0.0,0.0,0.0,0.0,11.44,79.86,22.77,95.48,75.24,218.13,259.6,169.18
50.8464,0.0,0.0,0.0,0.0,0.0,0.0,0.0,0.0,9.13,71.28,18.92,98.01,75.24,222.97,264.33,171.71
50.8564,0.0,0.0,0.0,0.0,0.0,0.0,0.0,0.0,9.13,60.72,15.18,100.54,75.24,230.34,269.17,176.77
50.8664,0.0,0.0,0.0,0.0,0.0,0.0,0.0,0.0,9.13,48.07,13.2,105.49,75.24,237.6,271.59,181.72
50.8764,0.0,0.0,0.0,0.0,0.0,0.0,0.0,0.0,9.13,35.53,13.2,108.02,72.71,242.55,276.43,186.78
50.8864,0.0,0.0,0.0,0.0,0.0,0.0,0.0,0.0,6.82,25.08,11.33,110.55,72.71,249.92,278.63,191.73
50.8964,0.0,0.0,0.0,0.0,0.0,0.0,0.0,0.0,6.82,16.72,9.46,110.55,72.71,254.76,283.25,196.79
50.9064,0.0,0.0,0.0,0.0,0.0,0.0,0.0,0.0,4.51,10.45,7.59,108.02,70.18,259.71,287.87,204.27
50.9164,0.0,0.0,0.0,0.0,0.0,0.0,0.0,0.0,4.51,8.36,5.61,102.96,65.12,264.55,292.49,211.86
50.9264,4.07,0.0,0.0,0.0,0.0,0.0,0.0,0.0,0.0,6.27,5.61,98.01,60.06,269.5,297.0,221.87
50.9364,6.16,0.0,0.0,0.0,0.0,0.0,0.0,0.0,0.0,4.18,3.74,92.95,55.11,271.92,299.31,229.24
50.9464,14.41,0.0,0.0,0.0,0.0,0.0,0.0,0.0,0.0,4.18,3.74,85.47,50.82,274.34,303.93,236.28
50.9564,26.84,0.0,0.0,0.0,0.0,0.0,0.0,0.0,0.0,0.0,0.0,80.41,44.44,276.76,306.24,243.32
50.9664,37.18,0.0,0.0,0.0,0.0,0.0,0.0,0.0,0.0,0.0,0.0,70.4,35.97,279.29,306.24,250.36
50.9764,62.26,0.0,0.0,0.0,0.0,0.0,0.0,0.0,0.0,0.0,0.0,62.92,29.59,281.71,308.55,257.4
50.9864,92.73,0.0,0.0,0.0,0.0,0.0,0.0,0.0,0.0,0.0,0.0,52.91,25.41,281.71,308.55,264.44
50.9964,105.82,0.0,0.0,0.0,0.0,0.0,0.0,0.0,0.0,0.0,0.0,37.73,16.94,281.71,308.55,271.48
51.0064,124.3,0.0,0.0,0.0,0.0,0.0,0.0,0.0,0.0,0.0,0.0,25.19,12.65,276.76,308.55,278.52
51.0164,162.03,0.0,0.0,0.0,0.0,0.0,0.0,0.0,0.0,0.0,0.0,12.54,8.47,269.5,301.62,286.0
51.0264,228.8,18.81,0.0,0.0,0.0,0.0,0.0,0.0,0.0,0.0,0.0,0.0,6.27,254.76,292.49,291.06
51.0364,204.49,130.02,0.0,0.0,0.0,0.0,0.0,0.0,0.0,0.0,0.0,0.0,6.27,227.81,274.01,296.12
51.0464,138.16,212.96,55.11,10.45,0.0,0.0,0.0,0.0,0.0,0.0,0.0,0.0,6.27,199.32,247.61,301.18
51.0564,79.64,252.67,115.28,48.07,10.78,16.94,6.71,4.51,0.0,0.0,0.0,0.0,6.27,163.46,204.05,306.24
51.0664,68.75,263.12,141.68,56.54,21.67,40.26,18.04,9.02,0.0,0.0,0.0,0.0,8.47,123.09,151.14,308.77
51.0764,55.88,258.94,154.88,58.63,30.36,57.42,36.08,13.53,0.0,0.0,0.0,0.0,8.47,89.1,94.82,308.77
51.0864,49.61,256.85,163.68,62.81,34.65,69.19,51.81,15.73,0.0,0.0,0.0,4.95,8.47,50.38,40.37,286.0
51.0964,45.54,261.03,172.81,62.81,39.05,78.54,63.36,18.04,0.0,0.0,0.0,0.0,8.47,20.13,26.18,196.79
51.1064,45.54,265.21,182.27,65.01,41.25,85.58,72.82,20.24,0.0,0.0,0.0,0.0,6.27,15.07,22.11,136.29
51.1164,45.54,269.39,189.42,65.01,45.54,90.31,82.28,20.24,0.0,0.0,0.0,0.0,6.27,12.54,18.15,121.11
51.1264,45.54,275.66,196.46,67.1,47.74,95.04,89.32,20.24,0.0,0.0,0.0,0.0,4.18,10.01,14.08,116.05
51.1364,45.54,281.93,196.46,69.19,49.94,99.66,94.05,22.55,0.0,0.0,0.0,0.0,0.0,4.95,8.03,81.84
51.1464,45.54,290.18,194.15,71.28,52.03,104.39,98.78,22.55,0.0,0.0,0.0,0.0,0.0,0.0,3.96,30.69
51.1564,45.54,294.36,189.42,75.57,54.23,109.12,103.51,24.75,0.0,0.0,0.0,0.0,0.0,0.0,0.0,11.11
51.1664,41.36,296.45,184.69,77.66,54.23,113.85,108.24,24.75,0.0,0.0,0.0,0.0,0.0,0.0,0.0,5.5
51.1764,39.27,294.36,179.96,81.95,56.43,118.58,113.08,27.06,0.0,0.0,0.0,0.0,0.0,0.0,0.0,0.0
51.1864,37.18,290.18,175.23,84.04,58.63,123.42,117.59,27.06,0.0,0.0,0.0,0.0,0.0,0.0,0.0,0.0
51.1964,35.09,281.93,172.81,88.33,60.72,125.73,119.79,29.26,0.0,0.0,0.0,0.0,0.0,0.0,0.0,0.0
51.2064,33.11,273.57,168.19,90.42,62.92,130.57,124.41,29.26,0.0,0.0,0.0,0.0,0.0,0.0,0.0,0.0
51.2164,31.02,263.12,163.68,92.51,65.01,132.99,126.61,29.26,0.0,0.0,0.0,0.0,0.0,0.0,0.0,0.0
51.2264,31.02,250.58,161.48,94.6,67.21,135.41,131.23,31.57,0.0,0.0,0.0,0.0,0.0,0.0,0.0,0.0
51.2364,28.93,240.13,157.08,96.8,67.21,137.72,133.43,31.57,0.0,0.0,0.0,0.0,0.0,0.0,0.0,0.0
51.2464,26.84,229.68,150.48,98.89,69.3,140.14,137.94,31.57,0.0,0.0,0.0,0.0,0.0,0.0,0.0,0.0
51.2564,26.84,219.23,141.68,103.07,71.5,144.98,140.25,33.77,0.0,0.0,0.0,0.0,0.0,0.0,0.0,0.0
51.2664,24.75,208.89,135.08,105.27,73.59,147.29,144.76,33.77,0.0,0.0,0.0,0.0,0.0,0.0,0.0,0.0
51.2764,22.77,196.46,128.48,109.45,75.79,152.13,149.38,36.08,0.0,0.0,0.0,0.0,0.0,0.0,0.0,0.0
51.2864,22.77,186.12,121.88,113.63,77.88,156.97,153.89,38.28,0.0,0.0,0.0,0.0,0.0,0.0,0.0,0.0
51.2964,22.77,175.78,117.48,115.72,80.08,161.7,160.71,40.59,0.0,0.0,0.0,0.0,0.0,0.0,0.0,0.0
51.3064,20.68,165.22,110.77,121.99,82.17,166.54,165.22,42.79,0.0,0.0,0.0,0.0,0.0,0.0,0.0,0.0
51.3164,20.68,154.22,101.86,126.06,86.57,171.16,172.15,45.1,0.0,0.0,0.0,0.0,0.0,0.0,0.0,0.0
51.3264,18.59,145.42,95.15,132.33,88.66,175.78,179.08,49.61,0.0,0.0,0.0,0.0,0.0,0.0,0.0,0.0
51.3364,18.59,134.42,84.04,136.4,90.86,182.71,183.81,51.81,0.0,0.0,0.0,0.0,0.0,0.0,0.0,0.0
51.3464,18.59,127.82,72.93,142.67,92.95,187.22,190.74,54.12,0.0,0.0,0.0,0.0,0.0,0.0,0.0,0.0
51.3564,18.59,119.02,61.71,148.83,97.24,194.15,195.47,58.63,0.0,0.0,0.0,0.0,0.0,0.0,0.0,0.0
51.3664,16.5,112.42,51.15,157.08,99.44,200.97,200.09,60.72,0.0,0.0,0.0,0.0,0.0,0.0,0.0,0.0
51.3764,16.5,104.17,39.27,163.35,99.44,207.9,207.02,65.12,0.0,0.0,0.0,0.0,0.0,0.0,0.0,0.0
51.3864,16.5,94.27,27.5,171.71,101.53,214.72,211.75,67.32,0.0,0.0,0.0,0.0,0.0,0.0,0.0,0.0
51.3964,14.41,84.37,19.58,180.18,101.53,221.65,216.37,69.41,0.0,0.0,0.0,0.0,0.0,0.0,0.0,0.0
51.4064,14.41,70.4,15.73,186.56,101.53,230.78,220.99,73.81,0.0,0.0,0.0,0.0,0.0,0.0,0.0,0.0
51.4164,12.32,54.56,11.77,195.03,101.53,237.71,225.61,76.01,0.0,0.0,0.0,0.0,0.0,0.0,0.0,0.0
51.4264,12.32,39.49,9.79,201.41,99.44,246.95,227.92,78.21,0.0,0.0,0.0,0.0,0.0,0.0,0.0,0.0
51.4364,10.34,26.29,9.79,205.7,99.44,253.88,230.23,82.5,0.0,0.0,0.0,0.0,0.0,0.0,0.0,0.0
51.4464,8.25,16.94,7.81,207.79,97.24,260.81,234.85,86.9,0.0,0.0,0.0,0.0,0.0,0.0,0.0,0.0
51.4564,6.16,13.09,5.83,203.61,95.15,267.74,237.16,91.19,11.44,0.0,0.0,0.0,0.0,0.0,0.0,0.0
51.4664,6.16,11.22,3.85,195.03,88.66,274.67,239.47,95.59,20.57,0.0,0.0,0.0,0.0,0.0,0.0,0.0
51.4764,4.07,7.48,3.85,188.65,84.37,279.29,241.78,102.08,27.39,0.0,0.0,0.0,0.0,0.0,0.0,0.0
51.4864,4.07,7.48,0.0,180.18,75.79,285.89,243.98,106.48,36.52,0.0,0.0,0.0,0.0,0.0,0.0,0.0
51.4964,0.0,5.61,0.0,171.71,67.21,290.29,243.98,113.08,45.76,0.0,0.0,0.0,0.0,0.0,0.0,0.0
51.5064,0.0,3.74,0.0,163.35,58.63,296.89,241.78,117.59,54.89,0.0,0.0,0.0,0.0,0.0,0.0,0.0
51.5164,0.0,3.74,0.0,153.01,52.03,301.29,239.47,122.21,73.81,0.0,0.0,0.0,0.0,0.0,0.0,0.0
51.5264,0.0,3.74,0.0,140.58,41.25,305.8,234.85,126.83,130.35,0.0,0.0,0.0,0.0,0.0,0.0,0.0
51.5364,0.0,0.0,0.0,126.06,32.56,308.0,230.23,131.34,171.38,0.0,0.0,0.0,0.0,0.0,0.0,0.0
51.5464,0.0,0.0,0.0,107.36,21.67,305.8,225.61,138.27,245.96,12.54,13.2,0.0,0.0,0.0,0.0,0.0
51.5564,0.0,0.0,0.0,84.04,12.98,299.09,220.99,145.09,153.12,98.89,89.87,0.0,0.0,0.0,0.0,0.0
51.5664,0.0,0.0,0.0,54.34,8.58,285.89,209.44,152.02,83.38,178.64,129.91,20.13,10.56,25.19,22.11,8.36
51.5764,0.0,0.0,0.0,22.99,8.58,260.81,186.12,163.46,69.08,193.27,148.28,25.19,14.74,40.26,38.28,13.86
51.5864,0.0,0.0,0.0,12.54,8.58,205.59,147.07,179.85,52.58,193.27,152.9,30.14,19.03,57.97,54.45,16.72
51.5964,0.0,0.0,0.0,10.45,8.58,123.42,96.47,194.04,38.83,205.81,143.66,37.73,23.21,77.11,66.11,22.33
51.6064,0.0,0.0,0.0,8.36,8.58,69.19,51.81,208.34,29.7,216.26,136.84,45.32,25.41,93.83,80.41,25.08
51.6164,0.0,0.0,0.0,6.27,6.49,27.5,22.55,175.12,25.08,228.69,132.22,50.38,27.5,108.24,94.82,30.69
51.6264,0.0,0.0,0.0,6.27,6.49,14.74,15.73,95.59,22.88,236.83,129.91,57.97,29.59,120.56,104.39,36.19
51.6364,0.0,0.0,0.0,6.27,4.29,12.65,13.53,54.12,20.57,242.99,125.29,62.92,31.79,135.74,116.27,41.8
51.6464,0.0,0.0,0.0,4.18,4.29,8.47,9.02,38.28,18.26,249.04,118.36,67.98,33.88,145.75,123.2,47.41
51.6564,0.0,0.0,0.0,0.0,0.0,6.27,6.71,33.77,18.26,251.13,111.65,75.46,35.97,158.4,130.24,50.16
51.6664,0.0,0.0,0.0,0.0,0.0,4.18,0.0,15.73,15.95,255.2,102.96,80.41,38.06,168.52,134.86,55.77
51.6764,0.0,0.0,0.0,0.0,0.0,0.0,0.0,0.0,15.95,255.2,94.27,85.47,40.26,175.67,139.59,58.63
51.6864,0.0,0.0,0.0,0.0,0.0,0.0,0.0,0.0,13.64,251.13,85.47,90.53,42.35,182.82,144.21,67.32
51.6964,0.0,0.0,0.0,0.0,0.0,0.0,0.0,0.0,13.64,247.06,76.78,95.48,42.35,189.86,151.14,70.18
51.7064,0.0,0.0,0.0,0.0,0.0,0.0,0.0,0.0,13.64,240.9,68.09,98.01,44.44,194.59,155.87,73.15
51.7164,0.0,0.0,0.0,0.0,0.0,0.0,0.0,0.0,13.64,232.76,61.6,102.96,46.53,199.32,160.49,78.98
51.7264,0.0,0.0,0.0,0.0,0.0,0.0,0.0,0.0,13.64,224.62,53.13,105.49,48.73,203.94,167.53,84.81
51.7364,0.0,0.0,0.0,0.0,0.0,0.0,0.0,0.0,13.64,214.17,49.39,105.49,48.73,208.67,169.95,90.53
51.7464,0.0,0.0,0.0,0.0,0.0,0.0,0.0,0.0,11.44,203.72,43.67,108.02,50.82,211.09,174.79,93.5
51.7564,0.0,0.0,0.0,0.0,0.0,0.0,0.0,0.0,11.44,193.27,37.95,110.55,52.91,213.4,179.63,96.36
51.7664,0.0,0.0,0.0,0.0,0.0,0.0,0.0,0.0,11.44,182.82,32.23,113.08,55.11,215.82,184.58,99.33
51.7764,0.0,0.0,0.0,0.0,0.0,0.0,0.0,0.0,11.44,172.37,26.51,115.5,55.11,220.55,187.0,102.19
51.7864,0.0,0.0,0.0,0.0,0.0,0.0,0.0,0.0,11.44,161.59,24.64,118.03,57.53,222.97,191.84,108.02
51.7964,0.0,0.0,0.0,0.0,0.0,0.0,0.0,0.0,11.44,150.7,18.92,120.45,57.53,225.39,196.79,110.99
51.8064,0.0,0.0,0.0,0.0,0.0,0.0,0.0,0.0,9.13,139.92,17.05,122.98,60.06,227.81,199.21,113.52
51.8164,0.0,0.0,0.0,0.0,0.0,0.0,0.0,0.0,11.44,126.83,15.18,122.98,60.06,230.34,204.05,116.05
51.8264,0.0,0.0,0.0,0.0,0.0,0.0,0.0,0.0,11.44,115.94,13.2,125.51,60.06,232.76,206.47,118.58
51.8364,0.0,0.0,0.0,0.0,0.0,0.0,0.0,0.0,11.44,105.27,13.2,127.93,60.06,235.18,211.42,121.11
51.8464,0.0,0.0,0.0,0.0,0.0,0.0,0.0,0.0,9.13,94.71,13.2,127.93,62.59,237.6,216.26,126.17
51.8564,0.0,0.0,0.0,0.0,0.0,0.0,0.0,0.0,9.13,86.13,11.33,130.46,62.59,240.13,221.21,131.23
51.8664,0.0,0.0,0.0,0.0,0.0,0.0,0.0,0.0,9.13,77.66,11.33,130.46,65.12,242.55,228.36,136.29
51.8764,0.0,0.0,0.0,0.0,0.0,0.0,0.0,0.0,9.13,67.1,11.33,130.46,65.12,244.97,233.2,138.82
51.8864,0.0,0.0,0.0,0.0,0.0,0.0,0.0,0.0,9.13,58.63,11.33,132.88,67.65,247.39,237.93,143.88
51.8964,0.0,0.0,0.0,0.0,0.0,0.0,0.0,0.0,9.13,50.16,9.46,132.88,67.65,249.92,242.77,148.94
51.9064,0.0,0.0,0.0,0.0,0.0,0.0,0.0,0.0,9.13,39.71,9.46,135.41,67.65,254.76,249.92,154.0
51.9164,0.0,0.0,0.0,0.0,0.0,0.0,0.0,0.0,6.82,33.44,9.46,135.41,70.18,257.18,254.76,159.06
51.9264,0.0,0.0,0.0,0.0,0.0,0.0,0.0,0.0,6.82,25.08,7.59,135.41,70.18,262.13,259.6,166.76
51.9364,0.0,0.0,0.0,0.0,0.0,0.0,0.0,0.0,6.82,18.81,7.59,135.41,70.18,264.55,264.33,171.71
51.9464,0.0,0.0,0.0,0.0,0.0,0.0,0.0,0.0,4.51,12.54,5.61,132.88,70.18,269.5,266.75,179.19
51.9564,0.0,0.0,0.0,0.0,0.0,0.0,0.0,0.0,4.51,8.36,5.61,127.93,65.12,274.34,271.59,186.78
51.9664,0.0,0.0,0.0,0.0,0.0,0.0,0.0,0.0,0.0,6.27,3.74,125.51,62.59,276.76,278.63,196.79
51.9764,10.34,0.0,0.0,0.0,0.0,0.0,0.0,0.0,0.0,6.27,3.74,118.03,60.06,281.71,283.25,204.27
51.9864,14.41,0.0,0.0,0.0,0.0,0.0,0.0,0.0,0.0,4.18,3.74,110.55,55.11,281.71,285.56,214.39
51.9964,18.59,0.0,0.0,0.0,0.0,0.0,0.0,0.0,0.0,4.18,0.0,102.96,48.73,284.13,292.49,221.87
52.0064,26.84,0.0,0.0,0.0,0.0,0.0,0.0,0.0,0.0,0.0,0.0,95.48,44.44,286.55,297.0,229.24
52.0164,33.11,0.0,0.0,0.0,0.0,0.0,0.0,0.0,0.0,0.0,0.0,85.47,38.06,289.08,299.31,238.59
52.0264,41.36,0.0,0.0,0.0,0.0,0.0,0.0,0.0,0.0,0.0,0.0,77.99,31.79,289.08,301.62,243.32
52.0364,49.61,0.0,0.0,0.0,0.0,0.0,0.0,0.0,0.0,0.0,0.0,65.45,25.41,291.5,303.93,250.36
52.0464,90.53,0.0,0.0,0.0,0.0,0.0,0.0,0.0,0.0,0.0,0.0,55.44,21.12,291.5,301.62,257.4
52.0564,118.36,0.0,0.0,0.0,0.0,0.0,0.0,0.0,0.0,0.0,0.0,40.26,14.74,291.5,299.31,262.02
52.0664,170.06,0.0,0.0,0.0,0.0,0.0,0.0,0.0,0.0,0.0,0.0,27.72,10.56,289.08,292.49,266.75
52.0764,222.75,30.14,0.0,0.0,0.0,0.0,0.0,0.0,0.0,0.0,0.0,12.54,8.47,281.71,280.94,271.48
52.0864,160.05,163.02,3.85,0.0,0.0,0.0,0.0,0.0,0.0,0.0,0.0,4.95,6.27,266.97,264.33,276.1
52.0964,97.13,223.41,75.13,41.8,0.0,6.27,0.0,0.0,0.0,0.0,0.0,4.95,8.47,240.13,235.51,280.94
52.1064,75.35,254.76,119.68,56.54,15.18,35.97,9.02,6.71,0.0,0.0,0.0,0.0,8.47,203.94,196.79,283.47
52.1164,64.46,256.85,135.08,60.72,25.96,57.42,22.55,11.22,0.0,0.0,0.0,4.95,8.47,158.4,146.52,286.0
52.1264,53.79,252.67,143.88,62.81,30.36,71.5,36.08,15.73,0.0,0.0,0.0,4.95,10.56,108.24,92.4,286.0
52.1364,47.52,252.67,150.48,67.1,34.65,83.27,49.61,18.04,0.0,0.0,0.0,4.95,10.56,67.54,40.37,264.44
52.1463,43.45,256.85,157.08,69.19,39.05,92.62,60.94,20.24,0.0,0.0,0.0,4.95,8.47,25.19,26.18,184.25
52.1563,43.45,261.03,165.88,71.28,43.34,97.35,70.4,22.55,0.0,0.0,0.0,4.95,8.47,17.6,22.11,126.17
52.1663,43.45,265.21,175.23,73.48,47.74,104.39,79.86,24.75,0.0,0.0,0.0,4.95,6.27,15.07,18.15,116.05
52.1763,43.45,269.39,179.96,75.57,49.94,109.12,87.01,24.75,0.0,0.0,0.0,4.95,4.18,10.01,12.1,105.16
52.1863,43.45,273.57,179.96,77.66,52.03,113.85,96.47,27.06,0.0,0.0,0.0,0.0,0.0,7.48,8.03,76.01
52.1963,41.36,275.66,177.54,81.95,56.43,121.0,103.51,29.26,0.0,0.0,0.0,0.0,0.0,4.95,3.96,30.69
52.2063,39.27,275.66,175.23,84.04,58.63,125.73,110.66,31.57,0.0,0.0,0.0,0.0,0.0,0.0,0.0,8.36
52.2163,37.18,273.57,172.81,86.13,60.72,130.57,115.28,33.77,0.0,0.0,0.0,0.0,0.0,0.0,0.0,5.5
52.2263,35.09,269.39,170.5,88.33,62.92,135.41,122.1,38.28,0.0,0.0,0.0,0.0,0.0,0.0,0.0,0.0
52.2363,35.09,263.12,170.5,90.42,65.01,137.72,126.61,40.59,0.0,0.0,0.0,0.0,0.0,0.0,0.0,0.0
52.2463,33.11,252.67,168.19,92.51,67.21,140.14,128.92,45.1,0.0,0.0,0.0,0.0,0.0,0.0,0.0,0.0
52.2563,31.02,244.31,165.88,94.6,69.3,142.56,133.43,47.3,0.0,0.0,0.0,0.0,0.0,0.0,0.0,0.0
52.2663,28.93,233.86,163.68,94.6,69.3,144.98,135.74,47.3,0.0,0.0,0.0,0.0,0.0,0.0,0.0,0.0
52.2763,28.93,225.5,159.28,96.8,71.5,144.98,137.94,49.61,0.0,0.0,0.0,0.0,0.0,0.0,0.0,0.0
52.2863,26.84,215.05,154.88,98.89,73.59,147.29,140.25,51.81,0.0,0.0,0.0,0.0,0.0,0.0,0.0,0.0
52.2963,26.84,206.8,150.48,100.98,73.59,149.71,142.56,54.12,0.0,0.0,0.0,0.0,0.0,0.0,0.0,0.0
52.3063,24.75,196.46,141.68,103.07,75.79,152.13,144.76,54.12,0.0,0.0,0.0,0.0,0.0,0.0,0.0,0.0
52.3163,24.75,188.21,135.08,107.36,77.88,154.55,147.07,56.32,0.0,0.0,0.0,0.0,0.0,0.0,0.0,0.0
52.3263,22.77,179.85,126.28,109.45,77.88,156.97,149.38,56.32,0.0,0.0,0.0,0.0,0.0,0.0,0.0,0.0
52.3363,22.77,169.51,119.68,113.63,80.08,161.7,153.89,58.63,0.0,0.0,0.0,0.0,0.0,0.0,0.0,0.0
52.3463,20.68,160.82,115.28,115.72,82.17,164.12,156.09,60.72,0.0,0.0,0.0,0.0,0.0,0.0,0.0,0.0
52.3563,20.68,152.02,108.57,117.81,84.37,166.54,158.4,62.92,0.0,0.0,0.0,0.0,0.0,0.0,0.0,0.0
52.3663,20.68,143.22,104.06,121.99,86.57,168.96,162.91,65.12,0.0,0.0,0.0,0.0,0.0,0.0,0.0,0.0
52.3763,20.68,134.42,97.46,126.06,88.66,171.16,167.53,67.32,0.0,0.0,0.0,0.0,0.0,0.0,0.0,0.0
52.3863,18.59,127.82,92.95,128.15,90.86,175.78,169.84,71.61,0.0,0.0,0.0,0.0,0.0,0.0,0.0,0.0
52.3963,18.59,121.22,86.24,132.33,92.95,180.4,174.46,73.81,0.0,0.0,0.0,0.0,0.0,0.0,0.0,0.0
52.4063,18.59,114.62,77.33,136.4,95.15,182.71,179.08,76.01,0.0,0.0,0.0,0.0,0.0,0.0,0.0,0.0
52.4163,18.59,108.13,70.62,142.67,97.24,187.22,183.81,80.3,0.0,0.0,0.0,0.0,0.0,0.0,0.0,0.0
52.4263,16.5,104.17,59.51,146.74,99.44,194.15,188.43,84.7,0.0,0.0,0.0,0.0,0.0,0.0,0.0,0.0
52.4363,16.5,98.23,51.15,153.01,101.53,198.66,193.05,86.9,0.0,0.0,0.0,0.0,0.0,0.0,0.0,0.0
52.4463,16.5,92.29,41.25,159.17,103.73,205.59,197.78,91.19,0.0,0.0,0.0,0.0,0.0,0.0,0.0,0.0
52.4563,16.5,84.37,33.44,165.44,103.73,210.21,202.4,95.59,0.0,0.0,0.0,0.0,0.0,0.0,0.0,0.0
52.4663,16.5,76.34,25.52,171.71,105.82,217.03,204.71,97.79,0.0,0.0,0.0,0.0,0.0,0.0,0.0,0.0
52.4763,14.41,66.44,17.71,180.18,105.82,221.65,207.02,99.99,0.0,0.0,0.0,0.0,0.0,0.0,0.0,0.0
52.4863,14.41,54.56,13.75,184.47,105.82,228.47,209.44,104.28,0.0,0.0,0.0,0.0,0.0,0.0,0.0,0.0
52.4963,12.32,41.36,11.77,190.85,103.73,235.4,211.75,106.48,0.0,0.0,0.0,0.0,0.0,0.0,0.0,0.0
52.5063,12.32,30.14,9.79,197.23,103.73,240.02,214.06,108.68,0.0,0.0,0.0,0.0,0.0,0.0,0.0,0.0
52.5163,10.34,18.81,7.81,199.32,103.73,246.95,216.37,110.88,20.57,0.0,0.0,0.0,0.0,0.0,0.0,0.0
52.5263,8.25,13.09,5.83,199.32,101.53,253.88,216.37,115.28,18.26,0.0,0.0,0.0,0.0,0.0,0.0,0.0
52.5363,6.16,11.22,5.83,197.23,95.15,258.5,216.37,119.9,27.39,0.0,0.0,0.0,0.0,0.0,0.0,0.0
52.5463,4.07,9.35,3.85,190.85,88.66,265.43,218.68,124.52,34.32,0.0,0.0,0.0,0.0,0.0,0.0,0.0
52.5563,4.07,7.48,0.0,184.47,82.17,272.36,218.68,129.03,38.83,0.0,0.0,0.0,0.0,0.0,0.0,0.0
52.5663,0.0,5.61,0.0,178.09,75.79,279.29,216.37,133.65,47.96,0.0,0.0,0.0,0.0,0.0,0.0,0.0
52.5763,0.0,3.74,0.0,171.71,67.21,283.69,214.06,138.27,95.37,0.0,0.0,0.0,0.0,0.0,0.0,0.0
52.5863,0.0,3.74,0.0,163.35,58.63,290.29,211.75,140.58,116.71,0.0,0.0,0.0,0.0,0.0,0.0,0.0
52.5963,0.0,0.0,0.0,150.92,49.94,292.49,209.44,145.09,150.81,0.0,0.0,0.0,0.0,0.0,0.0,0.0
52.6063,0.0,0.0,0.0,136.4,39.05,296.89,207.02,149.71,201.74,6.27,24.64,0.0,0.0,0.0,0.0,0.0
52.6163,0.0,0.0,0.0,115.72,30.36,294.69,207.02,156.53,128.04,69.19,81.18,0.0,0.0,0.0,0.0,0.0
52.6263,0.0,0.0,0.0,92.51,19.47,290.29,204.71,161.15,66.66,137.72,116.05,12.54,12.65,15.07,28.27,5.5
52.6363,0.0,0.0,0.0,65.01,12.98,281.49,195.47,165.77,52.58,157.3,139.15,15.07,12.65,27.72,40.37,11.11
52.6463,0.0,0.0,0.0,31.35,10.78,263.12,179.08,172.7,43.45,152.9,145.97,15.07,16.94,40.26,52.47,13.86
52.6563,0.0,0.0,0.0,14.63,10.78,221.65,147.07,182.16,34.32,157.3,148.28,17.6,21.12,55.44,68.42,19.47
52.6663,0.0,0.0,0.0,10.45,10.78,154.55,105.93,189.31,29.7,161.59,145.97,22.66,25.41,72.27,87.67,22.33
52.6763,0.0,0.0,0.0,8.36,10.78,66.77,60.94,191.73,25.08,168.19,148.28,25.19,27.5,81.84,101.97,27.83
52.6863,0.0,0.0,0.0,8.36,8.58,44.44,24.75,172.7,22.88,178.64,152.9,27.72,31.79,93.83,118.58,33.44
52.6963,0.0,0.0,0.0,6.27,8.58,19.03,20.24,122.21,22.88,184.91,157.52,30.14,33.88,105.82,130.24,39.05
52.7063,0.0,0.0,0.0,6.27,6.49,14.74,15.73,80.3,20.57,191.18,159.83,32.67,35.97,113.08,144.21,44.66
52.7163,0.0,0.0,0.0,4.18,6.49,10.56,11.22,49.61,20.57,195.36,159.83,37.73,38.06,123.09,153.56,53.02
52.7263,0.0,0.0,0.0,4.18,4.29,8.47,9.02,31.57,18.26,201.63,159.83,40.26,40.26,133.21,160.49,64.35
52.7363,0.0,0.0,0.0,0.0,0.0,4.18,4.51,24.75,18.26,205.81,157.52,42.79,42.35,138.27,169.95,73.15
52.7463,0.0,0.0,0.0,0.0,0.0,0.0,0.0,11.22,18.26,207.9,152.9,45.32,44.44,145.75,177.21,81.84
52.7563,0.0,0.0,0.0,0.0,0.0,0.0,0.0,0.0,15.95,205.81,150.59,47.85,46.53,150.81,184.58,93.5
52.7663,0.0,0.0,0.0,0.0,0.0,0.0,0.0,0.0,15.95,205.81,148.28,52.91,50.82,158.4,191.84,99.33
52.7763,0.0,0.0,0.0,0.0,0.0,0.0,0.0,0.0,15.95,203.72,143.66,55.44,52.91,163.46,199.21,108.02
52.7863,0.0,0.0,0.0,0.0,0.0,0.0,0.0,0.0,15.95,199.54,136.84,57.97,52.91,168.52,204.05,116.05
52.7963,0.0,0.0,0.0,0.0,0.0,0.0,0.0,0.0,15.95,193.27,132.22,57.97,55.11,173.36,211.42,121.11
52.8063,0.0,0.0,0.0,0.0,0.0,0.0,0.0,0.0,13.64,187.0,125.29,60.39,60.06,175.67,216.26,126.17
52.8163,0.0,0.0,0.0,0.0,0.0,0.0,0.0,0.0,13.64,178.64,118.36,62.92,62.59,180.4,221.21,131.23
52.8263,0.0,0.0,0.0,0.0,0.0,0.0,0.0,0.0,13.64,170.28,111.65,65.45,62.59,182.82,225.94,136.29
52.8363,0.0,0.0,0.0,0.0,0.0,0.0,0.0,0.0,13.64,161.59,105.05,67.98,65.12,185.13,233.2,138.82
52.8463,0.0,0.0,0.0,0.0,0.0,0.0,0.0,0.0,13.64,152.9,98.56,67.98,67.65,187.44,237.93,143.88
52.8563,0.0,0.0,0.0,0.0,0.0,0.0,0.0,0.0,11.44,144.21,92.07,70.4,70.18,189.86,240.35,146.41
52.8663,0.0,0.0,0.0,0.0,0.0,0.0,0.0,0.0,13.64,135.52,83.38,70.4,70.18,189.86,245.19,151.47
52.8763,0.0,0.0,0.0,0.0,0.0,0.0,0.0,0.0,13.64,126.83,76.78,72.93,72.71,194.59,249.92,154.0
52.8863,0.0,0.0,0.0,0.0,0.0,0.0,0.0,0.0,11.44,118.14,68.09,72.93,72.71,196.9,252.34,156.53
52.8963,0.0,0.0,0.0,0.0,0.0,0.0,0.0,0.0,11.44,109.56,61.6,75.46,75.24,199.32,257.18,159.06
52.9063,0.0,0.0,0.0,0.0,0.0,0.0,0.0,0.0,11.44,103.18,53.13,77.99,75.24,201.63,262.02,164.12
52.9163,0.0,0.0,0.0,0.0,0.0,0.0,0.0,0.0,11.44,96.8,47.41,77.99,77.77,203.94,266.75,166.76
52.9263,0.0,0.0,0.0,0.0,0.0,0.0,0.0,0.0,11.44,88.33,43.67,80.41,80.3,206.36,269.17,171.71
52.9363,0.0,0.0,0.0,0.0,0.0,0.0,0.0,0.0,11.44,81.95,37.95,82.94,80.3,208.67,274.01,174.24
52.9463,0.0,0.0,0.0,0.0,0.0,0.0,0.0,0.0,11.44,73.48,32.23,82.94,80.3,211.09,278.63,179.19
52.9563,0.0,0.0,0.0,0.0,0.0,0.0,0.0,0.0,11.44,62.81,26.51,85.47,82.83,215.82,283.25,181.72
52.9663,0.0,0.0,0.0,0.0,0.0,0.0,0.0,0.0,11.44,52.25,22.77,88.0,82.83,218.13,287.87,186.78
52.9763,0.0,0.0,0.0,0.0,0.0,0.0,0.0,0.0,9.13,41.8,18.92,90.53,82.83,222.97,292.49,191.73
52.9863,0.0,0.0,0.0,0.0,0.0,0.0,0.0,0.0,9.13,29.26,17.05,90.53,82.83,227.81,299.31,194.26
52.9963,0.0,0.0,0.0,0.0,0.0,0.0,0.0,0.0,9.13,18.81,13.2,90.53,82.83,232.76,301.62,199.32
53.0063,0.0,0.0,0.0,0.0,0.0,0.0,0.0,0.0,6.82,12.54,11.33,90.53,80.3,235.18,306.24,206.8
53.0163,0.0,0.0,0.0,0.0,0.0,0.0,0.0,0.0,4.51,8.36,9.46,85.47,77.77,237.6,310.86,214.39
53.0263,0.0,0.0,0.0,0.0,0.0,0.0,0.0,0.0,0.0,6.27,7.59,82.94,75.24,240.13,315.37,221.87
53.0363,0.0,0.0,0.0,0.0,0.0,0.0,0.0,0.0,0.0,4.18,5.61,77.99,72.71,242.55,319.99,229.24
53.0463,8.25,0.0,0.0,0.0,0.0,0.0,0.0,0.0,0.0,4.18,5.61,72.93,67.65,247.39,324.61,236.28
53.0563,12.32,0.0,0.0,0.0,0.0,0.0,0.0,0.0,0.0,0.0,3.74,65.45,60.06,249.92,329.23,243.32
53.0663,20.68,0.0,0.0,0.0,0.0,0.0,0.0,0.0,0.0,0.0,3.74,60.39,55.11,249.92,333.74,252.67
53.0763,31.02,0.0,0.0,0.0,0.0,0.0,0.0,0.0,0.0,0.0,0.0,52.91,48.73,252.34,336.05,259.71
53.0863,41.36,0.0,0.0,0.0,0.0,0.0,0.0,0.0,0.0,0.0,0.0,47.85,42.35,254.76,338.25,266.75
53.0963,53.79,0.0,0.0,0.0,0.0,0.0,0.0,0.0,0.0,0.0,0.0,40.26,35.97,257.18,338.25,271.48
53.1063,94.93,0.0,0.0,0.0,0.0,0.0,0.0,0.0,0.0,0.0,0.0,32.67,29.59,257.18,338.25,278.52
53.1163,122.32,0.0,0.0,0.0,0.0,0.0,0.0,0.0,0.0,0.0,0.0,22.66,21.12,257.18,338.25,283.47
53.1263,144.21,0.0,0.0,0.0,0.0,0.0,0.0,0.0,0.0,0.0,0.0,12.54,14.74,254.76,333.74,288.53
53.1363,214.61,0.0,0.0,0.0,0.0,0.0,0.0,0.0,0.0,0.0,0.0,4.95,8.47,247.39,329.23,293.59
53.1463,228.8,68.42,0.0,0.0,0.0,0.0,0.0,0.0,0.0,0.0,0.0,0.0,6.27,230.34,319.99,301.18
53.1563,176.22,186.12,3.85,0.0,0.0,0.0,0.0,0.0,0.0,0.0,0.0,0.0,6.27,206.36,303.93,303.71
53.1663,122.32,225.5,55.11,37.62,0.0,4.18,0.0,0.0,0.0,0.0,0.0,0.0,6.27,180.4,280.94,308.77
53.1763,84.04,244.31,99.66,62.81,10.78,31.79,9.02,6.71,0.0,0.0,0.0,0.0,6.27,148.28,245.19,311.3
53.1863,73.15,246.4,113.08,67.1,19.47,50.82,15.73,9.02,0.0,0.0,0.0,0.0,8.47,113.08,194.37,311.3
53.1963,60.06,240.13,121.88,71.28,28.16,69.19,31.57,13.53,0.0,0.0,0.0,0.0,8.47,84.26,132.55,311.3
53.2063,51.7,238.04,126.28,73.48,30.36,80.85,40.59,15.73,0.0,0.0,0.0,0.0,8.47,50.38,73.26,303.71
53.2163,47.52,240.13,130.68,77.66,34.65,90.31,51.81,18.04,0.0,0.0,0.0,0.0,8.47,20.13,26.18,245.63
53.2263,45.54,246.4,132.88,81.95,36.85,99.66,58.63,20.24,0.0,0.0,0.0,0.0,6.27,15.07,22.11,154.0
53.2363,43.45,254.76,132.88,84.04,39.05,104.39,65.67,22.55,0.0,0.0,0.0,0.0,6.27,12.54,18.15,123.64
53.2463,41.36,261.03,130.68,90.42,41.25,111.43,70.4,22.55,0.0,0.0,0.0,0.0,4.18,7.48,14.08,113.52
53.2563,39.27,267.3,128.48,94.6,43.34,118.58,75.13,24.75,0.0,0.0,0.0,0.0,4.18,4.95,10.01,90.53
53.2663,37.18,273.57,121.88,100.98,45.54,128.15,79.86,27.06,0.0,0.0,0.0,0.0,0.0,0.0,6.05,50.16
53.2763,35.09,277.75,115.28,107.36,45.54,132.99,84.59,27.06,0.0,0.0,0.0,0.0,0.0,0.0,0.0,16.72
53.2863,35.09,279.95,110.77,113.63,47.74,140.14,89.32,29.26,0.0,0.0,0.0,0.0,0.0,0.0,0.0,5.5
53.2963,33.11,277.75,104.06,117.81,49.94,144.98,91.74,29.26,0.0,0.0,0.0,0.0,0.0,0.0,0.0,0.0
53.3063,31.02,273.57,101.86,121.99,52.03,149.71,96.47,31.57,0.0,0.0,0.0,0.0,0.0,0.0,0.0,0.0
53.3163,28.93,265.21,99.66,126.06,52.03,154.55,101.2,31.57,0.0,0.0,0.0,0.0,0.0,0.0,0.0,0.0
53.3263,28.93,254.76,97.46,130.24,54.23,156.97,103.51,33.77,0.0,0.0,0.0,0.0,0.0,0.0,0.0,0.0
53.3363,26.84,246.4,95.15,132.33,56.43,161.7,108.24,33.77,0.0,0.0,0.0,0.0,0.0,0.0,0.0,0.0
53.3463,26.84,238.04,90.75,136.4,58.63,164.12,113.08,36.08,0.0,0.0,0.0,0.0,0.0,0.0,0.0,0.0
53.3563,24.75,229.68,86.24,140.58,60.72,168.96,115.28,36.08,0.0,0.0,0.0,0.0,0.0,0.0,0.0,0.0
53.3663,24.75,223.41,81.84,142.67,62.92,171.16,119.79,38.28,0.0,0.0,0.0,0.0,0.0,0.0,0.0,0.0
53.3763,22.77,215.05,77.33,146.74,65.01,173.47,122.1,38.28,0.0,0.0,0.0,0.0,0.0,0.0,0.0,0.0
53.3863,22.77,206.8,72.93,148.83,67.21,175.78,124.41,40.59,0.0,0.0,0.0,0.0,0.0,0.0,0.0,0.0
53.3963,22.77,196.46,68.42,153.01,67.21,180.4,128.92,40.59,0.0,0.0,0.0,0.0,0.0,0.0,0.0,0.0
53.4063,22.77,188.21,66.22,155.1,69.3,182.71,131.23,42.79,0.0,0.0,0.0,0.0,0.0,0.0,0.0,0.0
53.4163,20.68,181.94,61.71,157.08,71.5,184.91,135.74,42.79,0.0,0.0,0.0,0.0,0.0,0.0,0.0,0.0
53.4263,20.68,173.69,57.31,161.26,73.59,187.22,137.94,45.1,0.0,0.0,0.0,0.0,0.0,0.0,0.0,0.0
53.4363,20.68,167.53,53.13,165.44,75.79,191.84,142.56,47.3,0.0,0.0,0.0,0.0,0.0,0.0,0.0,0.0
53.4463,18.59,158.62,49.17,169.62,75.79,194.15,147.07,47.3,0.0,0.0,0.0,0.0,0.0,0.0,0.0,0.0
53.4563,18.59,149.82,45.21,171.71,77.88,198.66,149.38,49.61,0.0,0.0,0.0,0.0,0.0,0.0,0.0,0.0
53.4663,18.59,143.22,39.27,178.09,80.08,200.97,153.89,51.81,0.0,0.0,0.0,0.0,0.0,0.0,0.0,0.0
53.4763,18.59,136.62,35.42,180.18,82.17,205.59,156.09,51.81,0.0,0.0,0.0,0.0,0.0,0.0,0.0,0.0
53.4863,18.59,127.82,29.48,184.47,82.17,210.21,160.71,54.12,0.0,0.0,0.0,0.0,0.0,0.0,0.0,0.0
53.4963,18.59,121.22,25.52,190.85,84.37,212.41,165.22,56.32,0.0,0.0,0.0,0.0,0.0,0.0,0.0,0.0
53.5063,16.5,112.42,21.56,195.03,86.57,217.03,169.84,58.63,0.0,0.0,0.0,0.0,0.0,0.0,0.0,0.0
53.5163,16.5,104.17,17.71,199.32,86.57,223.96,172.15,60.72,0.0,0.0,0.0,0.0,0.0,0.0,0.0,0.0
53.5263,16.5,96.25,15.73,205.7,86.57,228.47,176.77,62.92,0.0,0.0,0.0,0.0,0.0,0.0,0.0,0.0
53.5363,14.41,84.37,13.75,212.08,86.57,233.09,179.08,65.12,0.0,0.0,0.0,0.0,0.0,0.0,0.0,0.0
53.5463,14.41,72.38,11.77,216.26,86.57,240.02,183.81,67.32,0.0,0.0,0.0,0.0,0.0,0.0,0.0,0.0
53.5563,14.41,62.48,9.79,220.55,86.57,244.64,186.12,69.41,0.0,0.0,0.0,0.0,0.0,0.0,0.0,0.0
53.5663,12.32,50.82,9.79,224.84,86.57,251.57,188.43,71.61,0.0,0.0,0.0,0.0,0.0,0.0,0.0,0.0
53.5762,12.32,39.49,7.81,228.58,86.57,256.19,190.74,73.81,0.0,0.0,0.0,0.0,0.0,0.0,0.0,0.0
53.5862,10.34,30.14,7.81,230.56,86.57,260.81,195.47,76.01,0.0,0.0,0.0,0.0,0.0,0.0,0.0,0.0
53.5962,10.34,20.68,5.83,232.43,86.57,267.74,200.09,78.21,0.0,0.0,0.0,0.0,0.0,0.0,0.0,0.0
53.6062,8.25,13.09,5.83,232.43,86.57,272.36,202.4,82.5,0.0,0.0,0.0,0.0,0.0,0.0,0.0,0.0
53.6162,6.16,11.22,3.85,228.58,82.17,276.98,204.71,84.7,11.44,0.0,0.0,0.0,0.0,0.0,0.0,0.0
53.6262,6.16,9.35,3.85,222.64,77.88,283.69,207.02,89.1,15.95,0.0,0.0,0.0,0.0,0.0,0.0,0.0
53.6362,4.07,7.48,0.0,216.26,73.59,290.29,209.44,93.39,22.88,0.0,0.0,0.0,0.0,0.0,0.0,0.0
53.6462,4.07,5.61,0.0,207.79,67.21,296.89,211.75,97.79,32.01,0.0,0.0,0.0,0.0,0.0,0.0,0.0
53.6562,0.0,5.61,0.0,199.32,60.72,301.29,211.75,102.08,43.45,0.0,0.0,0.0,0.0,0.0,0.0,0.0
53.6662,0.0,3.74,0.0,190.85,54.23,308.0,211.75,108.68,54.89,0.0,0.0,0.0,0.0,0.0,0.0,0.0
53.6762,0.0,3.74,0.0,182.38,45.54,312.4,211.75,113.08,95.37,0.0,0.0,0.0,0.0,0.0,0.0,0.0
53.6862,0.0,0.0,0.0,169.62,39.05,316.8,209.44,117.59,102.52,0.0,0.0,0.0,0.0,0.0,0.0,0.0
53.6962,0.0,0.0,0.0,157.08,32.56,319.0,207.02,122.21,128.04,0.0,0.0,0.0,0.0,0.0,0.0,0.0
53.7062,0.0,0.0,0.0,138.49,23.87,321.2,207.02,126.83,183.04,0.0,5.61,0.0,0.0,0.0,0.0,0.0
53.7162,0.0,0.0,0.0,117.81,17.27,319.0,207.02,131.34,153.12,37.62,65.89,0.0,0.0,0.0,0.0,0.0
53.7262,0.0,0.0,0.0,94.6,10.78,314.6,202.4,138.27,78.65,111.65,105.05,12.54,16.94,12.54,24.2,0.0
53.7362,0.0,0.0,0.0,69.19,8.58,303.49,193.05,145.09,59.51,137.72,139.15,15.07,16.94,30.14,38.28,11.11
53.7462,0.0,0.0,0.0,39.71,8.58,283.69,172.15,154.33,52.58,137.72,152.9,15.07,21.12,37.73,54.45,11.11
53.7562,0.0,0.0,0.0,18.81,8.58,240.02,140.25,165.77,43.45,137.72,159.83,17.6,25.41,52.91,68.42,13.86
53.7662,0.0,0.0,0.0,12.54,8.58,166.54,101.2,182.16,34.32,142.01,162.14,20.13,27.5,65.12,85.25,19.47
53.7762,0.0,0.0,0.0,10.45,8.58,95.04,63.36,191.73,29.7,146.41,166.76,22.66,31.79,77.11,104.39,22.33
53.7862,0.0,0.0,0.0,8.36,8.58,50.82,24.75,194.04,25.08,152.9,173.69,22.66,33.88,84.26,120.89,27.83
53.7962,0.0,0.0,0.0,8.36,6.49,19.03,18.04,138.27,25.08,161.59,183.04,25.19,35.97,93.83,134.86,33.44
53.8062,0.0,0.0,0.0,6.27,6.49,14.74,13.53,82.5,22.88,168.19,187.77,27.72,38.06,101.09,144.21,39.05
53.8162,0.0,0.0,0.0,6.27,4.29,10.56,11.22,54.12,22.88,176.55,190.08,30.14,42.35,110.66,153.56,47.41
53.8262,0.0,0.0,0.0,4.18,0.0,8.47,6.71,45.1,20.57,182.82,190.08,32.67,42.35,115.5,160.49,53.02
53.8362,0.0,0.0,0.0,4.18,0.0,4.18,4.51,33.77,20.57,187.0,190.08,35.2,44.44,120.56,167.53,58.63
53.8462,0.0,0.0,0.0,0.0,0.0,0.0,0.0,13.53,20.57,191.18,187.77,35.2,46.53,125.62,174.79,67.32
53.8562,0.0,0.0,0.0,0.0,0.0,0.0,0.0,0.0,18.26,193.27,185.46,37.73,48.73,130.68,179.63,70.18
53.8662,0.0,0.0,0.0,0.0,0.0,0.0,0.0,0.0,18.26,193.27,185.46,40.26,48.73,135.74,182.16,76.01
53.8762,0.0,0.0,0.0,0.0,0.0,0.0,0.0,0.0,18.26,195.36,183.04,42.79,50.82,138.27,187.0,78.98
53.8862,0.0,0.0,0.0,0.0,0.0,0.0,0.0,0.0,18.26,195.36,178.42,42.79,50.82,140.8,189.42,81.84
53.8962,0.0,0.0,0.0,0.0,0.0,0.0,0.0,0.0,15.95,193.27,173.69,45.32,52.91,145.75,189.42,84.81
53.9062,0.0,0.0,0.0,0.0,0.0,0.0,0.0,0.0,15.95,191.18,166.76,47.85,52.91,150.81,191.84,87.67
53.9162,0.0,0.0,0.0,0.0,0.0,0.0,0.0,0.0,15.95,187.0,159.83,47.85,55.11,153.34,194.37,90.53
53.9262,0.0,0.0,0.0,0.0,0.0,0.0,0.0,0.0,15.95,182.82,155.21,50.38,55.11,155.87,196.79,93.5
53.9362,0.0,0.0,0.0,0.0,0.0,0.0,0.0,0.0,15.95,178.64,145.97,52.91,55.11,160.93,196.79,96.36
53.9462,0.0,0.0,0.0,0.0,0.0,0.0,0.0,0.0,13.64,174.46,139.15,55.44,55.11,163.46,199.21,96.36
53.9562,0.0,0.0,0.0,0.0,0.0,0.0,0.0,0.0,13.64,172.37,132.22,57.97,57.53,165.99,199.21,99.33
53.9662,0.0,0.0,0.0,0.0,0.0,0.0,0.0,0.0,13.64,170.28,125.29,60.39,57.53,171.05,199.21,102.19
53.9762,0.0,0.0,0.0,0.0,0.0,0.0,0.0,0.0,13.64,168.19,118.36,62.92,57.53,173.36,199.21,102.19
53.9862,0.0,0.0,0.0,0.0,0.0,0.0,0.0,0.0,13.64,165.99,109.45,65.45,57.53,178.09,199.21,105.16
53.9962,0.0,0.0,0.0,0.0,0.0,0.0,0.0,0.0,13.64,163.79,102.96,67.98,57.53,182.82,201.63,108.02
54.0062,0.0,0.0,0.0,0.0,0.0,0.0,0.0,0.0,13.64,161.59,94.27,72.93,60.06,185.13,201.63,108.02
54.0162,0.0,0.0,0.0,0.0,0.0,0.0,0.0,0.0,13.64,157.3,87.67,75.46,60.06,189.86,204.05,113.52
54.0262,0.0,0.0,0.0,0.0,0.0,0.0,0.0,0.0,11.44,155.1,81.18,77.99,62.59,194.59,206.47,116.05
54.0362,0.0,0.0,0.0,0.0,0.0,0.0,0.0,0.0,11.44,150.7,74.69,80.41,62.59,199.32,209.0,118.58
54.0462,0.0,0.0,0.0,0.0,0.0,0.0,0.0,0.0,11.44,148.61,70.29,85.47,65.12,201.63,211.42,121.11
54.0562,0.0,0.0,0.0,0.0,0.0,0.0,0.0,0.0,11.44,144.21,63.8,88.0,65.12,206.36,213.84,123.64
54.0662,0.0,0.0,0.0,0.0,0.0,0.0,0.0,0.0,11.44,139.92,59.4,90.53,67.65,211.09,216.26,126.17
54.0762,0.0,0.0,0.0,0.0,0.0,0.0,0.0,0.0,11.44,137.72,53.13,95.48,67.65,215.82,218.68,131.23
54.0862,0.0,0.0,0.0,0.0,0.0,0.0,0.0,0.0,11.44,133.32,47.41,98.01,67.65,220.55,221.21,133.76
54.0962,0.0,0.0,0.0,0.0,0.0,0.0,0.0,0.0,11.44,129.03,41.8,102.96,70.18,225.39,223.52,136.29
54.1062,0.0,0.0,0.0,0.0,0.0,0.0,0.0,0.0,11.44,126.83,34.1,105.49,67.65,232.76,225.94,138.82
54.1162,0.0,0.0,0.0,0.0,0.0,0.0,0.0,0.0,11.44,120.34,28.49,110.55,70.18,237.6,228.36,143.88
54.1262,0.0,0.0,0.0,0.0,0.0,0.0,0.0,0.0,11.44,113.85,22.77,115.5,67.65,242.55,228.36,146.41
54.1362,0.0,0.0,0.0,0.0,0.0,0.0,0.0,0.0,9.13,105.27,18.92,118.03,67.65,249.92,230.78,148.94
54.1462,0.0,0.0,0.0,0.0,0.0,0.0,0.0,0.0,9.13,96.8,15.18,122.98,70.18,254.76,233.2,151.47
54.1562,0.0,0.0,0.0,0.0,0.0,0.0,0.0,0.0,9.13,81.95,15.18,127.93,67.65,262.13,235.51,156.53
54.1662,0.0,0.0,0.0,0.0,0.0,0.0,0.0,0.0,9.13,69.19,13.2,130.46,67.65,266.97,237.93,159.06
54.1762,0.0,0.0,0.0,0.0,0.0,0.0,0.0,0.0,9.13,56.43,11.33,135.41,65.12,271.92,242.77,161.59
54.1862,0.0,0.0,0.0,0.0,0.0,0.0,0.0,0.0,6.82,41.8,11.33,137.94,65.12,279.29,245.19,166.76
54.1962,0.0,0.0,0.0,0.0,0.0,0.0,0.0,0.0,6.82,29.26,9.46,140.36,65.12,284.13,249.92,171.71
54.2062,0.0,0.0,0.0,0.0,0.0,0.0,0.0,0.0,4.51,18.81,7.59,140.36,62.59,291.5,252.34,176.77
54.2162,6.16,0.0,0.0,0.0,0.0,0.0,0.0,0.0,4.51,12.54,5.61,137.94,57.53,298.87,254.76,181.72
54.2262,22.77,0.0,0.0,0.0,0.0,0.0,0.0,0.0,0.0,8.36,5.61,135.41,52.91,303.71,257.18,189.31
54.2362,33.11,0.0,0.0,0.0,0.0,0.0,0.0,0.0,0.0,6.27,3.74,127.93,48.73,311.08,262.02,199.32
54.2462,60.06,0.0,0.0,0.0,0.0,0.0,0.0,0.0,0.0,6.27,3.74,120.45,44.44,316.03,264.33,206.8
54.2562,84.04,0.0,0.0,0.0,0.0,0.0,0.0,0.0,0.0,4.18,0.0,113.08,38.06,320.87,269.17,214.39
54.2662,110.22,0.0,0.0,0.0,0.0,0.0,0.0,0.0,0.0,0.0,0.0,100.54,31.79,323.4,271.59,224.4
54.2762,136.18,0.0,0.0,0.0,0.0,0.0,0.0,0.0,0.0,0.0,0.0,90.53,27.5,325.82,271.59,231.55
54.2862,182.27,0.0,0.0,0.0,0.0,0.0,0.0,0.0,0.0,0.0,0.0,77.99,21.12,328.24,271.59,238.59
54.2962,216.7,52.69,0.0,0.0,0.0,0.0,0.0,0.0,0.0,0.0,0.0,60.39,14.74,328.24,269.17,243.32
54.3062,176.22,156.42,0.0,0.0,0.0,0.0,0.0,0.0,0.0,0.0,0.0,42.79,10.56,325.82,262.02,247.94
54.3162,112.42,202.62,70.62,8.36,0.0,0.0,0.0,0.0,0.0,0.0,0.0,25.19,8.47,320.87,249.92,252.67
54.3262,60.06,238.04,115.28,39.71,8.58,10.56,4.51,0.0,0.0,0.0,0.0,10.01,8.47,308.66,228.36,257.4
54.3362,49.61,244.31,141.68,48.07,19.47,29.59,9.02,6.71,0.0,0.0,0.0,4.95,8.47,276.76,196.79,262.02
54.3462,41.36,240.13,150.48,52.25,28.16,44.44,22.55,9.02,0.0,0.0,0.0,4.95,8.47,222.97,151.14,266.75
54.3562,35.09,240.13,152.68,56.54,32.56,57.42,33.77,13.53,0.0,0.0,0.0,4.95,10.56,155.87,104.39,266.75
54.3662,31.02,242.22,150.48,60.72,34.65,69.19,45.1,15.73,0.0,0.0,0.0,4.95,10.56,98.67,52.47,257.4
54.3762,28.93,250.58,150.48,65.01,36.85,78.54,51.81,18.04,0.0,0.0,0.0,4.95,8.47,50.38,28.27,206.8
54.3862,28.93,261.03,150.48,67.1,39.05,85.58,58.63,20.24,0.0,0.0,0.0,4.95,8.47,20.13,24.2,141.35
54.3962,26.84,269.39,150.48,71.28,41.25,92.62,65.67,20.24,0.0,0.0,0.0,4.95,6.27,15.07,20.13,113.52
54.4062,26.84,275.66,150.48,75.57,43.34,102.08,75.13,22.55,0.0,0.0,0.0,4.95,6.27,10.01,14.08,105.16
54.4162,24.75,279.95,150.48,79.75,47.74,109.12,82.28,24.75,0.0,0.0,0.0,4.95,4.18,7.48,10.01,87.67
54.4262,24.75,284.02,148.28,84.04,49.94,116.16,87.01,27.06,0.0,0.0,0.0,0.0,0.0,4.95,6.05,55.77
54.4362,24.75,288.2,148.28,88.33,52.03,121.0,94.05,27.06,0.0,0.0,0.0,0.0,0.0,0.0,3.96,16.72
54.4462,22.77,290.18,148.28,92.51,54.23,125.73,101.2,29.26,0.0,0.0,0.0,0.0,0.0,0.0,0.0,5.5
54.4562,22.77,288.2,148.28,94.6,56.43,130.57,105.93,31.57,0.0,0.0,0.0,0.0,0.0,0.0,0.0,0.0
54.4662,22.77,284.02,148.28,98.89,58.63,135.41,113.08,31.57,0.0,0.0,0.0,0.0,0.0,0.0,0.0,0.0
54.4762,22.77,277.75,148.28,100.98,62.92,137.72,117.59,33.77,0.0,0.0,0.0,0.0,0.0,0.0,0.0,0.0
54.4862,20.68,269.39,146.08,103.07,65.01,142.56,122.1,33.77,0.0,0.0,0.0,0.0,0.0,0.0,0.0,0.0
54.4962,20.68,261.03,141.68,107.36,65.01,147.29,126.61,36.08,0.0,0.0,0.0,0.0,0.0,0.0,0.0,0.0
54.5062,20.68,252.67,137.28,109.45,67.21,149.71,131.23,36.08,0.0,0.0,0.0,0.0,0.0,0.0,0.0,0.0
54.5162,20.68,244.31,130.68,113.63,69.3,152.13,133.43,38.28,0.0,0.0,0.0,0.0,0.0,0.0,0.0,0.0
54.5262,18.59,235.95,121.88,115.72,71.5,154.55,135.74,38.28,0.0,0.0,0.0,0.0,0.0,0.0,0.0,0.0
54.5362,18.59,227.59,115.28,119.9,71.5,159.28,137.94,38.28,0.0,0.0,0.0,0.0,0.0,0.0,0.0,0.0
54.5462,18.59,217.14,106.37,123.97,73.59,161.7,140.25,40.59,0.0,0.0,0.0,0.0,0.0,0.0,0.0,0.0
54.5562,18.59,206.8,99.66,126.06,75.79,164.12,144.76,40.59,0.0,0.0,0.0,0.0,0.0,0.0,0.0,0.0
54.5662,18.59,196.46,92.95,130.24,77.88,168.96,147.07,42.79,0.0,0.0,0.0,0.0,0.0,0.0,0.0,0.0
54.5762,18.59,188.21,86.24,134.31,77.88,171.16,149.38,42.79,0.0,0.0,0.0,0.0,0.0,0.0,0.0,0.0
54.5862,16.5,179.85,81.84,136.4,80.08,173.47,153.89,45.1,0.0,0.0,0.0,0.0,0.0,0.0,0.0,0.0
54.5962,16.5,171.6,75.13,140.58,82.17,178.09,158.4,45.1,0.0,0.0,0.0,0.0,0.0,0.0,0.0,0.0
54.6062,16.5,163.02,70.62,142.67,84.37,180.4,162.91,47.3,0.0,0.0,0.0,0.0,0.0,0.0,0.0,0.0
54.6162,16.5,154.22,64.02,146.74,86.57,184.91,167.53,49.61,0.0,0.0,0.0,0.0,0.0,0.0,0.0,0.0
54.6262,16.5,145.42,57.31,150.92,88.66,187.22,172.15,51.81,0.0,0.0,0.0,0.0,0.0,0.0,0.0,0.0
54.6362,16.5,136.62,51.15,155.1,90.86,191.84,176.77,54.12,0.0,0.0,0.0,0.0,0.0,0.0,0.0,0.0
54.6462,16.5,130.02,45.21,159.17,92.95,196.46,181.5,58.63,0.0,0.0,0.0,0.0,0.0,0.0,0.0,0.0
54.6562,14.41,121.22,41.25,165.44,95.15,200.97,186.12,60.72,0.0,0.0,0.0,0.0,0.0,0.0,0.0,0.0
54.6662,14.41,114.62,35.42,169.62,97.24,207.9,190.74,62.92,0.0,0.0,0.0,0.0,0.0,0.0,0.0,0.0
54.6762,14.41,106.15,29.48,176.0,97.24,212.41,195.47,65.12,0.0,0.0,0.0,0.0,0.0,0.0,0.0,0.0
54.6862,14.41,98.23,23.54,180.18,99.44,217.03,200.09,67.32,0.0,0.0,0.0,0.0,0.0,0.0,0.0,0.0
54.6962,14.41,88.33,17.71,186.56,99.44,223.96,204.71,71.61,0.0,0.0,0.0,0.0,0.0,0.0,0.0,0.0
54.7062,12.32,76.34,13.75,192.94,99.44,228.47,207.02,73.81,0.0,0.0,0.0,0.0,0.0,0.0,0.0,0.0
54.7162,12.32,62.48,11.77,197.23,99.44,235.4,211.75,76.01,0.0,0.0,0.0,0.0,0.0,0.0,0.0,0.0
54.7262,12.32,48.95,9.79,201.41,99.44,240.02,214.06,78.21,0.0,0.0,0.0,0.0,0.0,0.0,0.0,0.0
54.7362,10.34,37.62,9.79,205.7,99.44,246.95,216.37,80.3,0.0,0.0,0.0,0.0,0.0,0.0,0.0,0.0
54.7462,10.34,26.29,7.81,207.79,99.44,251.57,218.68,82.5,0.0,0.0,0.0,0.0,0.0,0.0,0.0,0.0
54.7562,8.25,16.94,5.83,207.79,99.44,256.19,220.99,84.7,15.95,0.0,0.0,0.0,0.0,0.0,0.0,0.0
54.7662,6.16,13.09,5.83,205.7,95.15,263.12,225.61,89.1,20.57,0.0,0.0,0.0,0.0,0.0,0.0,0.0
54.7762,6.16,11.22,3.85,199.32,90.86,267.74,225.61,93.39,27.39,0.0,0.0,0.0,0.0,0.0,0.0,0.0
54.7862,4.07,9.35,0.0,190.85,84.37,274.67,227.92,97.79,36.52,0.0,0.0,0.0,0.0,0.0,0.0,0.0
54.7962,4.07,7.48,0.0,182.38,77.88,279.29,230.23,104.28,41.14,0.0,0.0,0.0,0.0,0.0,0.0,0.0
54.8062,0.0,5.61,0.0,173.8,71.5,285.89,230.23,108.68,50.27,0.0,0.0,0.0,0.0,0.0,0.0,0.0
54.8162,0.0,3.74,0.0,163.35,62.92,290.29,230.23,115.28,95.37,0.0,0.0,0.0,0.0,0.0,0.0,0.0
54.8262,0.0,3.74,0.0,150.92,54.23,292.49,230.23,119.9,123.53,0.0,0.0,0.0,0.0,0.0,0.0,0.0
54.8362,0.0,0.0,0.0,134.31,45.54,294.69,227.92,126.83,171.38,0.0,3.74,0.0,0.0,0.0,0.0,0.0
54.8462,0.0,0.0,0.0,115.72,36.85,294.69,227.92,131.34,190.08,29.26,39.82,0.0,0.0,0.0,0.0,0.0
54.8562,0.0,0.0,0.0,92.51,25.96,288.09,227.92,138.27,104.94,103.18,92.07,0.0,0.0,0.0,0.0,0.0
54.8662,0.0,0.0,0.0,67.1,15.18,279.29,223.41,145.09,61.93,155.1,120.67,17.6,12.65,20.13,20.13,5.5
54.8762,0.0,0.0,0.0,39.71,10.78,263.12,209.44,149.71,54.89,170.28,134.53,22.66,16.94,35.2,34.32,8.36
54.8862,0.0,0.0,0.0,14.63,8.58,235.4,179.08,161.15,43.45,172.37,139.15,27.72,21.12,47.85,46.42,11.11
54.8962,0.0,0.0,0.0,10.45,8.58,166.54,133.43,172.7,34.32,180.73,134.53,32.67,23.21,65.12,54.45,16.72
54.9062,0.0,0.0,0.0,8.36,8.58,97.35,84.59,182.16,25.08,191.18,129.91,37.73,25.41,79.53,63.69,19.47
54.9162,0.0,0.0,0.0,8.36,8.58,50.82,36.08,187.0,22.88,203.72,125.29,42.79,27.5,93.83,70.84,22.33
54.9262,0.0,0.0,0.0,6.27,6.49,19.03,18.04,142.78,20.57,216.26,122.98,47.85,27.5,105.82,80.41,25.08
54.9362,0.0,0.0,0.0,6.27,6.49,12.65,13.53,82.5,18.26,228.69,120.67,55.44,29.59,118.03,87.67,27.83
54.9462,0.0,0.0,0.0,4.18,4.29,10.56,11.22,49.61,15.95,236.83,113.85,60.39,31.79,130.68,94.82,33.44
54.9562,0.0,0.0,0.0,4.18,4.29,6.27,6.71,36.08,15.95,244.97,111.65,65.45,31.79,143.22,101.97,36.19
54.9662,0.0,0.0,0.0,0.0,0.0,4.18,4.51,29.26,13.64,251.13,107.25,72.93,33.88,153.34,109.23,41.8
54.9762,0.0,0.0,0.0,0.0,0.0,0.0,0.0,11.22,13.64,253.22,102.96,77.99,35.97,163.46,116.27,44.66
54.9862,0.0,0.0,0.0,0.0,0.0,0.0,0.0,0.0,13.64,251.13,102.96,80.41,38.06,173.36,123.2,47.41
54.9962,0.0,0.0,0.0,0.0,0.0,0.0,0.0,0.0,13.64,249.04,100.76,85.47,40.26,180.4,132.55,50.16
55.0061,0.0,0.0,0.0,0.0,0.0,0.0,0.0,0.0,13.64,247.06,98.56,88.0,42.35,187.44,139.59,55.77
55.0161,0.0,0.0,0.0,0.0,0.0,0.0,0.0,0.0,11.44,242.99,96.36,90.53,42.35,194.59,146.52,58.63
55.0261,0.0,0.0,0.0,0.0,0.0,0.0,0.0,0.0,11.44,238.92,92.07,92.95,44.44,199.32,153.56,61.49
55.0361,0.0,0.0,0.0,0.0,0.0,0.0,0.0,0.0,11.44,232.76,89.87,95.48,46.53,203.94,160.49,67.32
55.0461,0.0,0.0,0.0,0.0,0.0,0.0,0.0,0.0,11.44,226.71,85.47,98.01,48.73,208.67,165.11,73.15
55.0561,0.0,0.0,0.0,0.0,0.0,0.0,0.0,0.0,11.44,218.35,78.98,100.54,50.82,211.09,169.95,76.01
55.0661,0.0,0.0,0.0,0.0,0.0,0.0,0.0,0.0,11.44,212.08,72.49,102.96,50.82,215.82,174.79,78.98
55.0761,0.0,0.0,0.0,0.0,0.0,0.0,0.0,0.0,11.44,203.72,68.09,105.49,52.91,218.13,177.21,81.84
55.0861,0.0,0.0,0.0,0.0,0.0,0.0,0.0,0.0,11.44,197.45,61.6,105.49,55.11,218.13,179.63,84.81
55.0961,0.0,0.0,0.0,0.0,0.0,0.0,0.0,0.0,11.44,189.09,55.11,108.02,55.11,220.55,182.16,87.67
55.1061,0.0,0.0,0.0,0.0,0.0,0.0,0.0,0.0,11.44,182.82,49.39,110.55,57.53,222.97,187.0,87.67
55.1161,0.0,0.0,0.0,0.0,0.0,0.0,0.0,0.0,11.44,174.46,45.54,110.55,57.53,225.39,189.42,90.53
55.1261,0.0,0.0,0.0,0.0,0.0,0.0,0.0,0.0,11.44,165.99,43.67,110.55,57.53,225.39,191.84,93.5
55.1361,0.0,0.0,0.0,0.0,0.0,0.0,0.0,0.0,9.13,157.3,39.82,113.08,60.06,225.39,196.79,96.36
55.1461,0.0,0.0,0.0,0.0,0.0,0.0,0.0,0.0,11.44,150.7,37.95,113.08,62.59,227.81,199.21,99.33
55.1561,0.0,0.0,0.0,0.0,0.0,0.0,0.0,0.0,11.44,142.01,36.08,113.08,62.59,227.81,201.63,102.19
55.1661,0.0,0.0,0.0,0.0,0.0,0.0,0.0,0.0,9.13,135.52,36.08,113.08,65.12,227.81,206.47,105.16
55.1761,0.0,0.0,0.0,0.0,0.0,0.0,0.0,0.0,9.13,129.03,34.1,115.5,65.12,230.34,211.42,108.02
55.1861,0.0,0.0,0.0,0.0,0.0,0.0,0.0,0.0,9.13,122.54,32.23,115.5,67.65,232.76,216.26,113.52
55.1961,0.0,0.0,0.0,0.0,0.0,0.0,0.0,0.0,9.13,113.85,30.36,115.5,70.18,235.18,221.21,116.05
55.2061,0.0,0.0,0.0,0.0,0.0,0.0,0.0,0.0,9.13,107.47,28.49,118.03,70.18,235.18,225.94,121.11
55.2161,0.0,0.0,0.0,0.0,0.0,0.0,0.0,0.0,9.13,101.09,26.51,118.03,72.71,240.13,230.78,123.64
55.2261,0.0,0.0,0.0,0.0,0.0,0.0,0.0,0.0,9.13,92.51,22.77,120.45,72.71,242.55,235.51,128.7
55.2361,0.0,0.0,0.0,0.0,0.0,0.0,0.0,0.0,9.13,84.04,18.92,122.98,72.71,247.39,237.93,133.76
55.2461,0.0,0.0,0.0,0.0,0.0,0.0,0.0,0.0,9.13,73.48,17.05,125.51,72.71,252.34,242.77,138.82
55.2561,0.0,0.0,0.0,0.0,0.0,0.0,0.0,0.0,9.13,62.81,15.18,127.93,75.24,257.18,247.61,143.88
55.2661,0.0,0.0,0.0,0.0,0.0,0.0,0.0,0.0,9.13,52.25,13.2,132.88,75.24,262.13,252.34,148.94
55.2761,0.0,0.0,0.0,0.0,0.0,0.0,0.0,0.0,9.13,39.71,13.2,132.88,72.71,269.5,257.18,154.0
55.2861,0.0,0.0,0.0,0.0,0.0,0.0,0.0,0.0,6.82,29.26,11.33,132.88,72.71,271.92,262.02,161.59
55.2961,4.07,0.0,0.0,0.0,0.0,0.0,0.0,0.0,6.82,20.9,9.46,132.88,75.24,276.76,266.75,166.76
55.3061,6.16,0.0,0.0,0.0,0.0,0.0,0.0,0.0,4.51,14.63,7.59,132.88,75.24,281.71,274.01,174.24
55.3161,12.32,0.0,0.0,0.0,0.0,0.0,0.0,0.0,0.0,10.45,7.59,127.93,72.71,284.13,276.43,181.72
55.3261,22.77,0.0,0.0,0.0,0.0,0.0,0.0,0.0,0.0,8.36,5.61,122.98,67.65,289.08,280.94,191.73
55.3361,31.02,0.0,0.0,0.0,0.0,0.0,0.0,0.0,0.0,6.27,3.74,118.03,62.59,291.5,287.87,201.85
55.3461,49.61,0.0,0.0,0.0,0.0,0.0,0.0,0.0,0.0,4.18,3.74,108.02,55.11,293.92,292.49,211.86
55.3561,81.84,0.0,0.0,0.0,0.0,0.0,0.0,0.0,0.0,4.18,0.0,100.54,50.82,296.34,294.8,219.34
55.3661,94.93,0.0,0.0,0.0,0.0,0.0,0.0,0.0,0.0,0.0,0.0,90.53,42.35,298.87,299.31,229.24
55.3761,110.22,0.0,0.0,0.0,0.0,0.0,0.0,0.0,0.0,0.0,0.0,77.99,35.97,298.87,301.62,238.59
55.3861,134.2,0.0,0.0,0.0,0.0,0.0,0.0,0.0,0.0,0.0,0.0,65.45,29.59,296.34,303.93,245.63
55.3961,188.32,0.0,0.0,0.0,0.0,0.0,0.0,0.0,0.0,0.0,0.0,50.38,23.21,291.5,303.93,252.67
55.4061,230.89,39.49,0.0,0.0,0.0,0.0,0.0,0.0,0.0,0.0,0.0,32.67,14.74,286.55,301.62,259.71
55.4161,186.34,145.42,9.79,0.0,0.0,0.0,0.0,0.0,0.0,0.0,0.0,15.07,10.56,276.76,294.8,266.75
55.4261,116.38,196.46,79.53,33.44,0.0,6.27,0.0,0.0,0.0,0.0,0.0,4.95,6.27,257.18,278.63,273.79
55.4361,92.73,221.32,119.68,45.98,12.98,23.21,9.02,6.71,0.0,0.0,0.0,0.0,6.27,225.39,247.61,280.94
55.4461,79.64,223.41,135.08,48.07,23.87,40.26,20.24,9.02,0.0,0.0,0.0,4.95,8.47,182.82,206.47,286.0
55.4561,66.66,217.14,146.08,50.16,28.16,52.91,31.57,13.53,0.0,0.0,0.0,0.0,8.47,130.68,148.83,291.06
55.4661,60.06,219.23,150.48,52.25,32.56,62.15,42.79,15.73,0.0,0.0,0.0,4.95,10.56,89.1,89.98,291.06
55.4761,55.88,225.5,159.28,54.34,34.65,71.5,54.12,18.04,0.0,0.0,0.0,4.95,8.47,45.32,36.3,269.06
55.4861,55.88,233.86,165.88,56.54,39.05,76.23,60.94,20.24,0.0,0.0,0.0,4.95,8.47,20.13,24.2,174.24
55.4961,57.97,242.22,175.23,58.63,41.25,83.27,68.09,20.24,0.0,0.0,0.0,4.95,6.27,15.07,18.15,118.58
55.5061,57.97,252.67,179.96,60.72,43.34,88.0,75.13,22.55,0.0,0.0,0.0,4.95,6.27,12.54,16.06,102.19
55.5161,57.97,261.03,182.27,62.81,43.34,92.62,79.86,22.55,0.0,0.0,0.0,4.95,4.18,7.48,10.01,96.36
55.5261,57.97,271.48,182.27,67.1,45.54,97.35,84.59,24.75,0.0,0.0,0.0,0.0,0.0,4.95,6.05,70.18
55.5361,55.88,277.75,179.96,69.19,47.74,104.39,91.74,24.75,0.0,0.0,0.0,0.0,0.0,4.95,3.96,27.83
55.5461,53.79,281.93,179.96,71.28,49.94,109.12,96.47,27.06,0.0,0.0,0.0,0.0,0.0,0.0,0.0,8.36
55.5561,53.79,281.93,179.96,75.57,52.03,111.43,101.2,29.26,0.0,0.0,0.0,0.0,0.0,0.0,0.0,0.0
55.5661,51.7,279.95,179.96,77.66,54.23,116.16,108.24,29.26,0.0,0.0,0.0,0.0,0.0,0.0,0.0,0.0
55.5761,49.61,275.66,182.27,77.66,56.43,118.58,113.08,31.57,0.0,0.0,0.0,0.0,0.0,0.0,0.0,0.0
55.5861,47.52,269.39,182.27,79.75,58.63,123.42,117.59,31.57,0.0,0.0,0.0,0.0,0.0,0.0,0.0,0.0
55.5961,45.54,261.03,182.27,81.95,60.72,125.73,119.79,33.77,0.0,0.0,0.0,0.0,0.0,0.0,0.0,0.0
55.6061,43.45,252.67,179.96,84.04,60.72,128.15,124.41,33.77,0.0,0.0,0.0,0.0,0.0,0.0,0.0,0.0
55.6161,41.36,246.4,177.54,86.13,62.92,130.57,126.61,33.77,0.0,0.0,0.0,0.0,0.0,0.0,0.0,0.0
55.6261,39.27,238.04,172.81,88.33,65.01,132.99,128.92,36.08,0.0,0.0,0.0,0.0,0.0,0.0,0.0,0.0
55.6361,37.18,231.77,168.19,90.42,65.01,135.41,131.23,36.08,0.0,0.0,0.0,0.0,0.0,0.0,0.0,0.0
55.6461,35.09,225.5,163.68,92.51,67.21,137.72,133.43,38.28,0.0,0.0,0.0,0.0,0.0,0.0,0.0,0.0
55.6561,33.11,219.23,157.08,96.8,69.3,140.14,135.74,38.28,0.0,0.0,0.0,0.0,0.0,0.0,0.0,0.0
55.6661,33.11,212.96,152.68,98.89,71.5,142.56,137.94,38.28,0.0,0.0,0.0,0.0,0.0,0.0,0.0,0.0
55.6761,31.02,204.71,148.28,103.07,71.5,144.98,142.56,40.59,0.0,0.0,0.0,0.0,0.0,0.0,0.0,0.0
55.6861,28.93,196.46,141.68,105.27,73.59,147.29,144.76,40.59,0.0,0.0,0.0,0.0,0.0,0.0,0.0,0.0
55.6961,28.93,186.12,135.08,109.45,75.79,152.13,149.38,42.79,0.0,0.0,0.0,0.0,0.0,0.0,0.0,0.0
55.7061,26.84,175.78,126.28,113.63,77.88,156.97,153.89,42.79,0.0,0.0,0.0,0.0,0.0,0.0,0.0,0.0
55.7161,24.75,167.53,119.68,117.81,80.08,159.28,158.4,45.1,0.0,0.0,0.0,0.0,0.0,0.0,0.0,0.0
55.7261,22.77,156.42,110.77,123.97,84.37,166.54,165.22,47.3,0.0,0.0,0.0,0.0,0.0,0.0,0.0,0.0
55.7361,22.77,147.62,101.86,130.24,86.57,171.16,172.15,49.61,0.0,0.0,0.0,0.0,0.0,0.0,0.0,0.0
55.7461,20.68,138.82,90.75,136.4,90.86,180.4,179.08,54.12,0.0,0.0,0.0,0.0,0.0,0.0,0.0,0.0
55.7561,20.68,130.02,77.33,144.76,92.95,187.22,186.12,58.63,0.0,0.0,0.0,0.0,0.0,0.0,0.0,0.0
55.7661,18.59,119.02,61.71,153.01,95.15,194.15,193.05,60.72,0.0,0.0,0.0,0.0,0.0,0.0,0.0,0.0
55.7761,18.59,110.22,49.17,161.26,97.24,203.28,200.09,65.12,0.0,0.0,0.0,0.0,0.0,0.0,0.0,0.0
55.7861,18.59,102.19,39.27,167.53,99.44,210.21,207.02,69.41,0.0,0.0,0.0,0.0,0.0,0.0,0.0,0.0
55.7961,16.5,92.29,29.48,176.0,101.53,217.03,211.75,73.81,0.0,0.0,0.0,0.0,0.0,0.0,0.0,0.0
55.8061,14.41,80.3,21.56,182.38,101.53,226.27,216.37,76.01,0.0,0.0,0.0,0.0,0.0,0.0,0.0,0.0
55.8161,14.41,66.44,15.73,188.65,101.53,233.09,220.99,78.21,0.0,0.0,0.0,0.0,0.0,0.0,0.0,0.0
55.8261,14.41,50.82,11.77,197.23,101.53,240.02,223.41,82.5,0.0,0.0,0.0,0.0,0.0,0.0,0.0,0.0
55.8361,12.32,35.75,9.79,203.61,101.53,246.95,225.61,84.7,0.0,0.0,0.0,0.0,0.0,0.0,0.0,0.0
55.8461,10.34,22.55,7.81,207.79,99.44,256.19,227.92,86.9,15.95,0.0,0.0,0.0,0.0,0.0,0.0,0.0
55.8561,8.25,13.09,5.83,209.88,97.24,263.12,230.23,91.19,20.57,0.0,0.0,0.0,0.0,0.0,0.0,0.0
55.8661,6.16,11.22,3.85,203.61,90.86,272.36,232.54,97.79,27.39,0.0,0.0,0.0,0.0,0.0,0.0,0.0
55.8761,4.07,9.35,3.85,195.03,84.37,279.29,234.85,102.08,34.32,0.0,0.0,0.0,0.0,0.0,0.0,0.0
55.8861,4.07,7.48,0.0,188.65,77.88,285.89,237.16,108.68,45.76,0.0,0.0,0.0,0.0,0.0,0.0,0.0
55.8961,0.0,5.61,0.0,178.09,69.3,292.49,237.16,115.28,50.27,0.0,0.0,0.0,0.0,0.0,0.0,0.0
55.9061,0.0,3.74,0.0,167.53,60.72,299.09,234.85,119.9,76.23,0.0,0.0,0.0,0.0,0.0,0.0,0.0
55.9161,0.0,3.74,0.0,157.08,52.03,303.49,234.85,126.83,116.71,0.0,0.0,0.0,0.0,0.0,0.0,0.0
55.9261,0.0,0.0,0.0,142.67,45.54,305.8,232.54,131.34,153.12,0.0,3.74,0.0,0.0,0.0,0.0,0.0
55.9361,0.0,0.0,0.0,123.97,36.85,308.0,230.23,138.27,171.38,18.81,37.95,0.0,0.0,0.0,0.0,0.0
55.9461,0.0,0.0,0.0,103.07,25.96,305.8,230.23,145.09,90.53,81.95,89.87,7.48,19.03,0.0,20.13,0.0
55.9561,0.0,0.0,0.0,75.57,15.18,296.89,225.61,152.02,64.35,129.03,111.65,17.6,19.03,25.19,34.32,8.36
55.9661,0.0,0.0,0.0,41.8,10.78,281.49,214.06,161.15,57.2,135.52,120.67,22.66,25.41,37.73,54.45,11.11
55.9761,0.0,0.0,0.0,16.72,8.58,249.26,188.43,172.7,43.45,131.23,127.6,22.66,29.59,52.91,73.26,13.86
55.9861,0.0,0.0,0.0,10.45,8.58,187.22,149.38,191.73,32.01,137.72,125.29,27.72,33.88,69.85,89.98,16.72
55.9961,0.0,0.0,0.0,8.36,8.58,113.85,98.78,205.92,27.39,139.92,125.29,30.14,38.06,81.84,106.81,25.08
56.0061,0.0,0.0,0.0,8.36,8.58,62.15,49.61,215.49,22.88,144.21,127.6,35.2,40.26,93.83,125.62,30.69
56.0161,0.0,0.0,0.0,6.27,8.58,25.41,22.55,179.85,20.57,150.7,132.22,37.73,44.44,103.4,141.9,36.19
56.0261,0.0,0.0,0.0,6.27,6.49,14.74,18.04,102.08,20.57,155.1,136.84,40.26,46.53,113.08,155.87,44.66
56.0361,0.0,0.0,0.0,4.18,6.49,12.65,13.53,60.72,18.26,159.39,139.15,45.32,50.82,123.09,167.53,53.02
56.0461,0.0,0.0,0.0,4.18,4.29,8.47,9.02,42.79,18.26,161.59,141.35,47.85,52.91,130.68,179.63,61.49
56.0561,0.0,0.0,0.0,0.0,0.0,4.18,6.71,38.28,18.26,165.99,141.35,50.38,55.11,135.74,189.42,73.15
56.0661,0.0,0.0,0.0,0.0,0.0,0.0,0.0,20.24,15.95,165.99,139.15,52.91,57.53,143.22,196.79,81.84
56.0761,0.0,0.0,0.0,0.0,0.0,0.0,0.0,0.0,15.95,165.99,136.84,55.44,62.59,148.28,206.47,90.53
56.0861,0.0,0.0,0.0,0.0,0.0,0.0,0.0,0.0,15.95,163.79,134.53,57.97,65.12,153.34,213.84,96.36
56.0961,0.0,0.0,0.0,0.0,0.0,0.0,0.0,0.0,15.95,161.59,129.91,60.39,67.65,158.4,221.21,105.16
56.1061,0.0,0.0,0.0,0.0,0.0,0.0,0.0,0.0,13.64,159.39,122.98,62.92,67.65,163.46,225.94,110.99
56.1161,0.0,0.0,0.0,0.0,0.0,0.0,0.0,0.0,13.64,152.9,118.36,65.45,70.18,168.52,233.2,116.05
56.1261,0.0,0.0,0.0,0.0,0.0,0.0,0.0,0.0,13.64,146.41,111.65,67.98,72.71,171.05,237.93,121.11
56.1361,0.0,0.0,0.0,0.0,0.0,0.0,0.0,0.0,13.64,139.92,107.25,67.98,75.24,173.36,242.77,126.17
56.1461,0.0,0.0,0.0,0.0,0.0,0.0,0.0,0.0,13.64,131.23,100.76,70.4,77.77,175.67,247.61,128.7
56.1561,0.0,0.0,0.0,0.0,0.0,0.0,0.0,0.0,11.44,124.63,92.07,70.4,80.3,180.4,252.34,131.23
56.1661,0.0,0.0,0.0,0.0,0.0,0.0,0.0,0.0,13.64,118.14,87.67,72.93,80.3,182.82,257.18,133.76
56.1761,0.0,0.0,0.0,0.0,0.0,0.0,0.0,0.0,11.44,111.65,78.98,75.46,82.83,185.13,259.6,136.29
56.1861,0.0,0.0,0.0,0.0,0.0,0.0,0.0,0.0,11.44,105.27,72.49,77.99,85.25,187.44,262.02,138.82
56.1961,0.0,0.0,0.0,0.0,0.0,0.0,0.0,0.0,11.44,98.89,65.89,77.99,85.25,189.86,266.75,141.35
56.2061,0.0,0.0,0.0,0.0,0.0,0.0,0.0,0.0,11.44,92.51,59.4,80.41,87.78,192.17,269.17,143.88
56.2161,0.0,0.0,0.0,0.0,0.0,0.0,0.0,0.0,11.44,86.13,53.13,82.94,87.78,194.59,274.01,146.41
56.2261,0.0,0.0,0.0,0.0,0.0,0.0,0.0,0.0,11.44,79.86,47.41,82.94,90.31,196.9,278.63,148.94
56.2361,0.0,0.0,0.0,0.0,0.0,0.0,0.0,0.0,11.44,73.48,41.8,85.47,90.31,199.32,283.25,151.47
56.2461,0.0,0.0,0.0,0.0,0.0,0.0,0.0,0.0,11.44,64.9,37.95,85.47,92.84,201.63,287.87,156.53
56.2561,0.0,0.0,0.0,0.0,0.0,0.0,0.0,0.0,11.44,58.63,32.23,88.0,92.84,203.94,290.18,159.06
56.2661,0.0,0.0,0.0,0.0,0.0,0.0,0.0,0.0,9.13,50.16,28.49,88.0,92.84,208.67,297.0,161.59
56.2761,0.0,0.0,0.0,0.0,0.0,0.0,0.0,0.0,11.44,41.8,22.77,90.53,95.37,211.09,301.62,166.76
56.2861,0.0,0.0,0.0,0.0,0.0,0.0,0.0,0.0,9.13,31.35,18.92,92.95,95.37,215.82,306.24,171.71
56.2961,0.0,0.0,0.0,0.0,0.0,0.0,0.0,0.0,9.13,22.99,15.18,92.95,95.37,220.55,310.86,174.24
56.3061,0.0,0.0,0.0,0.0,0.0,0.0,0.0,0.0,9.13,14.63,13.2,92.95,95.37,225.39,315.37,179.19
56.3161,0.0,0.0,0.0,0.0,0.0,0.0,0.0,0.0,6.82,10.45,9.46,92.95,92.84,230.34,319.99,186.78
56.3261,0.0,0.0,0.0,0.0,0.0,0.0,0.0,0.0,4.51,8.36,7.59,90.53,90.31,232.76,324.61,194.26
56.3361,0.0,0.0,0.0,0.0,0.0,0.0,0.0,0.0,4.51,6.27,5.61,85.47,85.25,237.6,331.54,201.85
56.3461,0.0,0.0,0.0,0.0,0.0,0.0,0.0,0.0,0.0,4.18,5.61,80.41,80.3,240.13,333.74,209.33
56.3561,0.0,0.0,0.0,0.0,0.0,0.0,0.0,0.0,0.0,4.18,3.74,77.99,75.24,242.55,338.25,216.81
56.3661,0.0,0.0,0.0,0.0,0.0,0.0,0.0,0.0,0.0,0.0,3.74,70.4,70.18,247.39,342.76,224.4
56.3761,0.0,0.0,0.0,0.0,0.0,0.0,0.0,0.0,0.0,0.0,3.74,67.98,65.12,247.39,345.07,233.86
56.3861,6.16,0.0,0.0,0.0,0.0,0.0,0.0,0.0,0.0,0.0,0.0,60.39,57.53,252.34,347.27,238.59
56.3961,10.34,0.0,0.0,0.0,0.0,0.0,0.0,0.0,0.0,0.0,0.0,55.44,50.82,254.76,351.89,247.94
56.4061,22.77,0.0,0.0,0.0,0.0,0.0,0.0,0.0,0.0,0.0,0.0,47.85,44.44,254.76,351.89,254.98
56.4161,33.11,0.0,0.0,0.0,0.0,0.0,0.0,0.0,0.0,0.0,0.0,40.26,38.06,257.18,351.89,259.71
56.4261,37.18,0.0,0.0,0.0,0.0,0.0,0.0,0.0,0.0,0.0,0.0,32.67,29.59,259.71,351.89,266.75
56.436,73.15,0.0,0.0,0.0,0.0,0.0,0.0,0.0,0.0,0.0,0.0,22.66,23.21,257.18,349.58,273.79
56.446,105.82,0.0,0.0,0.0,0.0,0.0,0.0,0.0,0.0,0.0,0.0,10.01,16.94,254.76,347.27,278.52
56.456,148.17,0.0,0.0,0.0,0.0,0.0,0.0,0.0,0.0,0.0,0.0,4.95,10.56,247.39,340.56,283.47
56.466,220.77,7.48,0.0,0.0,0.0,0.0,0.0,0.0,0.0,0.0,0.0,0.0,6.27,230.34,329.23,288.53
56.476,204.49,119.02,3.85,0.0,0.0,0.0,0.0,0.0,0.0,0.0,0.0,0.0,6.27,211.09,310.86,293.59
56.486,124.3,215.05,70.62,29.26,0.0,0.0,0.0,0.0,0.0,0.0,0.0,0.0,6.27,182.82,285.56,296.12
56.496,88.44,254.76,124.08,54.34,10.78,35.97,9.02,6.71,0.0,0.0,0.0,0.0,8.47,150.81,249.92,298.65
56.506,81.84,263.12,143.88,58.63,19.47,52.91,18.04,11.22,0.0,0.0,0.0,0.0,8.47,115.5,196.79,301.18
56.516,66.66,258.94,150.48,60.72,25.96,69.19,29.26,15.73,0.0,0.0,0.0,0.0,10.56,86.68,134.86,298.65
56.526,55.88,263.12,146.08,67.1,28.16,80.85,40.59,18.04,0.0,0.0,0.0,0.0,10.56,50.38,70.84,291.06
56.536,49.61,271.48,143.88,73.48,30.36,92.62,47.3,20.24,0.0,0.0,0.0,4.95,8.47,20.13,28.27,224.4
56.546,45.54,281.93,139.48,79.75,32.56,102.08,56.32,22.55,0.0,0.0,0.0,0.0,8.47,17.6,22.11,143.88
56.556,41.36,292.27,135.08,84.04,34.65,111.43,60.94,24.75,0.0,0.0,0.0,0.0,6.27,12.54,18.15,118.58
56.566,39.27,298.43,132.88,88.33,36.85,118.58,68.09,24.75,0.0,0.0,0.0,0.0,4.18,10.01,16.06,113.52
56.576,37.18,302.61,126.28,94.6,39.05,128.15,72.82,27.06,0.0,0.0,0.0,0.0,0.0,7.48,10.01,87.67
56.586,35.09,304.7,117.48,103.07,41.25,135.41,77.55,29.26,0.0,0.0,0.0,0.0,0.0,4.95,6.05,41.8
56.596,33.11,308.77,108.57,109.45,43.34,142.56,82.28,31.57,0.0,0.0,0.0,0.0,0.0,0.0,3.96,13.86
56.606,31.02,308.77,99.66,113.63,45.54,149.71,87.01,31.57,0.0,0.0,0.0,0.0,0.0,0.0,0.0,5.5
56.616,28.93,304.7,92.95,119.9,47.74,154.55,91.74,33.77,0.0,0.0,0.0,0.0,0.0,0.0,0.0,0.0
56.626,28.93,298.43,88.55,123.97,49.94,159.28,96.47,33.77,0.0,0.0,0.0,0.0,0.0,0.0,0.0,0.0
56.636,26.84,288.2,84.04,126.06,52.03,164.12,101.2,36.08,0.0,0.0,0.0,0.0,0.0,0.0,0.0,0.0
56.646,26.84,275.66,81.84,130.24,54.23,168.96,105.93,36.08,0.0,0.0,0.0,0.0,0.0,0.0,0.0,0.0
56.656,24.75,263.12,79.53,134.31,58.63,173.47,110.66,38.28,0.0,0.0,0.0,0.0,0.0,0.0,0.0,0.0
56.666,24.75,252.67,72.93,138.49,60.72,175.78,115.28,38.28,0.0,0.0,0.0,0.0,0.0,0.0,0.0,0.0
56.676,22.77,242.22,68.42,142.67,60.72,180.4,117.59,40.59,0.0,0.0,0.0,0.0,0.0,0.0,0.0,0.0
56.686,22.77,229.68,59.51,144.76,62.92,184.91,122.1,40.59,0.0,0.0,0.0,0.0,0.0,0.0,0.0,0.0
56.696,20.68,219.23,51.15,150.92,65.01,187.22,124.41,40.59,0.0,0.0,0.0,0.0,0.0,0.0,0.0,0.0
56.706,20.68,206.8,45.21,153.01,67.21,191.84,126.61,42.79,0.0,0.0,0.0,0.0,0.0,0.0,0.0,0.0
56.716,20.68,194.37,41.25,157.08,69.3,194.15,131.23,42.79,0.0,0.0,0.0,0.0,0.0,0.0,0.0,0.0
56.726,20.68,184.03,37.29,161.26,69.3,198.66,135.74,45.1,0.0,0.0,0.0,0.0,0.0,0.0,0.0,0.0
56.736,20.68,173.69,33.44,165.44,71.5,200.97,137.94,47.3,0.0,0.0,0.0,0.0,0.0,0.0,0.0,0.0
56.746,18.59,163.02,29.48,167.53,73.59,205.59,142.56,47.3,0.0,0.0,0.0,0.0,0.0,0.0,0.0,0.0
56.756,18.59,152.02,27.5,171.71,75.79,207.9,147.07,49.61,0.0,0.0,0.0,0.0,0.0,0.0,0.0,0.0
56.766,18.59,143.22,23.54,173.8,77.88,212.41,151.58,49.61,0.0,0.0,0.0,0.0,0.0,0.0,0.0,0.0
56.776,18.59,132.22,21.56,178.09,80.08,214.72,156.09,51.81,0.0,0.0,0.0,0.0,0.0,0.0,0.0,0.0
56.786,16.5,123.42,19.58,182.38,80.08,219.34,158.4,54.12,0.0,0.0,0.0,0.0,0.0,0.0,0.0,0.0
56.796,16.5,114.62,15.73,186.56,82.17,223.96,162.91,56.32,0.0,0.0,0.0,0.0,0.0,0.0,0.0,0.0
56.806,16.5,104.17,13.75,190.85,84.37,228.47,167.53,58.63,0.0,0.0,0.0,0.0,0.0,0.0,0.0,0.0
56.816,16.5,94.27,11.77,195.03,84.37,233.09,172.15,58.63,0.0,0.0,0.0,0.0,0.0,0.0,0.0,0.0
56.826,14.41,84.37,9.79,199.32,84.37,240.02,174.46,60.72,0.0,0.0,0.0,0.0,0.0,0.0,0.0,0.0
56.836,14.41,72.38,9.79,205.7,84.37,244.64,179.08,62.92,0.0,0.0,0.0,0.0,0.0,0.0,0.0,0.0
56.846,14.41,62.48,7.81,212.08,86.57,249.26,183.81,65.12,0.0,0.0,0.0,0.0,0.0,0.0,0.0,0.0
56.856,12.32,50.82,7.81,216.26,86.57,256.19,186.12,67.32,0.0,0.0,0.0,0.0,0.0,0.0,0.0,0.0
56.866,12.32,39.49,7.81,220.55,86.57,263.12,190.74,69.41,0.0,0.0,0.0,0.0,0.0,0.0,0.0,0.0
56.876,10.34,30.14,5.83,222.64,86.57,267.74,195.47,71.61,0.0,0.0,0.0,0.0,0.0,0.0,0.0,0.0
56.886,10.34,22.55,5.83,224.84,88.66,272.36,200.09,76.01,0.0,0.0,0.0,0.0,0.0,0.0,0.0,0.0
56.896,8.25,15.07,3.85,222.64,88.66,276.98,204.71,78.21,0.0,0.0,0.0,0.0,0.0,0.0,0.0,0.0
56.906,8.25,13.09,3.85,218.46,86.57,281.49,211.75,84.7,0.0,0.0,0.0,0.0,0.0,0.0,0.0,0.0
56.916,6.16,9.35,3.85,212.08,84.37,285.89,216.37,89.1,11.44,0.0,0.0,0.0,0.0,0.0,0.0,0.0
56.926,4.07,7.48,0.0,205.7,80.08,292.49,220.99,93.39,15.95,0.0,0.0,0.0,0.0,0.0,0.0,0.0
56.936,4.07,7.48,0.0,197.23,73.59,296.89,223.41,99.99,22.88,0.0,0.0,0.0,0.0,0.0,0.0,0.0
56.946,0.0,5.61,0.0,190.85,67.21,301.29,225.61,104.28,27.39,0.0,0.0,0.0,0.0,0.0,0.0,0.0
56.956,0.0,3.74,0.0,182.38,60.72,308.0,227.92,110.88,38.83,0.0,0.0,0.0,0.0,0.0,0.0,0.0
56.966,0.0,3.74,0.0,171.71,54.23,312.4,230.23,115.28,45.76,0.0,0.0,0.0,0.0,0.0,0.0,0.0
56.976,0.0,3.74,0.0,159.17,47.74,314.6,230.23,119.9,71.5,0.0,0.0,0.0,0.0,0.0,0.0,0.0
56.986,0.0,0.0,0.0,144.76,39.05,316.8,230.23,124.52,114.51,0.0,0.0,0.0,0.0,0.0,0.0,0.0
56.996,0.0,0.0,0.0,130.24,32.56,319.0,227.92,129.03,150.81,0.0,0.0,0.0,0.0,0.0,0.0,0.0
57.006,0.0,0.0,0.0,111.65,21.67,316.8,227.92,133.65,208.78,10.45,7.59,0.0,0.0,0.0,0.0,0.0
57.016,0.0,0.0,0.0,88.33,15.18,312.4,223.41,140.58,143.99,77.66,76.78,0.0,0.0,0.0,0.0,0.0
57.026,0.0,0.0,0.0,60.72,10.78,303.49,216.37,147.4,85.8,152.9,120.67,20.13,8.47,27.72,20.13,8.36
57.036,0.0,0.0,0.0,29.26,10.78,283.69,202.4,158.84,78.65,165.99,145.97,22.66,14.74,40.26,36.3,11.11
57.046,0.0,0.0,0.0,14.63,8.58,237.71,169.84,175.12,64.35,163.79,159.83,22.66,19.03,52.91,50.38,16.72
57.056,0.0,0.0,0.0,12.54,10.78,164.12,124.41,191.73,47.96,170.28,162.14,27.72,21.12,69.85,66.11,19.47
57.066,0.0,0.0,0.0,10.45,10.78,95.04,77.55,210.76,38.83,176.55,159.83,30.14,25.41,84.26,80.41,25.08
57.076,0.0,0.0,0.0,8.36,8.58,46.53,31.57,208.34,32.01,187.0,159.83,35.2,27.5,96.25,94.82,33.44
57.086,0.0,0.0,0.0,6.27,8.58,19.03,20.24,133.65,27.39,195.36,159.83,37.73,31.79,110.66,111.65,39.05
57.096,0.0,0.0,0.0,6.27,6.49,14.74,15.73,76.01,25.08,199.54,159.83,42.79,33.88,123.09,123.2,44.66
57.106,0.0,0.0,0.0,6.27,4.29,10.56,11.22,47.3,22.88,203.72,159.83,50.38,38.06,135.74,134.86,50.16
57.116,0.0,0.0,0.0,4.18,4.29,8.47,9.02,38.28,20.57,207.9,157.52,52.91,40.26,145.75,144.21,58.63
57.126,0.0,0.0,0.0,0.0,0.0,4.18,4.51,29.26,20.57,212.08,150.59,57.97,42.35,155.87,151.14,67.32
57.136,0.0,0.0,0.0,0.0,0.0,4.18,0.0,9.02,18.26,214.17,143.66,62.92,44.44,165.99,158.18,73.15
57.146,0.0,0.0,0.0,0.0,0.0,0.0,0.0,0.0,18.26,212.08,134.53,67.98,46.53,173.36,165.11,84.81
57.156,0.0,0.0,0.0,0.0,0.0,0.0,0.0,0.0,15.95,209.99,125.29,72.93,48.73,182.82,172.37,90.53
57.166,0.0,0.0,0.0,0.0,0.0,0.0,0.0,0.0,15.95,207.9,113.85,77.99,50.82,189.86,177.21,99.33
57.176,0.0,0.0,0.0,0.0,0.0,0.0,0.0,0.0,15.95,201.63,105.05,80.41,52.91,196.9,182.16,105.16
57.186,0.0,0.0,0.0,0.0,0.0,0.0,0.0,0.0,13.64,197.45,94.27,85.47,55.11,201.63,187.0,110.99
57.196,0.0,0.0,0.0,0.0,0.0,0.0,0.0,0.0,13.64,191.18,85.47,90.53,57.53,208.67,191.84,116.05
57.206,0.0,0.0,0.0,0.0,0.0,0.0,0.0,0.0,13.64,182.82,74.69,92.95,57.53,213.4,196.79,121.11
57.216,0.0,0.0,0.0,0.0,0.0,0.0,0.0,0.0,13.64,174.46,65.89,95.48,60.06,215.82,199.21,123.64
57.226,0.0,0.0,0.0,0.0,0.0,0.0,0.0,0.0,11.44,163.79,55.11,98.01,60.06,220.55,204.05,126.17
57.236,0.0,0.0,0.0,0.0,0.0,0.0,0.0,0.0,11.44,155.1,47.41,100.54,62.59,225.39,206.47,128.7
57.246,0.0,0.0,0.0,0.0,0.0,0.0,0.0,0.0,11.44,146.41,39.82,102.96,65.12,227.81,211.42,133.76
57.256,0.0,0.0,0.0,0.0,0.0,0.0,0.0,0.0,11.44,135.52,32.23,105.49,65.12,232.76,213.84,136.29
57.266,0.0,0.0,0.0,0.0,0.0,0.0,0.0,0.0,11.44,124.63,26.51,108.02,65.12,235.18,216.26,138.82
57.276,0.0,0.0,0.0,0.0,0.0,0.0,0.0,0.0,11.44,115.94,20.9,110.55,65.12,240.13,218.68,141.35
57.286,0.0,0.0,0.0,0.0,0.0,0.0,0.0,0.0,11.44,107.47,17.05,113.08,65.12,242.55,221.21,143.88
57.296,0.0,0.0,0.0,0.0,0.0,0.0,0.0,0.0,11.44,96.8,15.18,115.5,65.12,244.97,223.52,146.41
57.306,0.0,0.0,0.0,0.0,0.0,0.0,0.0,0.0,11.44,88.33,13.2,120.45,65.12,249.92,225.94,148.94
57.316,0.0,0.0,0.0,0.0,0.0,0.0,0.0,0.0,9.13,79.86,13.2,120.45,65.12,252.34,228.36,151.47
57.326,0.0,0.0,0.0,0.0,0.0,0.0,0.0,0.0,9.13,71.28,11.33,122.98,65.12,257.18,230.78,154.0
57.336,0.0,0.0,0.0,0.0,0.0,0.0,0.0,0.0,9.13,62.81,11.33,125.51,65.12,259.71,233.2,156.53
57.346,0.0,0.0,0.0,0.0,0.0,0.0,0.0,0.0,9.13,54.34,9.46,127.93,62.59,262.13,235.51,159.06
57.356,0.0,0.0,0.0,0.0,0.0,0.0,0.0,0.0,9.13,48.07,9.46,130.46,62.59,266.97,237.93,161.59
57.366,0.0,0.0,0.0,0.0,0.0,0.0,0.0,0.0,9.13,41.8,9.46,130.46,62.59,269.5,240.35,164.12
57.376,0.0,0.0,0.0,0.0,0.0,0.0,0.0,0.0,6.82,35.53,9.46,132.88,62.59,274.34,240.35,166.76
57.386,0.0,0.0,0.0,0.0,0.0,0.0,0.0,0.0,6.82,29.26,9.46,135.41,62.59,276.76,245.19,171.71
57.396,0.0,0.0,0.0,0.0,0.0,0.0,0.0,0.0,6.82,25.08,7.59,135.41,62.59,281.71,247.61,174.24
57.406,0.0,0.0,0.0,0.0,0.0,0.0,0.0,0.0,6.82,18.81,7.59,135.41,62.59,284.13,249.92,176.77
57.416,0.0,0.0,0.0,0.0,0.0,0.0,0.0,0.0,4.51,14.63,5.61,135.41,62.59,289.08,252.34,181.72
57.426,0.0,0.0,0.0,0.0,0.0,0.0,0.0,0.0,4.51,10.45,5.61,135.41,60.06,293.92,254.76,186.78
57.436,0.0,0.0,0.0,0.0,0.0,0.0,0.0,0.0,0.0,8.36,3.74,132.88,60.06,296.34,259.6,191.73
57.446,0.0,0.0,0.0,0.0,0.0,0.0,0.0,0.0,0.0,6.27,3.74,130.46,57.53,298.87,262.02,199.32
57.456,0.0,0.0,0.0,0.0,0.0,0.0,0.0,0.0,0.0,4.18,3.74,125.51,55.11,303.71,264.33,204.27
57.466,0.0,0.0,0.0,0.0,0.0,0.0,0.0,0.0,0.0,4.18,0.0,122.98,52.91,308.66,269.17,211.86
57.476,0.0,0.0,0.0,0.0,0.0,0.0,0.0,0.0,0.0,4.18,0.0,118.03,48.73,311.08,271.59,216.81
57.486,0.0,0.0,0.0,0.0,0.0,0.0,0.0,0.0,0.0,0.0,0.0,113.08,44.44,316.03,276.43,224.4
57.496,4.07,0.0,0.0,0.0,0.0,0.0,0.0,0.0,0.0,0.0,0.0,108.02,40.26,320.87,278.63,229.24
57.506,4.07,0.0,0.0,0.0,0.0,0.0,0.0,0.0,0.0,0.0,0.0,100.54,35.97,323.4,280.94,236.28
57.516,20.68,0.0,0.0,0.0,0.0,0.0,0.0,0.0,0.0,0.0,0.0,92.95,31.79,325.82,283.25,243.32
57.526,37.18,0.0,0.0,0.0,0.0,0.0,0.0,0.0,0.0,0.0,0.0,85.47,27.5,330.77,285.56,247.94
57.536,64.46,0.0,0.0,0.0,0.0,0.0,0.0,0.0,0.0,0.0,0.0,75.46,21.12,333.19,285.56,254.98
57.546,84.04,0.0,0.0,0.0,0.0,0.0,0.0,0.0,0.0,0.0,0.0,62.92,16.94,335.72,285.56,262.02
57.556,99.33,0.0,0.0,0.0,0.0,0.0,0.0,0.0,0.0,0.0,0.0,52.91,12.65,338.14,285.56,266.75
57.566,120.34,0.0,0.0,0.0,0.0,0.0,0.0,0.0,0.0,0.0,0.0,37.73,10.56,335.72,280.94,271.48
57.576,156.09,0.0,0.0,0.0,0.0,0.0,0.0,0.0,0.0,0.0,0.0,22.66,8.47,330.77,274.01,276.1
57.586,234.85,9.35,0.0,0.0,0.0,0.0,0.0,0.0,0.0,0.0,0.0,10.01,8.47,320.87,259.6,280.94
57.596,200.53,125.62,0.0,0.0,0.0,0.0,0.0,0.0,0.0,0.0,0.0,4.95,8.47,303.71,242.77,286.0
57.606,134.2,221.32,33.44,27.17,0.0,0.0,0.0,0.0,0.0,0.0,0.0,4.95,8.47,274.34,213.84,291.06
57.616,81.84,240.13,106.37,54.34,15.18,38.06,11.22,6.71,0.0,0.0,0.0,4.95,10.56,235.18,174.79,298.65
57.626,73.15,248.49,130.68,56.54,23.87,57.42,24.75,11.22,0.0,0.0,0.0,4.95,12.65,182.82,130.24,301.18
57.636,62.26,244.31,141.68,58.63,30.36,73.81,42.79,15.73,0.0,0.0,0.0,4.95,12.65,128.15,85.25,301.18
57.646,51.7,242.22,141.68,62.81,32.56,85.58,56.32,18.04,0.0,0.0,0.0,4.95,12.65,84.26,40.37,283.47
57.656,45.54,244.31,143.88,67.1,36.85,97.35,68.09,20.24,0.0,0.0,0.0,4.95,10.56,35.2,30.25,214.39
57.666,39.27,252.67,141.68,71.28,39.05,109.12,77.55,22.55,0.0,0.0,0.0,4.95,10.56,20.13,26.18,151.47
57.676,37.18,263.12,139.48,77.66,41.25,118.58,84.59,24.75,0.0,0.0,0.0,4.95,8.47,17.6,22.11,128.7
57.686,35.09,269.39,137.28,81.95,43.34,125.73,91.74,27.06,0.0,0.0,0.0,4.95,6.27,12.54,18.15,126.17
57.696,31.02,271.48,132.88,88.33,45.54,135.41,98.78,29.26,0.0,0.0,0.0,4.95,4.18,10.01,12.1,102.19
57.706,31.02,275.66,126.28,94.6,47.74,144.98,105.93,31.57,0.0,0.0,0.0,0.0,0.0,7.48,8.03,58.63
57.716,28.93,277.75,119.68,100.98,49.94,152.13,110.66,33.77,0.0,0.0,0.0,0.0,0.0,4.95,3.96,19.47
57.726,26.84,279.95,113.08,107.36,54.23,156.97,117.59,36.08,0.0,0.0,0.0,0.0,0.0,0.0,0.0,8.36
57.736,24.75,275.66,108.57,109.45,56.43,161.7,122.1,36.08,0.0,0.0,0.0,0.0,0.0,0.0,0.0,5.5
57.746,24.75,271.48,104.06,113.63,58.63,166.54,128.92,38.28,0.0,0.0,0.0,0.0,0.0,0.0,0.0,5.5
57.756,22.77,263.12,101.86,117.81,60.72,171.16,133.43,40.59,0.0,0.0,0.0,0.0,0.0,0.0,0.0,5.5
57.766,22.77,252.67,99.66,119.9,65.01,173.47,137.94,42.79,0.0,0.0,0.0,0.0,0.0,0.0,0.0,0.0
57.776,20.68,242.22,92.95,123.97,67.21,178.09,142.56,42.79,0.0,0.0,0.0,0.0,0.0,0.0,0.0,0.0
57.786,20.68,231.77,86.24,126.06,67.21,180.4,147.07,45.1,0.0,0.0,0.0,0.0,0.0,0.0,0.0,0.0
57.796,20.68,221.32,79.53,130.24,69.3,184.91,149.38,45.1,0.0,0.0,0.0,0.0,0.0,0.0,0.0,0.0
57.806,18.59,208.89,70.62,134.31,71.5,187.22,151.58,47.3,0.0,0.0,0.0,0.0,0.0,0.0,0.0,0.0
57.816,18.59,198.55,61.71,138.49,71.5,191.84,153.89,47.3,0.0,0.0,0.0,0.0,0.0,0.0,0.0,0.0
57.826,18.59,188.21,53.13,142.67,73.59,194.15,156.09,49.61,0.0,0.0,0.0,0.0,0.0,0.0,0.0,0.0
57.836,16.5,177.87,47.19,146.74,75.79,198.66,160.71,51.81,0.0,0.0,0.0,0.0,0.0,0.0,0.0,0.0
57.846,16.5,167.53,43.23,148.83,77.88,200.97,162.91,51.81,0.0,0.0,0.0,0.0,0.0,0.0,0.0,0.0
57.856,16.5,158.62,39.27,153.01,80.08,203.28,167.53,54.12,0.0,0.0,0.0,0.0,0.0,0.0,0.0,0.0
57.8659,16.5,149.82,35.42,155.1,80.08,205.59,172.15,56.32,0.0,0.0,0.0,0.0,0.0,0.0,0.0,0.0
57.8759,16.5,141.02,33.44,157.08,82.17,210.21,176.77,56.32,0.0,0.0,0.0,0.0,0.0,0.0,0.0,0.0
57.8859,14.41,134.42,29.48,161.26,84.37,212.41,181.5,58.63,0.0,0.0,0.0,0.0,0.0,0.0,0.0,0.0
57.8959,14.41,125.62,25.52,165.44,86.57,217.03,183.81,60.72,0.0,0.0,0.0,0.0,0.0,0.0,0.0,0.0
57.9059,14.41,116.82,21.56,167.53,86.57,219.34,188.43,62.92,0.0,0.0,0.0,0.0,0.0,0.0,0.0,0.0
57.9159,14.41,110.22,17.71,171.71,88.66,223.96,193.05,65.12,0.0,0.0,0.0,0.0,0.0,0.0,0.0,0.0
57.9259,14.41,102.19,15.73,176.0,88.66,228.47,195.47,67.32,0.0,0.0,0.0,0.0,0.0,0.0,0.0,0.0
57.9359,14.41,92.29,13.75,180.18,90.86,233.09,200.09,69.41,0.0,0.0,0.0,0.0,0.0,0.0,0.0,0.0
57.9459,12.32,84.37,11.77,184.47,90.86,237.71,202.4,69.41,0.0,0.0,0.0,0.0,0.0,0.0,0.0,0.0
57.9559,12.32,74.36,9.79,188.65,90.86,242.33,204.71,71.61,0.0,0.0,0.0,0.0,0.0,0.0,0.0,0.0
57.9659,12.32,64.46,7.81,192.94,88.66,246.95,207.02,73.81,0.0,0.0,0.0,0.0,0.0,0.0,0.0,0.0
57.9759,10.34,54.56,7.81,197.23,88.66,253.88,211.75,73.81,0.0,0.0,0.0,0.0,0.0,0.0,0.0,0.0
57.9859,10.34,45.21,7.81,201.41,88.66,258.5,211.75,76.01,0.0,0.0,0.0,0.0,0.0,0.0,0.0,0.0
57.9959,10.34,35.75,5.83,205.7,88.66,263.12,214.06,78.21,0.0,0.0,0.0,0.0,0.0,0.0,0.0,0.0
58.0059,8.25,28.16,5.83,207.79,88.66,267.74,216.37,80.3,0.0,0.0,0.0,0.0,0.0,0.0,0.0,0.0
58.0159,8.25,20.68,5.83,207.79,88.66,270.05,218.68,82.5,0.0,0.0,0.0,0.0,0.0,0.0,0.0,0.0
58.0259,8.25,15.07,3.85,209.88,88.66,274.67,223.41,82.5,0.0,0.0,0.0,0.0,0.0,0.0,0.0,0.0
58.0359,6.16,11.22,3.85,207.79,84.37,281.49,225.61,86.9,0.0,0.0,0.0,0.0,0.0,0.0,0.0,0.0
58.0459,4.07,9.35,3.85,203.61,82.17,285.89,227.92,91.19,0.0,0.0,0.0,0.0,0.0,0.0,0.0,0.0
58.0559,4.07,7.48,0.0,199.32,77.88,290.29,230.23,95.59,0.0,0.0,0.0,0.0,0.0,0.0,0.0,0.0
58.0659,4.07,5.61,0.0,192.94,73.59,296.89,232.54,99.99,11.44,0.0,0.0,0.0,0.0,0.0,0.0,0.0
58.0759,0.0,5.61,0.0,186.56,69.3,303.49,234.85,104.28,15.95,0.0,0.0,0.0,0.0,0.0,0.0,0.0
58.0859,0.0,3.74,0.0,180.18,62.92,308.0,237.16,108.68,22.88,0.0,0.0,0.0,0.0,0.0,0.0,0.0
58.0959,0.0,3.74,0.0,173.8,56.43,314.6,237.16,113.08,29.7,0.0,0.0,0.0,0.0,0.0,0.0,0.0
58.1059,0.0,0.0,0.0,167.53,52.03,321.2,237.16,119.9,36.52,0.0,0.0,0.0,0.0,0.0,0.0,0.0
58.1159,0.0,0.0,0.0,157.08,45.54,325.6,237.16,124.52,45.76,0.0,0.0,0.0,0.0,0.0,0.0,0.0
58.1259,0.0,0.0,0.0,146.74,36.85,327.8,237.16,129.03,92.95,0.0,0.0,0.0,0.0,0.0,0.0,0.0
58.1359,0.0,0.0,0.0,132.33,30.36,330.11,234.85,133.65,119.02,0.0,0.0,0.0,0.0,0.0,0.0,0.0
58.1459,0.0,0.0,0.0,115.72,21.67,330.11,232.54,138.27,159.94,0.0,0.0,0.0,0.0,0.0,0.0,0.0
58.1559,0.0,0.0,0.0,96.8,15.18,327.8,230.23,142.78,215.82,25.08,7.59,0.0,0.0,0.0,0.0,0.0
58.1659,0.0,0.0,0.0,75.57,10.78,321.2,223.41,149.71,134.86,111.65,72.49,0.0,0.0,0.0,0.0,0.0
58.1759,0.0,0.0,0.0,50.16,8.58,312.4,209.44,156.53,69.08,193.27,113.85,17.6,10.56,27.72,20.13,8.36
58.1859,0.0,0.0,0.0,22.99,8.58,285.89,183.81,165.77,54.89,212.08,141.35,22.66,12.65,42.79,32.23,13.86
58.1959,0.0,0.0,0.0,14.63,8.58,240.02,147.07,182.16,47.96,214.17,150.59,25.19,19.03,55.44,46.42,16.72
58.2059,0.0,0.0,0.0,10.45,10.78,164.12,105.93,196.46,36.52,220.44,148.28,27.72,21.12,72.27,56.54,19.47
58.2159,0.0,0.0,0.0,10.45,10.78,95.04,60.94,213.07,29.7,228.69,141.35,32.67,23.21,84.26,66.11,25.08
58.2259,0.0,0.0,0.0,8.36,8.58,48.73,27.06,198.88,25.08,240.9,134.53,37.73,25.41,98.67,75.68,27.83
58.2359,0.0,0.0,0.0,6.27,8.58,21.12,20.24,126.83,22.88,253.22,132.22,42.79,25.41,113.08,85.25,30.69
58.2459,0.0,0.0,0.0,6.27,6.49,14.74,15.73,78.21,20.57,263.34,127.6,47.85,27.5,123.09,92.4,33.44
58.2559,0.0,0.0,0.0,4.18,4.29,12.65,11.22,51.81,18.26,275.66,120.67,52.91,27.5,133.21,104.39,36.19
58.2659,0.0,0.0,0.0,4.18,4.29,6.27,6.71,42.79,18.26,283.91,113.85,57.97,29.59,140.8,101.97,39.05
58.2759,0.0,0.0,0.0,0.0,0.0,4.18,4.51,29.26,18.26,292.16,105.05,62.92,29.59,150.81,104.39,41.8
58.2859,0.0,0.0,0.0,0.0,0.0,0.0,0.0,9.02,15.95,298.43,96.36,67.98,31.79,158.4,109.23,44.66
58.2959,0.0,0.0,0.0,0.0,0.0,0.0,0.0,0.0,15.95,300.41,92.07,70.4,31.79,163.46,111.65,47.41
58.3059,0.0,0.0,0.0,0.0,0.0,0.0,0.0,0.0,15.95,302.5,85.47,72.93,33.88,168.52,113.96,47.41
58.3159,0.0,0.0,0.0,0.0,0.0,0.0,0.0,0.0,15.95,300.41,83.38,75.46,33.88,173.36,118.58,50.16
58.3259,0.0,0.0,0.0,0.0,0.0,0.0,0.0,0.0,15.95,300.41,78.98,77.99,35.97,175.67,120.89,50.16
58.3359,0.0,0.0,0.0,0.0,0.0,0.0,0.0,0.0,13.64,298.43,76.78,77.99,35.97,175.67,123.2,50.16
58.3459,0.0,0.0,0.0,0.0,0.0,0.0,0.0,0.0,13.64,294.25,70.29,80.41,35.97,180.4,123.2,53.02
58.3559,0.0,0.0,0.0,0.0,0.0,0.0,0.0,0.0,13.64,287.98,68.09,82.94,38.06,182.82,125.62,53.02
58.3659,0.0,0.0,0.0,0.0,0.0,0.0,0.0,0.0,13.64,283.91,61.6,85.47,38.06,187.44,127.93,55.77
58.3759,0.0,0.0,0.0,0.0,0.0,0.0,0.0,0.0,13.64,277.64,55.11,88.0,38.06,189.86,130.24,55.77
58.3859,0.0,0.0,0.0,0.0,0.0,0.0,0.0,0.0,11.44,271.48,51.26,90.53,40.26,192.17,132.55,58.63
58.3959,0.0,0.0,0.0,0.0,0.0,0.0,0.0,0.0,11.44,265.43,47.41,92.95,40.26,196.9,137.17,58.63
58.4059,0.0,0.0,0.0,0.0,0.0,0.0,0.0,0.0,11.44,259.27,43.67,95.48,42.35,199.32,139.59,58.63
58.4159,0.0,0.0,0.0,0.0,0.0,0.0,0.0,0.0,11.44,255.2,39.82,98.01,42.35,201.63,141.9,61.49
58.4259,0.0,0.0,0.0,0.0,0.0,0.0,0.0,0.0,11.44,249.04,37.95,98.01,44.44,203.94,146.52,61.49
58.4359,0.0,0.0,0.0,0.0,0.0,0.0,0.0,0.0,11.44,240.9,36.08,100.54,44.44,206.36,148.83,64.35
58.4459,0.0,0.0,0.0,0.0,0.0,0.0,0.0,0.0,11.44,234.85,34.1,100.54,46.53,208.67,153.56,67.32
58.4559,0.0,0.0,0.0,0.0,0.0,0.0,0.0,0.0,11.44,230.78,34.1,102.96,46.53,211.09,158.18,70.18
58.4659,0.0,0.0,0.0,0.0,0.0,0.0,0.0,0.0,11.44,224.62,32.23,102.96,48.73,213.4,162.8,73.15
58.4759,0.0,0.0,0.0,0.0,0.0,0.0,0.0,0.0,11.44,216.26,30.36,105.49,50.82,215.82,165.11,73.15
58.4859,0.0,0.0,0.0,0.0,0.0,0.0,0.0,0.0,11.44,207.9,28.49,108.02,50.82,218.13,169.95,78.98
58.4959,0.0,0.0,0.0,0.0,0.0,0.0,0.0,0.0,11.44,199.54,26.51,108.02,52.91,220.55,174.79,81.84
58.5059,0.0,0.0,0.0,0.0,0.0,0.0,0.0,0.0,11.44,191.18,22.77,110.55,52.91,222.97,179.63,87.67
58.5159,0.0,0.0,0.0,0.0,0.0,0.0,0.0,0.0,9.13,180.73,20.9,113.08,55.11,225.39,184.58,90.53
58.5259,0.0,0.0,0.0,0.0,0.0,0.0,0.0,0.0,9.13,170.28,18.92,115.5,57.53,230.34,189.42,96.36
58.5359,0.0,0.0,0.0,0.0,0.0,0.0,0.0,0.0,9.13,159.39,17.05,118.03,57.53,235.18,194.37,102.19
58.5459,0.0,0.0,0.0,0.0,0.0,0.0,0.0,0.0,9.13,146.41,15.18,120.45,57.53,240.13,199.21,108.02
58.5559,0.0,0.0,0.0,0.0,0.0,0.0,0.0,0.0,9.13,135.52,15.18,122.98,60.06,244.97,204.05,113.52
58.5659,0.0,0.0,0.0,0.0,0.0,0.0,0.0,0.0,9.13,124.63,13.2,125.51,60.06,249.92,206.47,116.05
58.5759,0.0,0.0,0.0,0.0,0.0,0.0,0.0,0.0,9.13,111.65,11.33,130.46,60.06,254.76,209.0,121.11
58.5859,0.0,0.0,0.0,0.0,0.0,0.0,0.0,0.0,9.13,98.89,11.33,132.88,60.06,257.18,213.84,126.17
58.5959,0.0,0.0,0.0,0.0,0.0,0.0,0.0,0.0,9.13,86.13,11.33,135.41,60.06,262.13,218.68,128.7
58.6059,0.0,0.0,0.0,0.0,0.0,0.0,0.0,0.0,9.13,73.48,11.33,137.94,60.06,266.97,221.21,133.76
58.6159,0.0,0.0,0.0,0.0,0.0,0.0,0.0,0.0,6.82,58.63,9.46,140.36,57.53,271.92,225.94,138.82
58.6259,0.0,0.0,0.0,0.0,0.0,0.0,0.0,0.0,6.82,45.98,9.46,142.89,57.53,276.76,228.36,143.88
58.6359,0.0,0.0,0.0,0.0,0.0,0.0,0.0,0.0,6.82,33.44,7.59,142.89,57.53,281.71,233.2,151.47
58.6459,4.07,0.0,0.0,0.0,0.0,0.0,0.0,0.0,4.51,22.99,7.59,142.89,57.53,289.08,237.93,159.06
58.6559,16.5,0.0,0.0,0.0,0.0,0.0,0.0,0.0,0.0,16.72,5.61,137.94,55.11,293.92,242.77,166.76
58.6659,28.93,0.0,0.0,0.0,0.0,0.0,0.0,0.0,0.0,10.45,3.74,132.88,50.82,298.87,247.61,174.24
58.6759,37.18,0.0,0.0,0.0,0.0,0.0,0.0,0.0,0.0,8.36,3.74,125.51,46.53,301.29,252.34,184.25
58.6859,68.75,0.0,0.0,0.0,0.0,0.0,0.0,0.0,0.0,6.27,0.0,115.5,40.26,306.24,257.18,194.26
58.6959,88.44,0.0,0.0,0.0,0.0,0.0,0.0,0.0,0.0,4.18,0.0,105.49,35.97,306.24,262.02,204.27
58.7059,110.22,0.0,0.0,0.0,0.0,0.0,0.0,0.0,0.0,4.18,0.0,92.95,29.59,308.66,266.75,214.39
58.7159,134.2,0.0,0.0,0.0,0.0,0.0,0.0,0.0,0.0,4.18,0.0,80.41,23.21,308.66,269.17,224.4
58.7259,192.39,0.0,0.0,0.0,0.0,0.0,0.0,0.0,0.0,0.0,0.0,62.92,16.94,306.24,269.17,233.86
58.7359,218.68,64.46,0.0,0.0,0.0,0.0,0.0,0.0,0.0,0.0,0.0,45.32,12.65,301.29,269.17,240.9
58.7459,166.1,167.53,3.85,0.0,0.0,0.0,0.0,0.0,0.0,0.0,0.0,25.19,8.47,293.92,262.02,247.94
58.7559,116.38,206.8,64.02,18.81,0.0,0.0,0.0,0.0,0.0,0.0,0.0,10.01,6.27,279.29,249.92,254.98
58.7659,88.44,223.41,106.37,37.62,15.18,8.47,4.51,0.0,0.0,0.0,0.0,4.95,6.27,252.34,228.36,259.71
58.7759,75.35,221.32,124.08,45.98,23.87,23.21,11.22,6.71,0.0,0.0,0.0,4.95,8.47,213.4,194.37,266.75
58.7859,62.26,217.14,135.08,50.16,34.65,40.26,27.06,9.02,0.0,0.0,0.0,4.95,8.47,165.99,151.14,271.48
58.7959,55.88,210.98,146.08,50.16,41.25,48.73,40.59,13.53,0.0,0.0,0.0,4.95,8.47,115.5,104.39,273.79
58.8059,51.7,208.89,154.88,52.25,45.54,57.42,54.12,15.73,0.0,0.0,0.0,4.95,10.56,74.69,52.47,266.75
58.8159,51.7,212.96,163.68,54.34,49.94,64.46,65.67,18.04,0.0,0.0,0.0,4.95,8.47,30.14,26.18,206.8
58.8259,51.7,219.23,172.81,56.54,52.03,71.5,72.82,18.04,0.0,0.0,0.0,4.95,8.47,17.6,22.11,136.29
58.8359,51.7,227.59,177.54,58.63,54.23,76.23,79.86,20.24,0.0,0.0,0.0,4.95,6.27,15.07,18.15,110.99
58.8459,51.7,235.95,179.96,60.72,56.43,80.85,84.59,22.55,0.0,0.0,0.0,4.95,4.18,12.54,14.08,105.16
58.8559,49.61,246.4,177.54,62.81,56.43,88.0,91.74,24.75,0.0,0.0,0.0,4.95,4.18,7.48,10.01,90.53
58.8659,49.61,256.85,175.23,67.1,58.63,92.62,96.47,24.75,0.0,0.0,0.0,4.95,0.0,4.95,6.05,61.49
58.8759,47.52,263.12,172.81,71.28,60.72,99.66,101.2,27.06,0.0,0.0,0.0,0.0,0.0,4.95,3.96,19.47
58.8859,45.54,269.39,170.5,75.57,62.92,104.39,105.93,27.06,0.0,0.0,0.0,0.0,0.0,0.0,0.0,5.5
58.8959,43.45,271.48,168.19,77.66,65.01,109.12,108.24,29.26,0.0,0.0,0.0,0.0,0.0,0.0,0.0,0.0
58.9059,41.36,269.39,165.88,81.95,65.01,113.85,113.08,29.26,0.0,0.0,0.0,0.0,0.0,0.0,0.0,0.0
58.9159,39.27,267.3,163.68,84.04,67.21,118.58,117.59,31.57,0.0,0.0,0.0,0.0,0.0,0.0,0.0,0.0
58.9259,37.18,263.12,159.28,86.13,69.3,121.0,119.79,31.57,0.0,0.0,0.0,0.0,0.0,0.0,0.0,0.0
58.9359,35.09,256.85,154.88,90.42,71.5,125.73,124.41,33.77,0.0,0.0,0.0,0.0,0.0,0.0,0.0,0.0
58.9459,33.11,252.67,150.48,94.6,73.59,130.57,126.61,33.77,0.0,0.0,0.0,0.0,0.0,0.0,0.0,0.0
58.9559,33.11,246.4,143.88,96.8,75.79,132.99,131.23,36.08,0.0,0.0,0.0,0.0,0.0,0.0,0.0,0.0
58.9659,31.02,240.13,135.08,100.98,75.79,137.72,133.43,36.08,0.0,0.0,0.0,0.0,0.0,0.0,0.0,0.0
58.9759,28.93,233.86,128.48,105.27,77.88,140.14,135.74,36.08,0.0,0.0,0.0,0.0,0.0,0.0,0.0,0.0
58.9859,26.84,227.59,119.68,109.45,80.08,144.98,137.94,38.28,0.0,0.0,0.0,0.0,0.0,0.0,0.0,0.0
58.9959,26.84,219.23,113.08,113.63,80.08,147.29,140.25,40.59,0.0,0.0,0.0,0.0,0.0,0.0,0.0,0.0
59.0059,24.75,210.98,106.37,115.72,82.17,149.71,142.56,40.59,0.0,0.0,0.0,0.0,0.0,0.0,0.0,0.0
59.0159,24.75,204.71,101.86,119.9,84.37,154.55,147.07,40.59,0.0,0.0,0.0,0.0,0.0,0.0,0.0,0.0
59.0259,22.77,196.46,95.15,121.99,86.57,156.97,149.38,42.79,0.0,0.0,0.0,0.0,0.0,0.0,0.0,0.0
59.0359,22.77,190.19,90.75,123.97,88.66,159.28,151.58,42.79,0.0,0.0,0.0,0.0,0.0,0.0,0.0,0.0
59.0459,22.77,181.94,86.24,126.06,88.66,161.7,153.89,45.1,0.0,0.0,0.0,0.0,0.0,0.0,0.0,0.0
59.0559,20.68,175.78,81.84,130.24,90.86,164.12,158.4,45.1,0.0,0.0,0.0,0.0,0.0,0.0,0.0,0.0
59.0659,20.68,169.51,77.33,132.33,92.95,166.54,160.71,47.3,0.0,0.0,0.0,0.0,0.0,0.0,0.0,0.0
59.0759,20.68,163.02,70.62,136.4,95.15,171.16,165.22,49.61,0.0,0.0,0.0,0.0,0.0,0.0,0.0,0.0
59.0859,20.68,154.22,64.02,140.58,97.24,175.78,169.84,49.61,0.0,0.0,0.0,0.0,0.0,0.0,0.0,0.0
59.0959,18.59,149.82,57.31,144.76,97.24,178.09,172.15,51.81,0.0,0.0,0.0,0.0,0.0,0.0,0.0,0.0
59.1059,18.59,143.22,51.15,148.83,99.44,182.71,176.77,54.12,0.0,0.0,0.0,0.0,0.0,0.0,0.0,0.0
59.1159,18.59,138.82,45.21,155.1,101.53,189.53,179.08,56.32,0.0,0.0,0.0,0.0,0.0,0.0,0.0,0.0
59.1259,18.59,132.22,37.29,161.26,101.53,194.15,183.81,58.63,0.0,0.0,0.0,0.0,0.0,0.0,0.0,0.0
59.1359,18.59,123.42,29.48,167.53,103.73,200.97,188.43,60.72,0.0,0.0,0.0,0.0,0.0,0.0,0.0,0.0
59.1459,16.5,114.62,23.54,173.8,103.73,207.9,190.74,62.92,0.0,0.0,0.0,0.0,0.0,0.0,0.0,0.0
59.1559,16.5,102.19,17.71,180.18,105.82,214.72,195.47,65.12,0.0,0.0,0.0,0.0,0.0,0.0,0.0,0.0
59.1659,14.41,88.33,13.75,186.56,105.82,221.65,200.09,67.32,0.0,0.0,0.0,0.0,0.0,0.0,0.0,0.0
59.1759,14.41,74.36,11.77,192.94,105.82,226.27,202.4,69.41,0.0,0.0,0.0,0.0,0.0,0.0,0.0,0.0
59.1859,14.41,58.52,9.79,199.32,103.73,233.09,204.71,71.61,0.0,0.0,0.0,0.0,0.0,0.0,0.0,0.0
59.1959,12.32,43.34,9.79,205.7,103.73,240.02,209.44,73.81,0.0,0.0,0.0,0.0,0.0,0.0,0.0,0.0
59.2059,10.34,30.14,7.81,209.88,101.53,246.95,211.75,76.01,0.0,0.0,0.0,0.0,0.0,0.0,0.0,0.0
59.2159,10.34,18.81,5.83,214.17,101.53,253.88,214.06,80.3,0.0,0.0,0.0,0.0,0.0,0.0,0.0,0.0
59.2259,8.25,13.09,5.83,212.08,97.24,260.81,218.68,84.7,13.64,0.0,0.0,0.0,0.0,0.0,0.0,0.0
59.2359,6.16,11.22,3.85,209.88,92.95,267.74,220.99,89.1,22.88,0.0,0.0,0.0,0.0,0.0,0.0,0.0
59.2459,4.07,9.35,3.85,203.61,86.57,276.98,223.41,95.59,29.7,0.0,0.0,0.0,0.0,0.0,0.0,0.0
59.2559,4.07,7.48,0.0,195.03,80.08,283.69,225.61,102.08,34.32,0.0,0.0,0.0,0.0,0.0,0.0,0.0
59.2659,0.0,5.61,0.0,186.56,71.5,290.29,227.92,108.68,57.2,0.0,0.0,0.0,0.0,0.0,0.0,0.0
59.2759,0.0,3.74,0.0,173.8,65.01,294.69,230.23,113.08,102.52,0.0,0.0,0.0,0.0,0.0,0.0,0.0
59.2858,0.0,3.74,0.0,161.26,54.23,296.89,230.23,119.9,137.17,0.0,0.0,0.0,0.0,0.0,0.0,0.0
59.2958,0.0,0.0,0.0,146.74,47.74,299.09,230.23,124.52,192.39,6.27,3.74,0.0,0.0,0.0,0.0,0.0
59.3058,0.0,0.0,0.0,128.15,39.05,296.89,230.23,129.03,173.69,54.34,49.39,0.0,0.0,0.0,0.0,0.0
59.3158,0.0,0.0,0.0,107.36,28.16,296.89,227.92,135.96,104.94,126.83,87.67,7.48,0.0,4.95,3.96,0.0
59.3258,0.0,0.0,0.0,84.04,17.27,290.29,225.61,140.58,73.81,161.59,111.65,20.13,8.47,22.66,18.15,8.36
59.3358,0.0,0.0,0.0,58.63,10.78,279.29,214.06,147.4,66.66,165.99,120.67,22.66,14.74,35.2,32.23,11.11
59.3458,0.0,0.0,0.0,27.17,10.78,258.5,188.43,158.84,54.89,170.28,125.29,25.19,16.94,47.85,44.33,11.11
59.3558,0.0,0.0,0.0,12.54,8.58,212.41,149.38,170.39,45.76,180.73,122.98,30.14,19.03,60.28,52.47,13.86
59.3658,0.0,0.0,0.0,10.45,10.78,140.14,108.24,184.58,38.83,191.18,125.29,32.67,21.12,69.85,58.85,16.72
59.3758,0.0,0.0,0.0,8.36,8.58,80.85,65.67,198.88,36.52,203.72,125.29,35.2,23.21,79.53,66.11,19.47
59.3858,0.0,0.0,0.0,6.27,8.58,42.35,27.06,191.73,34.32,214.17,129.91,37.73,23.21,86.68,73.26,22.33
59.3958,0.0,0.0,0.0,6.27,8.58,19.03,18.04,126.83,32.01,224.62,132.22,40.26,25.41,93.83,80.41,25.08
59.4058,0.0,0.0,0.0,4.18,6.49,12.65,15.73,76.01,32.01,234.85,132.22,42.79,27.5,103.4,87.67,27.83
59.4158,0.0,0.0,0.0,4.18,4.29,8.47,11.22,51.81,29.7,242.99,132.22,47.85,29.59,110.66,94.82,27.83
59.4258,0.0,0.0,0.0,0.0,4.29,6.27,6.71,40.59,27.39,249.04,132.22,50.38,29.59,118.03,101.97,33.44
59.4358,0.0,0.0,0.0,0.0,0.0,4.18,4.51,31.57,25.08,253.22,129.91,52.91,31.79,125.62,109.23,33.44
59.4458,0.0,0.0,0.0,0.0,0.0,0.0,0.0,15.73,22.88,255.2,127.6,57.97,33.88,133.21,116.27,36.19
59.4558,0.0,0.0,0.0,0.0,0.0,0.0,0.0,0.0,22.88,257.29,127.6,57.97,35.97,138.27,123.2,39.05
59.4658,0.0,0.0,0.0,0.0,0.0,0.0,0.0,0.0,20.57,257.29,127.6,60.39,35.97,143.22,130.24,41.8
59.4758,0.0,0.0,0.0,0.0,0.0,0.0,0.0,0.0,20.57,257.29,125.29,62.92,38.06,150.81,137.17,44.66
59.4858,0.0,0.0,0.0,0.0,0.0,0.0,0.0,0.0,18.26,255.2,122.98,65.45,40.26,155.87,141.9,47.41
59.4958,0.0,0.0,0.0,0.0,0.0,0.0,0.0,0.0,18.26,251.13,118.36,67.98,42.35,160.93,146.52,50.16
59.5058,0.0,0.0,0.0,0.0,0.0,0.0,0.0,0.0,18.26,247.06,113.85,70.4,42.35,165.99,153.56,53.02
59.5158,0.0,0.0,0.0,0.0,0.0,0.0,0.0,0.0,15.95,242.99,109.45,72.93,44.44,171.05,158.18,55.77
59.5258,0.0,0.0,0.0,0.0,0.0,0.0,0.0,0.0,15.95,236.83,105.05,75.46,46.53,173.36,160.49,58.63
59.5358,0.0,0.0,0.0,0.0,0.0,0.0,0.0,0.0,15.95,232.76,98.56,77.99,46.53,178.09,165.11,64.35
59.5458,0.0,0.0,0.0,0.0,0.0,0.0,0.0,0.0,13.64,228.69,92.07,80.41,48.73,182.82,167.53,67.32
59.5558,0.0,0.0,0.0,0.0,0.0,0.0,0.0,0.0,13.64,224.62,87.67,82.94,48.73,185.13,172.37,70.18
59.5658,0.0,0.0,0.0,0.0,0.0,0.0,0.0,0.0,13.64,220.44,81.18,85.47,50.82,187.44,174.79,76.01
59.5758,0.0,0.0,0.0,0.0,0.0,0.0,0.0,0.0,13.64,214.17,74.69,85.47,50.82,189.86,179.63,78.98
59.5858,0.0,0.0,0.0,0.0,0.0,0.0,0.0,0.0,13.64,207.9,70.29,88.0,52.91,192.17,182.16,81.84
59.5958,0.0,0.0,0.0,0.0,0.0,0.0,0.0,0.0,13.64,203.72,65.89,88.0,52.91,194.59,187.0,84.81
59.6058,0.0,0.0,0.0,0.0,0.0,0.0,0.0,0.0,11.44,197.45,63.8,90.53,55.11,196.9,189.42,90.53
59.6158,0.0,0.0,0.0,0.0,0.0,0.0,0.0,0.0,11.44,191.18,59.4,92.95,55.11,199.32,194.37,93.5
59.6258,0.0,0.0,0.0,0.0,0.0,0.0,0.0,0.0,11.44,184.91,55.11,92.95,57.53,201.63,196.79,96.36
59.6358,0.0,0.0,0.0,0.0,0.0,0.0,0.0,0.0,11.44,180.73,51.26,95.48,60.06,203.94,201.63,99.33
59.6458,0.0,0.0,0.0,0.0,0.0,0.0,0.0,0.0,11.44,174.46,47.41,98.01,60.06,206.36,204.05,102.19
59.6558,0.0,0.0,0.0,0.0,0.0,0.0,0.0,0.0,11.44,168.19,43.67,100.54,62.59,208.67,206.47,108.02
59.6658,0.0,0.0,0.0,0.0,0.0,0.0,0.0,0.0,11.44,161.59,39.82,102.96,62.59,213.4,211.42,110.99
59.6758,0.0,0.0,0.0,0.0,0.0,0.0,0.0,0.0,11.44,155.1,36.08,105.49,65.12,218.13,213.84,116.05
59.6858,0.0,0.0,0.0,0.0,0.0,0.0,0.0,0.0,11.44,146.41,30.36,108.02,65.12,220.55,218.68,118.58
59.6958,0.0,0.0,0.0,0.0,0.0,0.0,0.0,0.0,11.44,139.92,26.51,110.55,65.12,225.39,221.21,123.64
59.7058,0.0,0.0,0.0,0.0,0.0,0.0,0.0,0.0,11.44,131.23,22.77,113.08,67.65,230.34,225.94,128.7
59.7158,0.0,0.0,0.0,0.0,0.0,0.0,0.0,0.0,11.44,122.54,18.92,115.5,67.65,232.76,230.78,131.23
59.7258,0.0,0.0,0.0,0.0,0.0,0.0,0.0,0.0,9.13,111.65,17.05,118.03,67.65,240.13,233.2,136.29
59.7358,0.0,0.0,0.0,0.0,0.0,0.0,0.0,0.0,9.13,98.89,15.18,122.98,67.65,244.97,237.93,141.35
59.7458,0.0,0.0,0.0,0.0,0.0,0.0,0.0,0.0,9.13,86.13,13.2,125.51,67.65,249.92,240.35,146.41
59.7558,0.0,0.0,0.0,0.0,0.0,0.0,0.0,0.0,9.13,73.48,11.33,127.93,67.65,257.18,245.19,151.47
59.7658,0.0,0.0,0.0,0.0,0.0,0.0,0.0,0.0,9.13,56.43,11.33,132.88,67.65,262.13,249.92,156.53
59.7758,0.0,0.0,0.0,0.0,0.0,0.0,0.0,0.0,6.82,43.89,9.46,135.41,65.12,269.5,254.76,161.59
59.7858,0.0,0.0,0.0,0.0,0.0,0.0,0.0,0.0,6.82,31.35,9.46,137.94,65.12,274.34,259.6,166.76
59.7958,0.0,0.0,0.0,0.0,0.0,0.0,0.0,0.0,4.51,20.9,7.59,137.94,65.12,281.71,264.33,176.77
59.8058,8.25,0.0,0.0,0.0,0.0,0.0,0.0,0.0,4.51,12.54,5.61,135.41,62.59,286.55,269.17,184.25
59.8158,20.68,0.0,0.0,0.0,0.0,0.0,0.0,0.0,0.0,10.45,3.74,130.46,57.53,291.5,271.59,191.73
59.8258,31.02,0.0,0.0,0.0,0.0,0.0,0.0,0.0,0.0,8.36,3.74,122.98,50.82,296.34,276.43,201.85
59.8358,53.79,0.0,0.0,0.0,0.0,0.0,0.0,0.0,0.0,6.27,0.0,115.5,46.53,298.87,278.63,211.86
59.8458,73.15,0.0,0.0,0.0,0.0,0.0,0.0,0.0,0.0,4.18,0.0,105.49,40.26,301.29,280.94,219.34
59.8558,88.44,0.0,0.0,0.0,0.0,0.0,0.0,0.0,0.0,4.18,0.0,95.48,33.88,303.71,283.25,229.24
59.8658,110.22,0.0,0.0,0.0,0.0,0.0,0.0,0.0,0.0,0.0,0.0,85.47,27.5,303.71,285.56,236.28
59.8758,136.18,0.0,0.0,0.0,0.0,0.0,0.0,0.0,0.0,0.0,0.0,70.4,21.12,303.71,285.56,243.32
59.8858,194.37,0.0,0.0,0.0,0.0,0.0,0.0,0.0,0.0,0.0,0.0,55.44,14.74,301.29,285.56,252.67
59.8958,226.82,54.56,0.0,0.0,0.0,0.0,0.0,0.0,0.0,0.0,0.0,37.73,10.56,298.87,280.94,257.4
59.9058,184.25,154.22,7.81,0.0,0.0,0.0,0.0,0.0,0.0,0.0,0.0,20.13,6.27,291.5,271.59,262.02
59.9158,126.28,206.8,68.42,27.17,0.0,0.0,0.0,0.0,0.0,0.0,0.0,7.48,6.27,276.76,252.34,269.06
59.9258,105.82,233.86,101.86,43.89,8.58,16.94,4.51,4.51,0.0,0.0,0.0,4.95,6.27,244.97,225.94,273.79
59.9358,90.53,238.04,115.28,52.25,17.27,35.97,11.22,6.71,0.0,0.0,0.0,4.95,6.27,203.94,187.0,278.52
59.9458,77.55,238.04,124.08,54.34,23.87,50.82,24.75,11.22,0.0,0.0,0.0,4.95,8.47,153.34,141.9,280.94
59.9558,68.75,242.22,126.28,58.63,28.16,62.15,33.77,13.53,0.0,0.0,0.0,4.95,8.47,103.4,94.82,280.94
59.9658,64.46,250.58,130.68,62.81,30.36,71.5,42.79,15.73,0.0,0.0,0.0,4.95,8.47,65.12,44.33,264.44
59.9758,60.06,261.03,132.88,65.01,32.56,80.85,49.61,18.04,0.0,0.0,0.0,4.95,8.47,25.19,24.2,194.26
59.9858,57.97,273.57,135.08,69.19,34.65,88.0,56.32,18.04,0.0,0.0,0.0,4.95,6.27,17.6,20.13,128.7
59.9958,55.88,284.02,135.08,73.48,36.85,95.04,60.94,20.24,0.0,0.0,0.0,4.95,6.27,15.07,18.15,110.99
60.0058,53.79,296.45,132.88,79.75,36.85,102.08,65.67,20.24,0.0,0.0,0.0,4.95,4.18,12.54,14.08,110.99
60.0158,51.7,306.79,126.28,86.13,39.05,111.43,72.82,22.55,0.0,0.0,0.0,0.0,4.18,7.48,10.01,90.53
60.0258,49.61,317.02,121.88,90.42,39.05,116.16,75.13,24.75,0.0,0.0,0.0,0.0,0.0,4.95,6.05,53.02
60.0358,47.52,325.27,117.48,96.8,41.25,123.42,79.86,24.75,0.0,0.0,0.0,0.0,0.0,0.0,3.96,19.47
60.0458,45.54,329.45,115.28,100.98,43.34,128.15,82.28,27.06,0.0,0.0,0.0,0.0,0.0,0.0,0.0,5.5
60.0558,45.54,331.54,115.28,105.27,43.34,132.99,87.01,27.06,0.0,0.0,0.0,0.0,0.0,0.0,0.0,0.0
60.0658,43.45,331.54,115.28,107.36,45.54,137.72,91.74,29.26,0.0,0.0,0.0,0.0,0.0,0.0,0.0,0.0
60.0758,41.36,327.36,113.08,111.65,47.74,140.14,94.05,29.26,0.0,0.0,0.0,0.0,0.0,0.0,0.0,0.0
60.0858,39.27,323.29,110.77,115.72,47.74,144.98,96.47,29.26,0.0,0.0,0.0,0.0,0.0,0.0,0.0,0.0
60.0958,37.18,319.11,106.37,117.81,49.94,147.29,98.78,31.57,0.0,0.0,0.0,0.0,0.0,0.0,0.0,0.0
60.1058,35.09,312.95,101.86,121.99,49.94,149.71,101.2,31.57,0.0,0.0,0.0,0.0,0.0,0.0,0.0,0.0
60.1158,33.11,304.7,95.15,126.06,52.03,154.55,103.51,31.57,0.0,0.0,0.0,0.0,0.0,0.0,0.0,0.0
60.1258,33.11,298.43,88.55,130.24,52.03,156.97,105.93,33.77,0.0,0.0,0.0,0.0,0.0,0.0,0.0,0.0
60.1358,31.02,292.27,81.84,134.31,54.23,159.28,105.93,33.77,0.0,0.0,0.0,0.0,0.0,0.0,0.0,0.0
60.1458,28.93,286.11,75.13,138.49,54.23,161.7,108.24,33.77,0.0,0.0,0.0,0.0,0.0,0.0,0.0,0.0
60.1558,28.93,277.75,70.62,142.67,56.43,166.54,110.66,36.08,0.0,0.0,0.0,0.0,0.0,0.0,0.0,0.0
60.1658,26.84,269.39,66.22,144.76,56.43,168.96,115.28,36.08,0.0,0.0,0.0,0.0,0.0,0.0,0.0,0.0
60.1758,26.84,261.03,61.71,148.83,58.63,171.16,117.59,36.08,0.0,0.0,0.0,0.0,0.0,0.0,0.0,0.0
60.1858,24.75,250.58,57.31,153.01,60.72,175.78,119.79,38.28,0.0,0.0,0.0,0.0,0.0,0.0,0.0,0.0
60.1958,24.75,240.13,55.11,155.1,62.92,178.09,124.41,38.28,0.0,0.0,0.0,0.0,0.0,0.0,0.0,0.0
60.2058,22.77,231.77,51.15,159.17,65.01,180.4,126.61,38.28,0.0,0.0,0.0,0.0,0.0,0.0,0.0,0.0
60.2158,22.77,221.32,47.19,163.35,67.21,184.91,131.23,40.59,0.0,0.0,0.0,0.0,0.0,0.0,0.0,0.0
60.2258,20.68,212.96,43.23,169.62,69.3,189.53,135.74,40.59,0.0,0.0,0.0,0.0,0.0,0.0,0.0,0.0
60.2358,20.68,202.62,37.29,176.0,71.5,194.15,137.94,42.79,0.0,0.0,0.0,0.0,0.0,0.0,0.0,0.0
60.2458,20.68,192.28,31.46,182.38,71.5,198.66,142.56,45.1,0.0,0.0,0.0,0.0,0.0,0.0,0.0,0.0
60.2558,18.59,181.94,25.52,188.65,73.59,205.59,147.07,45.1,0.0,0.0,0.0,0.0,0.0,0.0,0.0,0.0
60.2658,18.59,169.51,21.56,195.03,75.79,210.21,151.58,47.3,0.0,0.0,0.0,0.0,0.0,0.0,0.0,0.0
60.2758,16.5,156.42,17.71,203.61,75.79,217.03,156.09,49.61,0.0,0.0,0.0,0.0,0.0,0.0,0.0,0.0
60.2858,16.5,141.02,13.75,209.88,77.88,223.96,158.4,51.81,0.0,0.0,0.0,0.0,0.0,0.0,0.0,0.0
60.2958,16.5,125.62,11.77,216.26,77.88,228.47,162.91,54.12,0.0,0.0,0.0,0.0,0.0,0.0,0.0,0.0
60.3058,14.41,108.13,9.79,224.84,77.88,235.4,167.53,56.32,0.0,0.0,0.0,0.0,0.0,0.0,0.0,0.0
60.3158,14.41,90.31,9.79,230.56,77.88,242.33,169.84,58.63,0.0,0.0,0.0,0.0,0.0,0.0,0.0,0.0
60.3258,14.41,74.36,7.81,234.3,77.88,249.26,174.46,60.72,0.0,0.0,0.0,0.0,0.0,0.0,0.0,0.0
60.3358,12.32,56.54,7.81,240.02,77.88,253.88,179.08,60.72,0.0,0.0,0.0,0.0,0.0,0.0,0.0,0.0
60.3458,12.32,41.36,7.81,242.0,80.08,260.81,183.81,62.92,0.0,0.0,0.0,0.0,0.0,0.0,0.0,0.0
60.3558,10.34,28.16,7.81,243.87,80.08,267.74,188.43,67.32,22.88,0.0,0.0,0.0,0.0,0.0,0.0,0.0
60.3658,8.25,16.94,5.83,243.87,80.08,272.36,193.05,69.41,20.57,0.0,0.0,0.0,0.0,0.0,0.0,0.0
60.3758,6.16,13.09,3.85,236.28,75.79,279.29,197.78,73.81,29.7,0.0,0.0,0.0,0.0,0.0,0.0,0.0
60.3858,6.16,11.22,3.85,228.58,71.5,285.89,202.4,78.21,38.83,0.0,0.0,0.0,0.0,0.0,0.0,0.0
60.3958,4.07,9.35,0.0,216.26,67.21,292.49,207.02,84.7,50.27,0.0,0.0,0.0,0.0,0.0,0.0,0.0
60.4058,0.0,5.61,0.0,203.61,60.72,299.09,209.44,91.19,71.5,0.0,0.0,0.0,0.0,0.0,0.0,0.0
60.4158,0.0,5.61,0.0,190.85,54.23,303.49,214.06,97.79,130.35,0.0,0.0,0.0,0.0,0.0,0.0,0.0
60.4258,0.0,3.74,0.0,176.0,47.74,305.8,214.06,104.28,190.08,6.27,9.46,0.0,0.0,0.0,0.0,0.0
60.4358,0.0,3.74,0.0,159.17,39.05,308.0,214.06,110.88,150.81,48.07,63.8,0.0,0.0,0.0,0.0,0.0
60.4458,0.0,0.0,0.0,138.49,32.56,308.0,216.37,117.59,92.95,111.65,100.76,7.48,8.47,4.95,8.03,0.0
60.4558,0.0,0.0,0.0,111.65,21.67,303.49,216.37,124.52,69.08,150.7,116.05,15.07,10.56,22.66,20.13,8.36
60.4658,0.0,0.0,0.0,84.04,12.98,294.69,216.37,133.65,61.93,157.3,125.29,17.6,14.74,32.67,34.32,8.36
60.4758,0.0,0.0,0.0,50.16,8.58,279.29,207.02,145.09,52.58,165.99,127.6,20.13,16.94,45.32,42.35,11.11
60.4858,0.0,0.0,0.0,18.81,8.58,246.95,181.5,156.53,43.45,176.55,122.98,25.19,19.03,60.28,50.38,13.86
60.4958,0.0,0.0,0.0,12.54,8.58,187.22,140.25,170.39,36.52,184.91,118.36,30.14,21.12,72.27,58.85,16.72
60.5058,0.0,0.0,0.0,10.45,8.58,109.12,91.74,191.73,32.01,195.36,120.67,32.67,23.21,81.84,66.11,19.47
60.5158,0.0,0.0,0.0,8.36,8.58,59.73,45.1,198.88,29.7,203.72,120.67,35.2,25.41,91.41,75.68,22.33
60.5258,0.0,0.0,0.0,8.36,6.49,25.41,20.24,158.84,27.39,214.17,122.98,37.73,25.41,101.09,82.83,25.08
60.5358,0.0,0.0,0.0,6.27,6.49,14.74,15.73,86.9,25.08,222.64,120.67,42.79,27.5,108.24,92.4,30.69
60.5458,0.0,0.0,0.0,6.27,4.29,10.56,11.22,51.81,22.88,226.71,120.67,47.85,29.59,118.03,101.97,33.44
60.5558,0.0,0.0,0.0,4.18,4.29,8.47,9.02,36.08,20.57,232.76,120.67,50.38,31.79,128.15,111.65,36.19
60.5658,0.0,0.0,0.0,4.18,0.0,4.18,4.51,29.26,20.57,232.76,118.36,55.44,33.88,135.74,120.89,41.8
60.5758,0.0,0.0,0.0,0.0,0.0,0.0,0.0,18.04,18.26,232.76,120.67,57.97,35.97,143.22,130.24,44.66
60.5858,0.0,0.0,0.0,0.0,0.0,0.0,0.0,0.0,18.26,234.85,118.36,60.39,38.06,150.81,137.17,47.41
60.5958,0.0,0.0,0.0,0.0,0.0,0.0,0.0,0.0,18.26,232.76,118.36,62.92,40.26,158.4,146.52,50.16
60.6058,0.0,0.0,0.0,0.0,0.0,0.0,0.0,0.0,15.95,230.78,116.05,65.45,42.35,165.99,155.87,55.77
60.6158,0.0,0.0,0.0,0.0,0.0,0.0,0.0,0.0,15.95,226.71,111.65,67.98,44.44,173.36,162.8,61.49
60.6258,0.0,0.0,0.0,0.0,0.0,0.0,0.0,0.0,15.95,220.44,107.25,72.93,46.53,178.09,167.53,67.32
60.6358,0.0,0.0,0.0,0.0,0.0,0.0,0.0,0.0,15.95,214.17,100.76,75.46,48.73,185.13,174.79,73.15
60.6458,0.0,0.0,0.0,0.0,0.0,0.0,0.0,0.0,13.64,207.9,94.27,77.99,50.82,189.86,182.16,81.84
60.6558,0.0,0.0,0.0,0.0,0.0,0.0,0.0,0.0,13.64,199.54,87.67,80.41,52.91,194.59,187.0,87.67
60.6658,0.0,0.0,0.0,0.0,0.0,0.0,0.0,0.0,13.64,195.36,81.18,85.47,55.11,201.63,194.37,93.5
60.6758,0.0,0.0,0.0,0.0,0.0,0.0,0.0,0.0,11.44,189.09,74.69,88.0,57.53,206.36,199.21,99.33
60.6858,0.0,0.0,0.0,0.0,0.0,0.0,0.0,0.0,11.44,180.73,65.89,90.53,60.06,211.09,206.47,105.16
60.6958,0.0,0.0,0.0,0.0,0.0,0.0,0.0,0.0,11.44,174.46,59.4,95.48,60.06,215.82,211.42,110.99
60.7058,0.0,0.0,0.0,0.0,0.0,0.0,0.0,0.0,11.44,165.99,53.13,98.01,62.59,220.55,218.68,116.05
60.7157,0.0,0.0,0.0,0.0,0.0,0.0,0.0,0.0,11.44,157.3,47.41,100.54,65.12,222.97,223.52,121.11
60.7257,0.0,0.0,0.0,0.0,0.0,0.0,0.0,0.0,11.44,150.7,41.8,102.96,67.65,227.81,228.36,126.17
60.7357,0.0,0.0,0.0,0.0,0.0,0.0,0.0,0.0,11.44,142.01,36.08,102.96,67.65,230.34,233.2,128.7
60.7457,0.0,0.0,0.0,0.0,0.0,0.0,0.0,0.0,11.44,133.32,30.36,108.02,70.18,235.18,237.93,133.76
60.7557,0.0,0.0,0.0,0.0,0.0,0.0,0.0,0.0,11.44,124.63,26.51,110.55,70.18,237.6,240.35,136.29
60.7657,0.0,0.0,0.0,0.0,0.0,0.0,0.0,0.0,9.13,113.85,20.9,113.08,70.18,242.55,245.19,141.35
60.7757,0.0,0.0,0.0,0.0,0.0,0.0,0.0,0.0,9.13,103.18,18.92,113.08,70.18,247.39,247.61,143.88
60.7857,0.0,0.0,0.0,0.0,0.0,0.0,0.0,0.0,11.44,90.42,15.18,115.5,70.18,249.92,252.34,146.41
60.7957,0.0,0.0,0.0,0.0,0.0,0.0,0.0,0.0,9.13,75.57,13.2,120.45,70.18,257.18,254.76,151.47
60.8057,0.0,0.0,0.0,0.0,0.0,0.0,0.0,0.0,9.13,60.72,11.33,122.98,67.65,262.13,257.18,154.0
60.8157,0.0,0.0,0.0,0.0,0.0,0.0,0.0,0.0,9.13,48.07,9.46,127.93,65.12,269.5,262.02,159.06
60.8257,0.0,0.0,0.0,0.0,0.0,0.0,0.0,0.0,6.82,35.53,9.46,127.93,65.12,274.34,264.33,161.59
60.8357,0.0,0.0,0.0,0.0,0.0,0.0,0.0,0.0,6.82,22.99,9.46,130.46,65.12,281.71,266.75,169.18
60.8457,0.0,0.0,0.0,0.0,0.0,0.0,0.0,0.0,4.51,16.72,7.59,130.46,62.59,286.55,271.59,174.24
60.8557,0.0,0.0,0.0,0.0,0.0,0.0,0.0,0.0,0.0,10.45,5.61,125.51,60.06,291.5,274.01,181.72
60.8657,0.0,0.0,0.0,0.0,0.0,0.0,0.0,0.0,0.0,8.36,3.74,120.45,55.11,296.34,280.94,191.73
60.8757,0.0,0.0,0.0,0.0,0.0,0.0,0.0,0.0,0.0,6.27,3.74,115.5,50.82,303.71,283.25,201.85
60.8857,6.16,0.0,0.0,0.0,0.0,0.0,0.0,0.0,0.0,4.18,0.0,110.55,46.53,306.24,287.87,209.33
60.8957,8.25,0.0,0.0,0.0,0.0,0.0,0.0,0.0,0.0,4.18,0.0,102.96,42.35,311.08,290.18,216.81
60.9057,14.41,0.0,0.0,0.0,0.0,0.0,0.0,0.0,0.0,4.18,0.0,95.48,35.97,313.5,292.49,224.4
60.9157,22.77,0.0,0.0,0.0,0.0,0.0,0.0,0.0,0.0,0.0,0.0,88.0,31.79,316.03,294.8,231.55
60.9257,31.02,0.0,0.0,0.0,0.0,0.0,0.0,0.0,0.0,0.0,0.0,80.41,27.5,320.87,297.0,238.59
60.9357,37.18,0.0,0.0,0.0,0.0,0.0,0.0,0.0,0.0,0.0,0.0,72.93,23.21,323.4,297.0,245.63
60.9457,47.52,0.0,0.0,0.0,0.0,0.0,0.0,0.0,0.0,0.0,0.0,62.92,16.94,325.82,294.8,250.36
60.9557,73.15,0.0,0.0,0.0,0.0,0.0,0.0,0.0,0.0,0.0,0.0,50.38,12.65,328.24,292.49,257.4
60.9657,90.53,0.0,0.0,0.0,0.0,0.0,0.0,0.0,0.0,0.0,0.0,37.73,8.47,325.82,290.18,262.02
60.9757,122.32,0.0,0.0,0.0,0.0,0.0,0.0,0.0,0.0,0.0,0.0,27.72,6.27,325.82,283.25,269.06
60.9857,174.13,0.0,0.0,0.0,0.0,0.0,0.0,0.0,0.0,0.0,0.0,12.54,6.27,318.45,274.01,273.79
60.9957,194.37,64.46,0.0,0.0,0.0,0.0,0.0,0.0,0.0,0.0,0.0,7.48,6.27,306.24,257.18,278.52
61.0057,128.26,188.21,3.85,0.0,0.0,0.0,0.0,0.0,0.0,0.0,0.0,4.95,6.27,284.13,235.51,283.47
61.0157,75.35,227.59,88.55,52.25,6.49,23.21,4.51,0.0,0.0,0.0,0.0,4.95,6.27,249.92,204.05,291.06
61.0257,70.95,246.4,141.68,56.54,23.87,48.73,18.04,9.02,0.0,0.0,0.0,4.95,8.47,208.67,165.11,296.12
61.0357,62.26,242.22,161.48,58.63,32.56,66.77,38.28,13.53,0.0,0.0,0.0,4.95,10.56,158.4,120.89,298.65
61.0457,53.79,233.86,170.5,60.72,36.85,78.54,56.32,18.04,0.0,0.0,0.0,4.95,10.56,113.08,70.84,296.12
61.0557,45.54,225.5,177.54,62.81,41.25,90.31,75.13,20.24,0.0,0.0,0.0,4.95,10.56,65.12,34.32,257.4
61.0657,39.27,229.68,179.96,67.1,45.54,102.08,89.32,22.55,0.0,0.0,0.0,4.95,8.47,25.19,26.18,174.24
61.0757,37.18,235.95,182.27,71.28,49.94,111.43,98.78,24.75,0.0,0.0,0.0,4.95,8.47,20.13,22.11,131.23
61.0857,35.09,242.22,184.69,75.57,54.23,118.58,110.66,27.06,0.0,0.0,0.0,4.95,6.27,15.07,18.15,121.11
61.0957,35.09,244.31,184.69,79.75,56.43,128.15,117.59,29.26,0.0,0.0,0.0,4.95,4.18,12.54,14.08,116.05
61.1057,33.11,248.49,182.27,84.04,58.63,135.41,124.41,31.57,0.0,0.0,0.0,0.0,4.18,7.48,10.01,81.84
61.1157,31.02,252.67,177.54,88.33,60.72,140.14,131.23,33.77,0.0,0.0,0.0,0.0,0.0,7.48,6.05,36.19
61.1257,31.02,254.76,170.5,94.6,62.92,147.29,137.94,36.08,0.0,0.0,0.0,0.0,0.0,4.95,0.0,11.11
61.1357,28.93,256.85,165.88,98.89,67.21,152.13,142.56,36.08,0.0,0.0,0.0,0.0,0.0,0.0,0.0,5.5
61.1457,28.93,252.67,159.28,103.07,69.3,156.97,147.07,38.28,0.0,0.0,0.0,0.0,0.0,0.0,0.0,0.0
61.1557,26.84,246.4,154.88,105.27,71.5,159.28,151.58,38.28,0.0,0.0,0.0,0.0,0.0,0.0,0.0,0.0
61.1657,26.84,238.04,150.48,109.45,73.59,164.12,156.09,40.59,0.0,0.0,0.0,0.0,0.0,0.0,0.0,0.0
61.1757,24.75,227.59,143.88,113.63,75.79,168.96,160.71,40.59,0.0,0.0,0.0,0.0,0.0,0.0,0.0,0.0
61.1857,22.77,215.05,135.08,117.81,77.88,171.16,165.22,42.79,0.0,0.0,0.0,0.0,0.0,0.0,0.0,0.0
61.1957,22.77,202.62,124.08,121.99,80.08,175.78,169.84,42.79,0.0,0.0,0.0,0.0,0.0,0.0,0.0,0.0
61.2057,22.77,190.19,110.77,126.06,84.37,180.4,174.46,45.1,0.0,0.0,0.0,0.0,0.0,0.0,0.0,0.0
61.2157,20.68,177.87,99.66,130.24,84.37,182.71,179.08,45.1,0.0,0.0,0.0,0.0,0.0,0.0,0.0,0.0
61.2257,20.68,165.22,86.24,134.31,86.57,187.22,183.81,47.3,0.0,0.0,0.0,0.0,0.0,0.0,0.0,0.0
61.2357,20.68,152.02,75.13,138.49,88.66,189.53,186.12,47.3,0.0,0.0,0.0,0.0,0.0,0.0,0.0,0.0
61.2457,18.59,141.02,64.02,142.67,90.86,194.15,190.74,49.61,0.0,0.0,0.0,0.0,0.0,0.0,0.0,0.0
61.2557,18.59,130.02,53.13,146.74,92.95,198.66,195.47,51.81,0.0,0.0,0.0,0.0,0.0,0.0,0.0,0.0
61.2657,18.59,119.02,45.21,150.92,95.15,203.28,200.09,54.12,0.0,0.0,0.0,0.0,0.0,0.0,0.0,0.0
61.2757,18.59,110.22,37.29,155.1,97.24,207.9,204.71,56.32,0.0,0.0,0.0,0.0,0.0,0.0,0.0,0.0
61.2857,16.5,100.21,29.48,159.17,99.44,212.41,209.44,56.32,0.0,0.0,0.0,0.0,0.0,0.0,0.0,0.0
61.2957,16.5,90.31,23.54,163.35,99.44,217.03,216.37,58.63,0.0,0.0,0.0,0.0,0.0,0.0,0.0,0.0
61.3057,16.5,80.3,17.71,167.53,101.53,221.65,218.68,60.72,0.0,0.0,0.0,0.0,0.0,0.0,0.0,0.0
61.3157,16.5,68.42,13.75,171.71,101.53,228.47,223.41,62.92,0.0,0.0,0.0,0.0,0.0,0.0,0.0,0.0
61.3257,14.41,56.54,11.77,178.09,101.53,233.09,227.92,65.12,0.0,0.0,0.0,0.0,0.0,0.0,0.0,0.0
61.3357,14.41,45.21,9.79,182.38,101.53,240.02,232.54,67.32,0.0,0.0,0.0,0.0,0.0,0.0,0.0,0.0
61.3457,12.32,33.88,7.81,186.56,99.44,244.64,234.85,69.41,0.0,0.0,0.0,0.0,0.0,0.0,0.0,0.0
61.3557,10.34,24.42,7.81,188.65,99.44,251.57,239.47,71.61,0.0,0.0,0.0,0.0,0.0,0.0,0.0,0.0
61.3657,10.34,16.94,5.83,188.65,99.44,258.5,243.98,73.81,0.0,0.0,0.0,0.0,0.0,0.0,0.0,0.0
61.3757,8.25,13.09,5.83,186.56,97.24,263.12,246.29,78.21,0.0,0.0,0.0,0.0,0.0,0.0,0.0,0.0
61.3857,6.16,11.22,3.85,182.38,95.15,270.05,250.91,82.5,0.0,0.0,0.0,0.0,0.0,0.0,0.0,0.0
61.3957,6.16,9.35,3.85,178.09,90.86,274.67,253.22,86.9,0.0,0.0,0.0,0.0,0.0,0.0,0.0,0.0
61.4057,4.07,7.48,0.0,173.8,86.57,279.29,255.53,91.19,0.0,0.0,0.0,0.0,0.0,0.0,0.0,0.0
61.4157,4.07,5.61,0.0,167.53,82.17,283.69,257.84,95.59,0.0,0.0,0.0,0.0,0.0,0.0,0.0,0.0
61.4257,0.0,3.74,0.0,161.26,77.88,288.09,260.15,99.99,0.0,0.0,0.0,0.0,0.0,0.0,0.0,0.0
61.4357,0.0,3.74,0.0,155.1,71.5,292.49,260.15,104.28,13.64,0.0,0.0,0.0,0.0,0.0,0.0,0.0
61.4457,0.0,3.74,0.0,148.83,65.01,296.89,262.35,108.68,20.57,0.0,0.0,0.0,0.0,0.0,0.0,0.0
61.4557,0.0,0.0,0.0,142.67,60.72,301.29,262.35,113.08,27.39,0.0,0.0,0.0,0.0,0.0,0.0,0.0
61.4657,0.0,0.0,0.0,134.31,54.23,305.8,260.15,119.9,36.52,0.0,0.0,0.0,0.0,0.0,0.0,0.0
61.4757,0.0,0.0,0.0,126.06,47.74,310.2,260.15,124.52,50.27,0.0,0.0,0.0,0.0,0.0,0.0,0.0
61.4857,0.0,0.0,0.0,117.81,41.25,314.6,260.15,129.03,57.2,0.0,0.0,0.0,0.0,0.0,0.0,0.0
61.4957,0.0,0.0,0.0,107.36,32.56,316.8,257.84,131.34,102.52,0.0,0.0,0.0,0.0,0.0,0.0,0.0
61.5057,0.0,0.0,0.0,94.6,23.87,316.8,253.22,135.96,132.66,0.0,0.0,0.0,0.0,0.0,0.0,0.0
61.5157,0.0,0.0,0.0,79.75,15.18,316.8,248.6,140.58,164.45,0.0,0.0,0.0,0.0,0.0,0.0,0.0
61.5257,0.0,0.0,0.0,60.72,10.78,312.4,239.47,147.4,225.17,8.36,3.74,0.0,0.0,0.0,0.0,0.0
61.5357,0.0,0.0,0.0,39.71,8.58,301.29,230.23,154.33,187.77,77.66,57.2,0.0,0.0,0.0,0.0,0.0
61.5457,0.0,0.0,0.0,18.81,8.58,283.69,211.75,163.46,100.1,170.28,107.25,15.07,4.18,17.6,8.03,5.5
61.5557,0.0,0.0,0.0,12.54,10.78,244.64,181.5,177.43,64.35,201.63,143.66,25.19,8.47,45.32,26.18,11.11
61.5657,0.0,0.0,0.0,10.45,10.78,182.71,142.56,194.04,57.2,203.72,155.21,27.72,14.74,62.7,42.35,13.86
61.5757,0.0,0.0,0.0,8.36,10.78,113.85,101.2,213.07,41.14,203.72,159.83,30.14,21.12,79.53,61.27,19.47
61.5857,0.0,0.0,0.0,6.27,8.58,66.77,56.32,224.95,32.01,207.9,157.52,35.2,23.21,96.25,80.41,25.08
61.5957,0.0,0.0,0.0,6.27,8.58,27.5,24.75,182.16,27.39,209.99,159.83,40.26,27.5,113.08,99.66,33.44
61.6057,0.0,0.0,0.0,6.27,6.49,16.94,20.24,104.28,22.88,212.08,164.45,42.79,31.79,125.62,118.58,39.05
61.6157,0.0,0.0,0.0,4.18,6.49,14.74,15.73,62.92,20.57,214.17,166.76,45.32,35.97,135.74,134.86,47.41
61.6257,0.0,0.0,0.0,4.18,4.29,10.56,13.53,47.3,20.57,216.26,166.76,50.38,38.06,145.75,148.83,53.02
61.6357,0.0,0.0,0.0,0.0,0.0,6.27,6.71,40.59,18.26,216.26,166.76,52.91,42.35,153.34,160.49,61.49
61.6457,0.0,0.0,0.0,0.0,0.0,4.18,4.51,20.24,18.26,216.26,164.45,55.44,44.44,160.93,169.95,73.15
61.6557,0.0,0.0,0.0,0.0,0.0,0.0,0.0,0.0,15.95,214.17,162.14,57.97,46.53,165.99,179.63,81.84
61.6657,0.0,0.0,0.0,0.0,0.0,0.0,0.0,0.0,15.95,209.99,157.52,60.39,48.73,171.05,187.0,87.67
61.6757,0.0,0.0,0.0,0.0,0.0,0.0,0.0,0.0,13.64,205.81,150.59,62.92,50.82,175.67,194.37,96.36
61.6857,0.0,0.0,0.0,0.0,0.0,0.0,0.0,0.0,13.64,199.54,143.66,65.45,52.91,180.4,201.63,102.19
61.6957,0.0,0.0,0.0,0.0,0.0,0.0,0.0,0.0,13.64,195.36,136.84,67.98,52.91,182.82,206.47,108.02
61.7057,0.0,0.0,0.0,0.0,0.0,0.0,0.0,0.0,13.64,187.0,129.91,67.98,55.11,185.13,209.0,110.99
61.7157,0.0,0.0,0.0,0.0,0.0,0.0,0.0,0.0,13.64,180.73,120.67,70.4,57.53,187.44,213.84,113.52
61.7257,0.0,0.0,0.0,0.0,0.0,0.0,0.0,0.0,13.64,172.37,113.85,72.93,57.53,189.86,218.68,118.58
61.7357,0.0,0.0,0.0,0.0,0.0,0.0,0.0,0.0,13.64,163.79,105.05,72.93,60.06,192.17,221.21,121.11
61.7457,0.0,0.0,0.0,0.0,0.0,0.0,0.0,0.0,11.44,155.1,98.56,75.46,60.06,194.59,223.52,123.64
61.7557,0.0,0.0,0.0,0.0,0.0,0.0,0.0,0.0,11.44,146.41,89.87,75.46,62.59,196.9,225.94,123.64
61.7657,0.0,0.0,0.0,0.0,0.0,0.0,0.0,0.0,11.44,137.72,83.38,77.99,62.59,199.32,230.78,126.17
61.7757,0.0,0.0,0.0,0.0,0.0,0.0,0.0,0.0,11.44,131.23,76.78,77.99,65.12,199.32,233.2,131.23
61.7857,0.0,0.0,0.0,0.0,0.0,0.0,0.0,0.0,11.44,124.63,74.69,80.41,65.12,201.63,235.51,131.23
61.7957,0.0,0.0,0.0,0.0,0.0,0.0,0.0,0.0,11.44,115.94,68.09,80.41,67.65,201.63,240.35,133.76
61.8057,0.0,0.0,0.0,0.0,0.0,0.0,0.0,0.0,11.44,109.56,65.89,80.41,70.18,203.94,245.19,136.29
61.8157,0.0,0.0,0.0,0.0,0.0,0.0,0.0,0.0,11.44,103.18,63.8,80.41,70.18,206.36,247.61,138.82
61.8257,0.0,0.0,0.0,0.0,0.0,0.0,0.0,0.0,11.44,98.89,59.4,82.94,72.71,206.36,252.34,141.35
61.8357,0.0,0.0,0.0,0.0,0.0,0.0,0.0,0.0,11.44,92.51,57.2,82.94,72.71,206.36,257.18,143.88
61.8457,0.0,0.0,0.0,0.0,0.0,0.0,0.0,0.0,11.44,88.33,55.11,82.94,75.24,208.67,262.02,148.94
61.8557,0.0,0.0,0.0,0.0,0.0,0.0,0.0,0.0,11.44,84.04,51.26,85.47,77.77,211.09,266.75,151.47
61.8657,0.0,0.0,0.0,0.0,0.0,0.0,0.0,0.0,9.13,77.66,47.41,85.47,77.77,213.4,271.59,154.0
61.8757,0.0,0.0,0.0,0.0,0.0,0.0,0.0,0.0,11.44,71.28,41.8,88.0,80.3,215.82,276.43,159.06
61.8857,0.0,0.0,0.0,0.0,0.0,0.0,0.0,0.0,11.44,64.9,37.95,88.0,80.3,218.13,280.94,161.59
61.8957,0.0,0.0,0.0,0.0,0.0,0.0,0.0,0.0,9.13,56.43,32.23,90.53,82.83,222.97,285.56,166.76
61.9057,0.0,0.0,0.0,0.0,0.0,0.0,0.0,0.0,9.13,48.07,26.51,92.95,82.83,227.81,290.18,169.18
61.9157,0.0,0.0,0.0,0.0,0.0,0.0,0.0,0.0,9.13,39.71,22.77,92.95,82.83,232.76,294.8,174.24
61.9257,0.0,0.0,0.0,0.0,0.0,0.0,0.0,0.0,9.13,29.26,18.92,95.48,82.83,235.18,299.31,179.19
61.9357,0.0,0.0,0.0,0.0,0.0,0.0,0.0,0.0,9.13,20.9,15.18,95.48,85.25,240.13,303.93,184.25
61.9457,0.0,0.0,0.0,0.0,0.0,0.0,0.0,0.0,6.82,14.63,11.33,95.48,85.25,244.97,308.55,189.31
61.9557,12.32,0.0,0.0,0.0,0.0,0.0,0.0,0.0,4.51,10.45,9.46,92.95,82.83,247.39,315.37,196.79
61.9657,16.5,0.0,0.0,0.0,0.0,0.0,0.0,0.0,0.0,6.27,7.59,88.0,80.3,249.92,319.99,206.8
61.9757,16.5,0.0,0.0,0.0,0.0,0.0,0.0,0.0,0.0,6.27,5.61,82.94,77.77,252.34,324.61,211.86
61.9857,24.75,0.0,0.0,0.0,0.0,0.0,0.0,0.0,0.0,4.18,5.61,75.46,72.71,254.76,329.23,221.87
61.9957,28.93,0.0,0.0,0.0,0.0,0.0,0.0,0.0,0.0,4.18,3.74,70.4,67.65,257.18,333.74,229.24
62.0057,35.09,0.0,0.0,0.0,0.0,0.0,0.0,0.0,0.0,0.0,0.0,65.45,60.06,259.71,338.25,236.28
62.0157,41.36,0.0,0.0,0.0,0.0,0.0,0.0,0.0,0.0,0.0,0.0,57.97,52.91,259.71,340.56,243.32
62.0257,45.54,0.0,0.0,0.0,0.0,0.0,0.0,0.0,0.0,0.0,0.0,50.38,46.53,262.13,342.76,250.36
62.0357,92.73,0.0,0.0,0.0,0.0,0.0,0.0,0.0,0.0,0.0,0.0,42.79,40.26,262.13,345.07,257.4
62.0457,126.28,0.0,0.0,0.0,0.0,0.0,0.0,0.0,0.0,0.0,0.0,30.14,33.88,262.13,345.07,264.44
62.0557,182.27,0.0,0.0,0.0,0.0,0.0,0.0,0.0,0.0,0.0,0.0,17.6,25.41,257.18,345.07,271.48
62.0657,198.44,56.54,0.0,0.0,0.0,0.0,0.0,0.0,0.0,0.0,0.0,7.48,16.94,249.92,342.76,276.1
62.0757,138.16,163.02,0.0,0.0,0.0,0.0,0.0,0.0,0.0,0.0,0.0,0.0,8.47,232.76,338.25,280.94
62.0857,101.42,215.05,43.23,39.71,0.0,6.27,0.0,0.0,0.0,0.0,0.0,0.0,6.27,211.09,324.61,286.0
62.0957,86.24,227.59,106.37,52.25,12.98,35.97,9.02,6.71,0.0,0.0,0.0,0.0,6.27,180.4,301.62,288.53
62.1057,77.55,233.86,124.08,56.54,19.47,55.11,18.04,11.22,0.0,0.0,0.0,0.0,6.27,145.75,264.33,288.53
62.1157,64.46,233.86,135.08,60.72,25.96,71.5,31.57,15.73,0.0,0.0,0.0,0.0,6.27,108.24,211.42,288.53
62.1257,55.88,235.95,139.48,65.01,30.36,83.27,40.59,18.04,0.0,0.0,0.0,0.0,8.47,77.11,146.52,288.53
62.1357,49.61,240.13,143.88,67.1,32.56,92.62,49.61,20.24,0.0,0.0,0.0,0.0,8.47,45.32,82.83,280.94
62.1456,47.52,248.49,146.08,71.28,34.65,102.08,58.63,22.55,0.0,0.0,0.0,0.0,6.27,20.13,28.27,236.28
62.1556,45.54,258.94,148.28,75.57,36.85,106.7,65.67,22.55,0.0,0.0,0.0,0.0,6.27,15.07,20.13,154.0
62.1656,43.45,267.3,148.28,79.75,39.05,113.85,70.4,24.75,0.0,0.0,0.0,0.0,6.27,12.54,16.06,118.58
62.1756,41.36,273.57,146.08,84.04,41.25,121.0,77.55,27.06,0.0,0.0,0.0,0.0,4.18,10.01,14.08,102.19
62.1856,39.27,279.95,141.68,90.42,43.34,128.15,82.28,29.26,0.0,0.0,0.0,0.0,0.0,7.48,10.01,87.67
62.1956,37.18,288.2,135.08,96.8,43.34,135.41,87.01,29.26,0.0,0.0,0.0,0.0,0.0,4.95,6.05,53.02
62.2056,35.09,292.27,128.48,103.07,45.54,142.56,89.32,31.57,0.0,0.0,0.0,0.0,0.0,0.0,3.96,16.72
62.2156,35.09,296.45,119.68,109.45,47.74,149.71,94.05,31.57,0.0,0.0,0.0,0.0,0.0,0.0,0.0,5.5
62.2256,33.11,294.36,110.77,115.72,49.94,154.55,96.47,33.77,0.0,0.0,0.0,0.0,0.0,0.0,0.0,0.0
62.2356,31.02,290.18,104.06,121.99,49.94,159.28,101.2,33.77,0.0,0.0,0.0,0.0,0.0,0.0,0.0,0.0
62.2456,28.93,281.93,97.46,126.06,52.03,166.54,103.51,36.08,0.0,0.0,0.0,0.0,0.0,0.0,0.0,0.0
62.2556,26.84,271.48,92.95,132.33,54.23,171.16,108.24,38.28,0.0,0.0,0.0,0.0,0.0,0.0,0.0,0.0
62.2656,26.84,263.12,84.04,138.49,56.43,173.47,110.66,38.28,0.0,0.0,0.0,0.0,0.0,0.0,0.0,0.0
62.2756,24.75,256.85,75.13,142.67,56.43,178.09,113.08,40.59,0.0,0.0,0.0,0.0,0.0,0.0,0.0,0.0
62.2856,22.77,248.49,64.02,148.83,58.63,182.71,115.28,40.59,0.0,0.0,0.0,0.0,0.0,0.0,0.0,0.0
62.2956,22.77,238.04,53.13,157.08,58.63,187.22,117.59,42.79,0.0,0.0,0.0,0.0,0.0,0.0,0.0,0.0
62.3056,22.77,229.68,43.23,161.26,58.63,191.84,119.79,42.79,0.0,0.0,0.0,0.0,0.0,0.0,0.0,0.0
62.3156,20.68,219.23,35.42,167.53,60.72,194.15,119.79,45.1,0.0,0.0,0.0,0.0,0.0,0.0,0.0,0.0
62.3256,20.68,208.89,29.48,173.8,60.72,198.66,122.1,45.1,0.0,0.0,0.0,0.0,0.0,0.0,0.0,0.0
62.3356,20.68,198.55,23.54,180.18,62.92,203.28,124.41,47.3,0.0,0.0,0.0,0.0,0.0,0.0,0.0,0.0
62.3456,18.59,190.19,19.58,186.56,62.92,207.9,126.61,47.3,0.0,0.0,0.0,0.0,0.0,0.0,0.0,0.0
62.3556,18.59,179.85,17.71,192.94,62.92,212.41,128.92,49.61,0.0,0.0,0.0,0.0,0.0,0.0,0.0,0.0
62.3656,18.59,169.51,13.75,199.32,62.92,214.72,131.23,49.61,0.0,0.0,0.0,0.0,0.0,0.0,0.0,0.0
62.3756,18.59,156.42,11.77,205.7,65.01,219.34,133.43,49.61,0.0,0.0,0.0,0.0,0.0,0.0,0.0,0.0
62.3856,16.5,145.42,11.77,212.08,65.01,223.96,135.74,51.81,0.0,0.0,0.0,0.0,0.0,0.0,0.0,0.0
62.3956,16.5,134.42,9.79,218.46,65.01,228.47,137.94,51.81,0.0,0.0,0.0,0.0,0.0,0.0,0.0,0.0
62.4056,16.5,125.62,9.79,224.84,65.01,233.09,140.25,54.12,0.0,0.0,0.0,0.0,0.0,0.0,0.0,0.0
62.4156,16.5,114.62,7.81,230.56,65.01,237.71,142.56,54.12,0.0,0.0,0.0,0.0,0.0,0.0,0.0,0.0
62.4256,14.41,106.15,7.81,236.28,65.01,242.33,144.76,56.32,0.0,0.0,0.0,0.0,0.0,0.0,0.0,0.0
62.4356,14.41,96.25,7.81,242.0,67.21,249.26,147.07,58.63,0.0,0.0,0.0,0.0,0.0,0.0,0.0,0.0
62.4456,14.41,86.35,7.81,247.72,67.21,253.88,151.58,58.63,0.0,0.0,0.0,0.0,0.0,0.0,0.0,0.0
62.4556,14.41,76.34,5.83,253.44,67.21,258.5,153.89,60.72,0.0,0.0,0.0,0.0,0.0,0.0,0.0,0.0
62.4656,12.32,66.44,5.83,257.29,67.21,263.12,156.09,62.92,0.0,0.0,0.0,0.0,0.0,0.0,0.0,0.0
62.4756,12.32,56.54,5.83,263.01,67.21,270.05,160.71,62.92,0.0,0.0,0.0,0.0,0.0,0.0,0.0,0.0
62.4856,12.32,45.21,5.83,266.86,69.3,274.67,165.22,65.12,0.0,0.0,0.0,0.0,0.0,0.0,0.0,0.0
62.4956,10.34,35.75,5.83,268.73,69.3,279.29,167.53,67.32,0.0,0.0,0.0,0.0,0.0,0.0,0.0,0.0
62.5056,10.34,26.29,5.83,268.73,69.3,285.89,172.15,69.41,0.0,0.0,0.0,0.0,0.0,0.0,0.0,0.0
62.5156,8.25,16.94,3.85,268.73,71.5,290.29,176.77,71.61,0.0,0.0,0.0,0.0,0.0,0.0,0.0,0.0
62.5256,6.16,13.09,3.85,263.01,69.3,294.69,181.5,73.81,0.0,0.0,0.0,0.0,0.0,0.0,0.0,0.0
62.5356,6.16,11.22,3.85,255.31,67.21,299.09,186.12,78.21,15.95,0.0,0.0,0.0,0.0,0.0,0.0,0.0
62.5456,4.07,9.35,0.0,247.72,62.92,305.8,188.43,82.5,20.57,0.0,0.0,0.0,0.0,0.0,0.0,0.0
62.5556,4.07,7.48,0.0,238.15,58.63,310.2,193.05,89.1,20.57,0.0,0.0,0.0,0.0,0.0,0.0,0.0
62.5656,0.0,5.61,0.0,226.71,54.23,314.6,195.47,93.39,25.08,0.0,0.0,0.0,0.0,0.0,0.0,0.0
62.5756,0.0,3.74,0.0,216.26,47.74,321.2,197.78,97.79,32.01,0.0,0.0,0.0,0.0,0.0,0.0,0.0
62.5856,0.0,3.74,0.0,205.7,43.34,325.6,197.78,104.28,43.45,0.0,0.0,0.0,0.0,0.0,0.0,0.0
62.5956,0.0,0.0,0.0,192.94,36.85,330.11,200.09,110.88,57.2,0.0,0.0,0.0,0.0,0.0,0.0,0.0
62.6056,0.0,0.0,0.0,178.09,30.36,334.73,200.09,117.59,114.51,0.0,0.0,0.0,0.0,0.0,0.0,0.0
62.6156,0.0,0.0,0.0,159.17,21.67,337.15,197.78,124.52,150.81,14.63,43.67,0.0,0.0,0.0,0.0,0.0
62.6256,0.0,0.0,0.0,138.49,15.18,337.15,195.47,129.03,81.07,69.19,89.87,4.95,19.03,4.95,22.11,0.0
62.6356,0.0,0.0,0.0,113.63,10.78,334.73,188.43,135.96,59.51,109.56,113.85,17.6,14.74,22.66,30.25,8.36
62.6456,0.0,0.0,0.0,81.95,8.58,325.6,176.77,145.09,54.89,122.54,127.6,17.6,23.21,32.67,50.38,11.11
62.6556,0.0,0.0,0.0,43.89,8.58,305.8,156.09,156.53,43.45,122.54,134.53,20.13,27.5,45.32,68.42,13.86
62.6656,0.0,0.0,0.0,18.81,8.58,260.81,124.41,172.7,32.01,131.23,132.22,22.66,29.59,60.28,85.25,22.33
62.6756,0.0,0.0,0.0,14.63,8.58,175.78,84.59,191.73,27.39,135.52,129.91,27.72,33.88,72.27,101.97,25.08
62.6856,0.0,0.0,0.0,12.54,8.58,97.35,45.1,205.92,22.88,139.92,134.53,30.14,35.97,81.84,120.89,27.83
62.6956,0.0,0.0,0.0,10.45,8.58,48.73,22.55,182.16,20.57,146.41,139.15,32.67,40.26,91.41,134.86,30.69
62.7056,0.0,0.0,0.0,8.36,6.49,21.12,18.04,117.59,18.26,150.7,143.66,35.2,42.35,101.09,148.83,36.19
62.7156,0.0,0.0,0.0,8.36,6.49,14.74,11.22,73.81,18.26,155.1,145.97,37.73,46.53,110.66,160.49,41.8
62.7256,0.0,0.0,0.0,6.27,4.29,10.56,9.02,51.81,18.26,157.3,145.97,40.26,48.73,118.03,172.37,50.16
62.7356,0.0,0.0,0.0,6.27,0.0,8.47,6.71,40.59,15.95,161.59,145.97,42.79,50.82,125.62,182.16,58.63
62.7456,0.0,0.0,0.0,4.18,0.0,4.18,4.51,24.75,15.95,163.79,143.66,45.32,55.11,133.21,189.42,67.32
62.7556,0.0,0.0,0.0,0.0,0.0,4.18,0.0,4.51,13.64,163.79,141.35,50.38,57.53,138.27,199.21,78.98
62.7656,0.0,0.0,0.0,0.0,0.0,0.0,0.0,0.0,13.64,163.79,134.53,52.91,60.06,143.22,206.47,84.81
62.7756,0.0,0.0,0.0,0.0,0.0,0.0,0.0,0.0,13.64,161.59,127.6,55.44,62.59,150.81,211.42,93.5
62.7856,0.0,0.0,0.0,0.0,0.0,0.0,0.0,0.0,13.64,159.39,120.67,57.97,65.12,155.87,216.26,99.33
62.7956,0.0,0.0,0.0,0.0,0.0,0.0,0.0,0.0,13.64,155.1,111.65,62.92,67.65,160.93,221.21,105.16
62.8056,0.0,0.0,0.0,0.0,0.0,0.0,0.0,0.0,11.44,150.7,102.96,65.45,70.18,168.52,228.36,110.99
62.8156,0.0,0.0,0.0,0.0,0.0,0.0,0.0,0.0,11.44,144.21,94.27,70.4,70.18,171.05,230.78,113.52
62.8256,0.0,0.0,0.0,0.0,0.0,0.0,0.0,0.0,11.44,137.72,83.38,72.93,72.71,175.67,235.51,118.58
62.8356,0.0,0.0,0.0,0.0,0.0,0.0,0.0,0.0,11.44,131.23,74.69,75.46,75.24,182.82,240.35,121.11
62.8456,0.0,0.0,0.0,0.0,0.0,0.0,0.0,0.0,11.44,124.63,63.8,77.99,77.77,187.44,242.77,126.17
62.8556,0.0,0.0,0.0,0.0,0.0,0.0,0.0,0.0,9.13,120.34,55.11,82.94,77.77,192.17,247.61,128.7
62.8656,0.0,0.0,0.0,0.0,0.0,0.0,0.0,0.0,11.44,113.85,47.41,85.47,80.3,196.9,249.92,133.76
62.8756,0.0,0.0,0.0,0.0,0.0,0.0,0.0,0.0,9.13,107.47,41.8,88.0,80.3,199.32,254.76,136.29
62.8856,0.0,0.0,0.0,0.0,0.0,0.0,0.0,0.0,9.13,103.18,36.08,90.53,80.3,203.94,257.18,138.82
62.8956,0.0,0.0,0.0,0.0,0.0,0.0,0.0,0.0,9.13,96.8,30.36,92.95,82.83,206.36,262.02,141.35
62.9056,0.0,0.0,0.0,0.0,0.0,0.0,0.0,0.0,9.13,90.42,24.64,95.48,82.83,208.67,264.33,146.41
62.9156,0.0,0.0,0.0,0.0,0.0,0.0,0.0,0.0,9.13,84.04,20.9,98.01,82.83,213.4,269.17,148.94
62.9256,0.0,0.0,0.0,0.0,0.0,0.0,0.0,0.0,9.13,75.57,17.05,100.54,82.83,218.13,271.59,151.47
62.9356,0.0,0.0,0.0,0.0,0.0,0.0,0.0,0.0,9.13,64.9,15.18,102.96,82.83,222.97,274.01,154.0
62.9456,0.0,0.0,0.0,0.0,0.0,0.0,0.0,0.0,9.13,54.34,13.2,105.49,82.83,227.81,276.43,159.06
62.9556,0.0,0.0,0.0,0.0,0.0,0.0,0.0,0.0,9.13,45.98,11.33,108.02,82.83,232.76,278.63,159.06
62.9656,0.0,0.0,0.0,0.0,0.0,0.0,0.0,0.0,9.13,37.62,11.33,110.55,80.3,235.18,283.25,161.59
62.9756,0.0,0.0,0.0,0.0,0.0,0.0,0.0,0.0,6.82,27.17,9.46,113.08,80.3,242.55,283.25,166.76
62.9856,0.0,0.0,0.0,0.0,0.0,0.0,0.0,0.0,6.82,18.81,9.46,115.5,80.3,247.39,287.87,169.18
62.9956,0.0,0.0,0.0,0.0,0.0,0.0,0.0,0.0,4.51,14.63,7.59,115.5,77.77,252.34,290.18,174.24
63.0056,0.0,0.0,0.0,0.0,0.0,0.0,0.0,0.0,4.51,10.45,5.61,113.08,75.24,257.18,294.8,181.72
63.0156,0.0,0.0,0.0,0.0,0.0,0.0,0.0,0.0,0.0,6.27,5.61,110.55,72.71,262.13,297.0,186.78
63.0256,0.0,0.0,0.0,0.0,0.0,0.0,0.0,0.0,0.0,4.18,3.74,105.49,67.65,266.97,301.62,194.26
63.0356,0.0,0.0,0.0,0.0,0.0,0.0,0.0,0.0,0.0,4.18,3.74,100.54,62.59,269.5,306.24,204.27
63.0456,0.0,0.0,0.0,0.0,0.0,0.0,0.0,0.0,0.0,4.18,3.74,95.48,57.53,274.34,308.55,209.33
63.0556,12.32,0.0,0.0,0.0,0.0,0.0,0.0,0.0,0.0,0.0,0.0,90.53,52.91,274.34,313.17,219.34
63.0656,16.5,0.0,0.0,0.0,0.0,0.0,0.0,0.0,0.0,0.0,0.0,82.94,48.73,276.76,317.68,226.93
63.0756,20.68,0.0,0.0,0.0,0.0,0.0,0.0,0.0,0.0,0.0,0.0,75.46,42.35,281.71,319.99,231.55
63.0856,26.84,0.0,0.0,0.0,0.0,0.0,0.0,0.0,0.0,0.0,0.0,67.98,38.06,284.13,322.3,238.59
63.0956,33.11,0.0,0.0,0.0,0.0,0.0,0.0,0.0,0.0,0.0,0.0,60.39,31.79,284.13,324.61,245.63
63.1056,39.27,0.0,0.0,0.0,0.0,0.0,0.0,0.0,0.0,0.0,0.0,50.38,27.5,286.55,324.61,252.67
63.1156,43.45,0.0,0.0,0.0,0.0,0.0,0.0,0.0,0.0,0.0,0.0,40.26,21.12,286.55,324.61,259.71
63.1256,70.95,0.0,0.0,0.0,0.0,0.0,0.0,0.0,0.0,0.0,0.0,30.14,16.94,286.55,322.3,264.44
63.1356,118.36,0.0,0.0,0.0,0.0,0.0,0.0,0.0,0.0,0.0,0.0,20.13,10.56,286.55,319.99,269.06
63.1456,166.1,0.0,0.0,0.0,0.0,0.0,0.0,0.0,0.0,0.0,0.0,10.01,6.27,281.71,313.17,273.79
63.1556,210.65,32.01,0.0,0.0,0.0,0.0,0.0,0.0,0.0,0.0,0.0,4.95,6.27,269.5,301.62,280.94
63.1656,148.17,147.62,0.0,0.0,0.0,0.0,0.0,0.0,0.0,0.0,0.0,0.0,6.27,252.34,285.56,283.47
63.1756,101.42,221.32,27.5,31.35,0.0,0.0,0.0,0.0,0.0,0.0,0.0,0.0,6.27,227.81,262.02,288.53
63.1856,75.35,225.5,117.48,52.25,15.18,31.79,9.02,6.71,0.0,0.0,0.0,0.0,8.47,201.63,225.94,293.59
63.1956,68.75,227.59,146.08,56.54,23.87,52.91,20.24,9.02,0.0,0.0,0.0,0.0,10.56,165.99,179.63,293.59
63.2056,57.97,221.32,163.68,58.63,32.56,71.5,40.59,15.73,0.0,0.0,0.0,4.95,10.56,130.68,127.93,293.59
63.2156,49.61,215.05,172.81,60.72,39.05,83.27,58.63,18.04,0.0,0.0,0.0,4.95,10.56,93.83,75.68,286.0
63.2256,43.45,215.05,177.54,65.01,43.34,95.04,72.82,22.55,0.0,0.0,0.0,4.95,10.56,50.38,34.32,250.36
63.2356,39.27,221.32,179.96,69.19,47.74,104.39,84.59,24.75,0.0,0.0,0.0,4.95,10.56,20.13,26.18,176.77
63.2456,37.18,227.59,179.96,73.48,49.94,113.85,96.47,27.06,0.0,0.0,0.0,4.95,8.47,17.6,22.11,136.29
63.2556,33.11,229.68,179.96,77.66,54.23,123.42,108.24,29.26,0.0,0.0,0.0,0.0,6.27,15.07,18.15,121.11
63.2656,31.02,233.86,172.81,84.04,56.43,132.99,115.28,33.77,0.0,0.0,0.0,0.0,4.18,10.01,14.08,113.52
63.2756,28.93,238.04,165.88,92.51,58.63,142.56,122.1,36.08,0.0,0.0,0.0,0.0,0.0,7.48,10.01,76.01
63.2856,26.84,242.22,154.88,98.89,60.72,152.13,128.92,38.28,0.0,0.0,0.0,0.0,0.0,4.95,6.05,27.83
63.2956,26.84,244.31,143.88,105.27,62.92,159.28,131.23,42.79,0.0,0.0,0.0,0.0,0.0,0.0,0.0,8.36
63.3056,24.75,244.31,130.68,113.63,65.01,166.54,135.74,42.79,0.0,0.0,0.0,0.0,0.0,0.0,0.0,5.5
63.3156,22.77,238.04,117.48,119.9,67.21,171.16,140.25,45.1,0.0,0.0,0.0,0.0,0.0,0.0,0.0,0.0
63.3256,22.77,229.68,108.57,126.06,69.3,175.78,144.76,49.61,0.0,0.0,0.0,0.0,0.0,0.0,0.0,0.0
63.3356,20.68,221.32,95.15,132.33,71.5,182.71,149.38,49.61,0.0,0.0,0.0,0.0,0.0,0.0,0.0,0.0
63.3456,20.68,210.98,84.04,138.49,73.59,187.22,151.58,51.81,0.0,0.0,0.0,0.0,0.0,0.0,0.0,0.0
63.3556,20.68,200.64,72.93,144.76,75.79,191.84,153.89,54.12,0.0,0.0,0.0,0.0,0.0,0.0,0.0,0.0
63.3656,18.59,188.21,61.71,148.83,75.79,194.15,158.4,56.32,0.0,0.0,0.0,0.0,0.0,0.0,0.0,0.0
63.3756,18.59,177.87,51.15,155.1,77.88,198.66,160.71,58.63,0.0,0.0,0.0,0.0,0.0,0.0,0.0,0.0
63.3856,18.59,167.53,41.25,161.26,77.88,203.28,162.91,58.63,0.0,0.0,0.0,0.0,0.0,0.0,0.0,0.0
63.3956,16.5,158.62,31.46,167.53,80.08,207.9,165.22,60.72,0.0,0.0,0.0,0.0,0.0,0.0,0.0,0.0
63.4056,16.5,147.62,25.52,171.71,80.08,212.41,167.53,62.92,0.0,0.0,0.0,0.0,0.0,0.0,0.0,0.0
63.4156,16.5,136.62,19.58,178.09,80.08,217.03,169.84,65.12,0.0,0.0,0.0,0.0,0.0,0.0,0.0,0.0
63.4256,16.5,127.82,17.71,182.38,82.17,221.65,172.15,65.12,0.0,0.0,0.0,0.0,0.0,0.0,0.0,0.0
63.4356,14.41,116.82,13.75,186.56,82.17,223.96,174.46,67.32,0.0,0.0,0.0,0.0,0.0,0.0,0.0,0.0
63.4456,14.41,108.13,11.77,192.94,82.17,228.47,176.77,69.41,0.0,0.0,0.0,0.0,0.0,0.0,0.0,0.0
63.4556,14.41,98.23,11.77,197.23,82.17,233.09,179.08,69.41,0.0,0.0,0.0,0.0,0.0,0.0,0.0,0.0
63.4656,14.41,90.31,9.79,201.41,82.17,237.71,181.5,71.61,0.0,0.0,0.0,0.0,0.0,0.0,0.0,0.0
63.4756,12.32,80.3,7.81,205.7,82.17,240.02,183.81,73.81,0.0,0.0,0.0,0.0,0.0,0.0,0.0,0.0
63.4856,12.32,72.38,7.81,209.88,82.17,244.64,186.12,76.01,0.0,0.0,0.0,0.0,0.0,0.0,0.0,0.0
63.4956,12.32,62.48,7.81,214.17,82.17,249.26,188.43,76.01,0.0,0.0,0.0,0.0,0.0,0.0,0.0,0.0
63.5056,12.32,54.56,7.81,218.46,82.17,253.88,190.74,78.21,0.0,0.0,0.0,0.0,0.0,0.0,0.0,0.0
63.5156,12.32,47.08,5.83,220.55,82.17,256.19,195.47,80.3,0.0,0.0,0.0,0.0,0.0,0.0,0.0,0.0
63.5256,12.32,39.49,5.83,224.84,82.17,260.81,197.78,82.5,0.0,0.0,0.0,0.0,0.0,0.0,0.0,0.0
63.5356,10.34,32.01,5.83,226.71,82.17,265.43,200.09,82.5,0.0,0.0,0.0,0.0,0.0,0.0,0.0,0.0
63.5456,10.34,24.42,5.83,228.58,84.37,270.05,202.4,84.7,0.0,0.0,0.0,0.0,0.0,0.0,0.0,0.0
63.5556,8.25,16.94,3.85,228.58,84.37,274.67,207.02,89.1,0.0,0.0,0.0,0.0,0.0,0.0,0.0,0.0
63.5656,8.25,13.09,3.85,226.71,82.17,279.29,209.44,91.19,0.0,0.0,0.0,0.0,0.0,0.0,0.0,0.0
63.5755,6.16,11.22,3.85,220.55,80.08,283.69,214.06,95.59,0.0,0.0,0.0,0.0,0.0,0.0,0.0,0.0
63.5855,6.16,9.35,0.0,214.17,77.88,285.89,216.37,97.79,0.0,0.0,0.0,0.0,0.0,0.0,0.0,0.0
63.5955,4.07,7.48,0.0,205.7,73.59,290.29,220.99,104.28,0.0,0.0,0.0,0.0,0.0,0.0,0.0,0.0
63.6055,4.07,5.61,0.0,197.23,71.5,294.69,223.41,108.68,0.0,0.0,0.0,0.0,0.0,0.0,0.0,0.0
63.6155,0.0,3.74,0.0,188.65,67.21,296.89,225.61,113.08,20.57,0.0,0.0,0.0,0.0,0.0,0.0,0.0
63.6255,0.0,3.74,0.0,180.18,62.92,301.29,227.92,117.59,13.64,0.0,0.0,0.0,0.0,0.0,0.0,0.0
63.6355,0.0,3.74,0.0,171.71,56.43,305.8,227.92,122.21,20.57,0.0,0.0,0.0,0.0,0.0,0.0,0.0
63.6455,0.0,0.0,0.0,163.35,52.03,310.2,230.23,129.03,25.08,0.0,0.0,0.0,0.0,0.0,0.0,0.0
63.6555,0.0,0.0,0.0,155.1,45.54,312.4,230.23,133.65,34.32,0.0,0.0,0.0,0.0,0.0,0.0,0.0
63.6655,0.0,0.0,0.0,144.76,41.25,319.0,230.23,138.27,41.14,0.0,0.0,0.0,0.0,0.0,0.0,0.0
63.6755,0.0,0.0,0.0,134.31,32.56,323.4,230.23,145.09,47.96,0.0,0.0,0.0,0.0,0.0,0.0,0.0
63.6855,0.0,0.0,0.0,121.99,25.96,325.6,230.23,149.71,88.22,0.0,0.0,0.0,0.0,0.0,0.0,0.0
63.6955,0.0,0.0,0.0,109.45,17.27,327.8,225.61,154.33,121.22,0.0,0.0,0.0,0.0,0.0,0.0,0.0
63.7055,0.0,0.0,0.0,92.51,12.98,325.6,220.99,158.84,164.45,0.0,0.0,0.0,0.0,0.0,0.0,0.0
63.7155,0.0,0.0,0.0,73.48,8.58,323.4,211.75,163.46,192.39,25.08,49.39,0.0,0.0,0.0,0.0,0.0
63.7255,0.0,0.0,0.0,48.07,8.58,312.4,200.09,170.39,88.22,107.47,111.65,12.54,19.03,10.01,34.32,5.5
63.7355,0.0,0.0,0.0,22.99,8.58,294.69,176.77,179.85,61.93,155.1,152.9,17.6,14.74,35.2,50.38,13.86
63.7455,0.0,0.0,0.0,14.63,8.58,246.95,140.25,196.46,54.89,150.7,169.07,17.6,23.21,45.32,73.26,19.47
63.7555,0.0,0.0,0.0,12.54,10.78,168.96,101.2,213.07,41.14,144.21,173.69,20.13,27.5,60.28,97.24,25.08
63.7655,0.0,0.0,0.0,10.45,10.78,99.66,58.63,229.57,29.7,144.21,171.38,22.66,31.79,77.11,120.89,30.69
63.7755,0.0,0.0,0.0,8.36,8.58,52.91,27.06,215.49,25.08,146.41,173.69,25.19,35.97,89.1,144.21,39.05
63.7855,0.0,0.0,0.0,8.36,8.58,23.21,20.24,135.96,22.88,150.7,178.42,27.72,40.26,101.09,162.8,53.02
63.7955,0.0,0.0,0.0,6.27,6.49,16.94,15.73,82.5,20.57,152.9,180.73,30.14,44.44,110.66,179.63,70.18
63.8055,0.0,0.0,0.0,6.27,4.29,12.65,13.53,56.32,18.26,152.9,183.04,32.67,48.73,118.03,194.37,84.81
63.8155,0.0,0.0,0.0,4.18,4.29,8.47,9.02,45.1,18.26,152.9,183.04,35.2,50.82,123.09,204.05,99.33
63.8255,0.0,0.0,0.0,4.18,0.0,6.27,4.51,29.26,15.95,155.1,180.73,37.73,52.91,130.68,213.84,110.99
63.8355,0.0,0.0,0.0,0.0,0.0,4.18,0.0,4.51,15.95,155.1,176.11,40.26,55.11,135.74,221.21,116.05
63.8455,0.0,0.0,0.0,0.0,0.0,0.0,0.0,0.0,15.95,152.9,171.38,42.79,57.53,138.27,228.36,123.64
63.8555,0.0,0.0,0.0,0.0,0.0,0.0,0.0,0.0,15.95,152.9,166.76,45.32,60.06,143.22,233.2,131.23
63.8655,0.0,0.0,0.0,0.0,0.0,0.0,0.0,0.0,13.64,148.61,159.83,47.85,62.59,148.28,237.93,133.76
63.8755,0.0,0.0,0.0,0.0,0.0,0.0,0.0,0.0,13.64,144.21,150.59,47.85,65.12,150.81,242.77,138.82
63.8855,0.0,0.0,0.0,0.0,0.0,0.0,0.0,0.0,13.64,142.01,143.66,50.38,65.12,155.87,247.61,143.88
63.8955,0.0,0.0,0.0,0.0,0.0,0.0,0.0,0.0,13.64,135.52,134.53,52.91,67.65,158.4,252.34,146.41
63.9055,0.0,0.0,0.0,0.0,0.0,0.0,0.0,0.0,13.64,126.83,125.29,52.91,70.18,160.93,254.76,148.94
63.9155,0.0,0.0,0.0,0.0,0.0,0.0,0.0,0.0,13.64,118.14,116.05,55.44,70.18,165.99,259.6,154.0
63.9255,0.0,0.0,0.0,0.0,0.0,0.0,0.0,0.0,11.44,111.65,107.25,57.97,72.71,168.52,262.02,154.0
63.9355,0.0,0.0,0.0,0.0,0.0,0.0,0.0,0.0,11.44,103.18,98.56,60.39,75.24,171.05,264.33,156.53
63.9455,0.0,0.0,0.0,0.0,0.0,0.0,0.0,0.0,11.44,96.8,92.07,60.39,75.24,173.36,269.17,159.06
63.9555,0.0,0.0,0.0,0.0,0.0,0.0,0.0,0.0,11.44,90.42,83.38,62.92,75.24,175.67,274.01,161.59
63.9655,0.0,0.0,0.0,0.0,0.0,0.0,0.0,0.0,11.44,84.04,76.78,65.45,77.77,178.09,276.43,164.12
63.9755,0.0,0.0,0.0,0.0,0.0,0.0,0.0,0.0,11.44,77.66,70.29,65.45,80.3,180.4,280.94,166.76
63.9855,0.0,0.0,0.0,0.0,0.0,0.0,0.0,0.0,11.44,71.28,63.8,67.98,80.3,180.4,285.56,169.18
63.9955,0.0,0.0,0.0,0.0,0.0,0.0,0.0,0.0,11.44,67.1,57.2,67.98,82.83,185.13,290.18,174.24
64.0055,0.0,0.0,0.0,0.0,0.0,0.0,0.0,0.0,11.44,58.63,51.26,70.4,85.25,187.44,294.8,176.77
64.0155,0.0,0.0,0.0,0.0,0.0,0.0,0.0,0.0,9.13,52.25,45.54,70.4,85.25,189.86,299.31,179.19
64.0255,0.0,0.0,0.0,0.0,0.0,0.0,0.0,0.0,9.13,45.98,39.82,72.93,85.25,192.17,303.93,181.72
64.0355,0.0,0.0,0.0,0.0,0.0,0.0,0.0,0.0,11.44,39.71,34.1,72.93,87.78,194.59,308.55,186.78
64.0455,0.0,0.0,0.0,0.0,0.0,0.0,0.0,0.0,9.13,31.35,30.36,72.93,87.78,199.32,313.17,189.31
64.0555,0.0,0.0,0.0,0.0,0.0,0.0,0.0,0.0,9.13,25.08,24.64,75.46,87.78,201.63,317.68,194.26
64.0655,0.0,0.0,0.0,0.0,0.0,0.0,0.0,0.0,9.13,18.81,20.9,75.46,87.78,206.36,322.3,196.79
64.0755,0.0,0.0,0.0,0.0,0.0,0.0,0.0,0.0,9.13,12.54,17.05,77.99,87.78,208.67,326.92,201.85
64.0855,0.0,0.0,0.0,0.0,0.0,0.0,0.0,0.0,6.82,10.45,13.2,77.99,87.78,213.4,329.23,206.8
64.0955,0.0,0.0,0.0,0.0,0.0,0.0,0.0,0.0,6.82,6.27,11.33,75.46,87.78,215.82,333.74,211.86
64.1055,0.0,0.0,0.0,0.0,0.0,0.0,0.0,0.0,4.51,6.27,7.59,72.93,85.25,220.55,338.25,216.81
64.1155,0.0,0.0,0.0,0.0,0.0,0.0,0.0,0.0,4.51,4.18,7.59,70.4,82.83,222.97,340.56,224.4
64.1255,0.0,0.0,0.0,0.0,0.0,0.0,0.0,0.0,0.0,4.18,5.61,67.98,80.3,225.39,342.76,229.24
64.1355,0.0,0.0,0.0,0.0,0.0,0.0,0.0,0.0,0.0,0.0,5.61,65.45,75.24,227.81,347.27,233.86
64.1455,0.0,0.0,0.0,0.0,0.0,0.0,0.0,0.0,0.0,0.0,3.74,60.39,70.18,230.34,349.58,240.9
64.1555,6.16,0.0,0.0,0.0,0.0,0.0,0.0,0.0,0.0,0.0,3.74,55.44,67.65,232.76,354.09,245.63
64.1655,10.34,0.0,0.0,0.0,0.0,0.0,0.0,0.0,0.0,0.0,3.74,50.38,60.06,235.18,356.4,252.67
64.1755,16.5,0.0,0.0,0.0,0.0,0.0,0.0,0.0,0.0,0.0,0.0,45.32,55.11,235.18,358.6,259.71
64.1855,26.84,0.0,0.0,0.0,0.0,0.0,0.0,0.0,0.0,0.0,0.0,37.73,48.73,235.18,360.91,264.44
64.1955,39.27,0.0,0.0,0.0,0.0,0.0,0.0,0.0,0.0,0.0,0.0,30.14,42.35,237.6,363.11,271.48
64.2055,49.61,0.0,0.0,0.0,0.0,0.0,0.0,0.0,0.0,0.0,0.0,22.66,35.97,237.6,363.11,276.1
64.2155,97.13,0.0,0.0,0.0,0.0,0.0,0.0,0.0,0.0,0.0,0.0,15.07,29.59,237.6,363.11,283.47
64.2255,116.38,0.0,0.0,0.0,0.0,0.0,0.0,0.0,0.0,0.0,0.0,4.95,21.12,232.76,363.11,288.53
64.2355,146.19,0.0,0.0,0.0,0.0,0.0,0.0,0.0,0.0,0.0,0.0,0.0,14.74,222.97,358.6,293.59
64.2455,178.2,0.0,0.0,0.0,0.0,0.0,0.0,0.0,0.0,0.0,0.0,0.0,8.47,208.67,351.89,298.65
64.2555,158.07,68.42,0.0,0.0,0.0,0.0,0.0,0.0,0.0,0.0,0.0,0.0,6.27,187.44,340.56,301.18
64.2655,94.93,175.78,0.0,0.0,0.0,0.0,0.0,0.0,0.0,0.0,0.0,0.0,6.27,165.99,319.99,306.24
64.2755,47.52,248.49,41.25,33.44,0.0,4.18,0.0,0.0,0.0,0.0,0.0,0.0,6.27,138.27,292.49,308.77
64.2855,33.11,263.12,97.46,52.25,10.78,33.88,9.02,9.02,0.0,0.0,0.0,0.0,8.47,115.5,252.34,308.77
64.2955,26.84,267.3,113.08,58.63,15.18,52.91,15.73,11.22,0.0,0.0,0.0,0.0,8.47,93.83,196.79,308.77
64.3055,22.77,263.12,119.68,62.81,23.87,73.81,29.26,15.73,0.0,0.0,0.0,0.0,8.47,72.27,134.86,308.77
64.3155,20.68,263.12,124.08,67.1,28.16,88.0,40.59,20.24,0.0,0.0,0.0,0.0,8.47,40.26,78.1,301.18
64.3255,18.59,267.3,126.28,73.48,30.36,97.35,51.81,22.55,0.0,0.0,0.0,0.0,8.47,17.6,28.27,247.94
64.3355,16.5,275.66,124.08,77.66,32.56,106.7,58.63,22.55,0.0,0.0,0.0,0.0,8.47,15.07,24.2,161.59
64.3455,16.5,284.02,121.88,81.95,36.85,116.16,68.09,24.75,0.0,0.0,0.0,0.0,6.27,12.54,18.15,126.17
64.3555,16.5,288.2,121.88,88.33,39.05,123.42,75.13,27.06,0.0,0.0,0.0,0.0,4.18,10.01,16.06,113.52
64.3655,14.41,292.27,115.28,94.6,41.25,132.99,79.86,29.26,0.0,0.0,0.0,0.0,4.18,4.95,12.1,96.36
64.3755,14.41,296.45,108.57,100.98,41.25,140.14,87.01,31.57,0.0,0.0,0.0,0.0,0.0,0.0,8.03,58.63
64.3855,14.41,300.52,101.86,105.27,43.34,144.98,89.32,33.77,0.0,0.0,0.0,0.0,0.0,0.0,3.96,19.47
64.3955,14.41,300.52,97.46,111.65,45.54,152.13,94.05,36.08,0.0,0.0,0.0,0.0,0.0,0.0,0.0,5.5
64.4055,14.41,298.43,90.75,115.72,47.74,156.97,98.78,36.08,0.0,0.0,0.0,0.0,0.0,0.0,0.0,0.0
64.4155,14.41,294.36,86.24,121.99,49.94,161.7,103.51,38.28,0.0,0.0,0.0,0.0,0.0,0.0,0.0,0.0
64.4255,14.41,286.11,81.84,126.06,52.03,166.54,108.24,40.59,0.0,0.0,0.0,0.0,0.0,0.0,0.0,0.0
64.4355,14.41,275.66,77.33,130.24,54.23,171.16,113.08,40.59,0.0,0.0,0.0,0.0,0.0,0.0,0.0,0.0
64.4455,14.41,267.3,70.62,134.31,56.43,175.78,117.59,42.79,0.0,0.0,0.0,0.0,0.0,0.0,0.0,0.0
64.4555,14.41,256.85,64.02,140.58,56.43,178.09,119.79,45.1,0.0,0.0,0.0,0.0,0.0,0.0,0.0,0.0
64.4655,14.41,248.49,55.11,146.74,58.63,182.71,124.41,47.3,0.0,0.0,0.0,0.0,0.0,0.0,0.0,0.0
64.4755,14.41,238.04,47.19,150.92,60.72,187.22,126.61,47.3,0.0,0.0,0.0,0.0,0.0,0.0,0.0,0.0
64.4855,12.32,227.59,37.29,157.08,60.72,191.84,128.92,49.61,0.0,0.0,0.0,0.0,0.0,0.0,0.0,0.0
64.4955,12.32,215.05,31.46,163.35,62.92,196.46,131.23,51.81,0.0,0.0,0.0,0.0,0.0,0.0,0.0,0.0
64.5055,12.32,204.71,25.52,169.62,62.92,200.97,133.43,51.81,0.0,0.0,0.0,0.0,0.0,0.0,0.0,0.0
64.5155,12.32,194.37,19.58,176.0,65.01,205.59,135.74,54.12,0.0,0.0,0.0,0.0,0.0,0.0,0.0,0.0
64.5255,12.32,181.94,15.73,182.38,65.01,210.21,137.94,56.32,0.0,0.0,0.0,0.0,0.0,0.0,0.0,0.0
64.5355,12.32,171.6,13.75,186.56,65.01,214.72,142.56,56.32,0.0,0.0,0.0,0.0,0.0,0.0,0.0,0.0
64.5455,12.32,160.82,11.77,192.94,65.01,219.34,144.76,58.63,0.0,0.0,0.0,0.0,0.0,0.0,0.0,0.0
64.5555,12.32,147.62,9.79,197.23,67.21,221.65,144.76,58.63,0.0,0.0,0.0,0.0,0.0,0.0,0.0,0.0
64.5655,12.32,136.62,9.79,201.41,67.21,226.27,147.07,60.72,0.0,0.0,0.0,0.0,0.0,0.0,0.0,0.0
64.5755,10.34,125.62,7.81,207.79,67.21,230.78,149.38,62.92,0.0,0.0,0.0,0.0,0.0,0.0,0.0,0.0
64.5855,10.34,114.62,7.81,212.08,67.21,233.09,151.58,62.92,0.0,0.0,0.0,0.0,0.0,0.0,0.0,0.0
64.5955,10.34,104.17,7.81,218.46,67.21,237.71,153.89,65.12,0.0,0.0,0.0,0.0,0.0,0.0,0.0,0.0
64.6055,10.34,94.27,7.81,222.64,67.21,242.33,156.09,65.12,0.0,0.0,0.0,0.0,0.0,0.0,0.0,0.0
64.6155,10.34,86.35,5.83,228.58,67.21,246.95,158.4,67.32,0.0,0.0,0.0,0.0,0.0,0.0,0.0,0.0
64.6255,10.34,76.34,5.83,232.43,65.01,251.57,160.71,69.41,0.0,0.0,0.0,0.0,0.0,0.0,0.0,0.0
64.6355,10.34,68.42,5.83,238.15,65.01,256.19,162.91,69.41,0.0,0.0,0.0,0.0,0.0,0.0,0.0,0.0
64.6455,10.34,60.5,5.83,243.87,65.01,260.81,165.22,71.61,0.0,0.0,0.0,0.0,0.0,0.0,0.0,0.0
64.6555,10.34,50.82,5.83,247.72,65.01,265.43,167.53,73.81,0.0,0.0,0.0,0.0,0.0,0.0,0.0,0.0
64.6655,8.25,43.34,5.83,251.57,65.01,270.05,169.84,73.81,0.0,0.0,0.0,0.0,0.0,0.0,0.0,0.0
64.6755,8.25,33.88,3.85,255.31,65.01,274.67,172.15,76.01,0.0,0.0,0.0,0.0,0.0,0.0,0.0,0.0
64.6855,8.25,26.29,3.85,257.29,67.21,279.29,174.46,78.21,0.0,0.0,0.0,0.0,0.0,0.0,0.0,0.0
64.6955,6.16,18.81,3.85,257.29,67.21,283.69,179.08,80.3,0.0,0.0,0.0,0.0,0.0,0.0,0.0,0.0
64.7055,6.16,13.09,3.85,253.44,67.21,288.09,183.81,84.7,0.0,0.0,0.0,0.0,0.0,0.0,0.0,0.0
64.7155,6.16,11.22,0.0,247.72,65.01,292.49,188.43,89.1,0.0,0.0,0.0,0.0,0.0,0.0,0.0,0.0
64.7255,4.07,9.35,0.0,240.02,62.92,296.89,193.05,93.39,0.0,0.0,0.0,0.0,0.0,0.0,0.0,0.0
64.7355,4.07,7.48,0.0,230.56,60.72,301.29,195.47,99.99,11.44,0.0,0.0,0.0,0.0,0.0,0.0,0.0
64.7455,0.0,5.61,0.0,222.64,56.43,305.8,200.09,104.28,15.95,0.0,0.0,0.0,0.0,0.0,0.0,0.0
64.7555,0.0,3.74,0.0,212.08,49.94,310.2,200.09,110.88,22.88,0.0,0.0,0.0,0.0,0.0,0.0,0.0
64.7655,0.0,3.74,0.0,203.61,45.54,316.8,202.4,115.28,32.01,0.0,0.0,0.0,0.0,0.0,0.0,0.0
64.7755,0.0,0.0,0.0,192.94,39.05,321.2,202.4,122.21,41.14,0.0,0.0,0.0,0.0,0.0,0.0,0.0
64.7855,0.0,0.0,0.0,182.38,34.65,325.6,204.71,129.03,57.2,0.0,0.0,0.0,0.0,0.0,0.0,0.0
64.7955,0.0,0.0,0.0,169.62,28.16,330.11,202.4,133.65,102.52,0.0,0.0,0.0,0.0,0.0,0.0,0.0
64.8055,0.0,0.0,0.0,153.01,19.47,332.42,202.4,140.58,116.71,0.0,0.0,0.0,0.0,0.0,0.0,0.0
64.8155,0.0,0.0,0.0,134.31,12.98,334.73,197.78,145.09,169.07,0.0,0.0,0.0,0.0,0.0,0.0,0.0
64.8255,0.0,0.0,0.0,111.65,10.78,332.42,193.05,152.02,185.46,35.53,53.13,0.0,0.0,0.0,0.0,0.0
64.8355,0.0,0.0,0.0,86.13,8.58,325.6,183.81,158.84,92.95,118.14,116.05,10.01,12.65,7.48,18.15,5.5
64.8455,0.0,0.0,0.0,52.25,8.58,310.2,167.53,168.08,61.93,157.3,157.52,17.6,14.74,32.67,40.37,8.36
64.8555,0.0,0.0,0.0,22.99,8.58,279.29,135.74,182.16,54.89,155.1,173.69,17.6,21.12,45.32,61.27,16.72
64.8655,0.0,0.0,0.0,16.72,10.78,205.59,98.78,201.19,41.14,148.61,180.73,20.13,27.5,60.28,82.83,22.33
64.8755,0.0,0.0,0.0,12.54,10.78,118.58,58.63,217.8,32.01,150.7,178.42,22.66,29.59,72.27,104.39,25.08
64.8855,0.0,0.0,0.0,10.45,8.58,62.15,27.06,213.07,25.08,150.7,180.73,25.19,33.88,84.26,125.62,30.69
64.8955,0.0,0.0,0.0,10.45,8.58,27.5,20.24,145.09,22.88,155.1,187.77,27.72,38.06,93.83,146.52,39.05
64.9055,0.0,0.0,0.0,8.36,6.49,16.94,15.73,89.1,20.57,159.39,194.81,30.14,42.35,103.4,162.8,47.41
64.9155,0.0,0.0,0.0,8.36,4.29,12.65,13.53,62.92,18.26,163.79,199.43,30.14,44.44,108.24,174.79,58.63
64.9255,0.0,0.0,0.0,6.27,4.29,8.47,9.02,49.61,18.26,165.99,201.74,32.67,46.53,115.5,184.58,70.18
64.9355,0.0,0.0,0.0,4.18,0.0,6.27,4.51,33.77,18.26,170.28,201.74,35.2,48.73,120.56,194.37,81.84
64.9455,0.0,0.0,0.0,4.18,0.0,4.18,0.0,11.22,15.95,172.37,199.43,37.73,50.82,125.62,201.63,87.67
64.9555,0.0,0.0,0.0,0.0,0.0,0.0,0.0,0.0,15.95,174.46,197.12,37.73,52.91,128.15,206.47,96.36
64.9655,0.0,0.0,0.0,0.0,0.0,0.0,0.0,0.0,15.95,174.46,192.39,40.26,55.11,133.21,213.84,102.19
64.9755,0.0,0.0,0.0,0.0,0.0,0.0,0.0,0.0,15.95,172.37,187.77,42.79,57.53,138.27,218.68,108.02
64.9855,0.0,0.0,0.0,0.0,0.0,0.0,0.0,0.0,13.64,170.28,178.42,45.32,57.53,140.8,221.21,113.52
64.9955,0.0,0.0,0.0,0.0,0.0,0.0,0.0,0.0,13.64,168.19,169.07,47.85,60.06,145.75,225.94,116.05
65.0054,0.0,0.0,0.0,0.0,0.0,0.0,0.0,0.0,13.64,161.59,159.83,50.38,62.59,148.28,228.36,121.11
65.0154,0.0,0.0,0.0,0.0,0.0,0.0,0.0,0.0,13.64,152.9,150.59,52.91,62.59,153.34,233.2,123.64
65.0254,0.0,0.0,0.0,0.0,0.0,0.0,0.0,0.0,13.64,146.41,139.15,52.91,65.12,155.87,237.93,126.17
65.0354,0.0,0.0,0.0,0.0,0.0,0.0,0.0,0.0,11.44,137.72,129.91,55.44,67.65,158.4,240.35,131.23
65.0454,0.0,0.0,0.0,0.0,0.0,0.0,0.0,0.0,11.44,131.23,120.67,57.97,67.65,163.46,245.19,133.76
65.0554,0.0,0.0,0.0,0.0,0.0,0.0,0.0,0.0,11.44,124.63,111.65,60.39,70.18,165.99,249.92,136.29
65.0654,0.0,0.0,0.0,0.0,0.0,0.0,0.0,0.0,11.44,120.34,102.96,60.39,72.71,168.52,254.76,138.82
65.0754,0.0,0.0,0.0,0.0,0.0,0.0,0.0,0.0,11.44,113.85,96.36,62.92,75.24,173.36,257.18,143.88
65.0854,0.0,0.0,0.0,0.0,0.0,0.0,0.0,0.0,11.44,107.47,87.67,65.45,75.24,175.67,262.02,146.41
65.0954,0.0,0.0,0.0,0.0,0.0,0.0,0.0,0.0,11.44,101.09,81.18,67.98,77.77,178.09,266.75,148.94
65.1054,0.0,0.0,0.0,0.0,0.0,0.0,0.0,0.0,11.44,94.71,72.49,70.4,77.77,182.82,271.59,151.47
65.1154,0.0,0.0,0.0,0.0,0.0,0.0,0.0,0.0,9.13,88.33,65.89,70.4,80.3,185.13,276.43,156.53
65.1254,0.0,0.0,0.0,0.0,0.0,0.0,0.0,0.0,11.44,84.04,59.4,72.93,82.83,187.44,278.63,159.06
65.1354,0.0,0.0,0.0,0.0,0.0,0.0,0.0,0.0,11.44,77.66,53.13,75.46,82.83,189.86,283.25,164.12
65.1454,0.0,0.0,0.0,0.0,0.0,0.0,0.0,0.0,9.13,71.28,47.41,75.46,85.25,194.59,287.87,166.76
65.1554,0.0,0.0,0.0,0.0,0.0,0.0,0.0,0.0,11.44,64.9,41.8,77.99,85.25,196.9,292.49,169.18
65.1654,0.0,0.0,0.0,0.0,0.0,0.0,0.0,0.0,9.13,60.72,36.08,80.41,85.25,201.63,297.0,174.24
65.1754,0.0,0.0,0.0,0.0,0.0,0.0,0.0,0.0,9.13,54.34,30.36,82.94,87.78,206.36,301.62,179.19
65.1854,0.0,0.0,0.0,0.0,0.0,0.0,0.0,0.0,9.13,48.07,26.51,82.94,87.78,211.09,306.24,181.72
65.1954,0.0,0.0,0.0,0.0,0.0,0.0,0.0,0.0,9.13,39.71,20.9,88.0,87.78,215.82,310.86,186.78
65.2054,0.0,0.0,0.0,0.0,0.0,0.0,0.0,0.0,9.13,31.35,17.05,90.53,87.78,220.55,313.17,189.31
65.2154,0.0,0.0,0.0,0.0,0.0,0.0,0.0,0.0,6.82,22.99,15.18,90.53,87.78,225.39,317.68,194.26
65.2254,0.0,0.0,0.0,0.0,0.0,0.0,0.0,0.0,6.82,14.63,13.2,92.95,87.78,230.34,319.99,196.79
65.2354,0.0,0.0,0.0,0.0,0.0,0.0,0.0,0.0,4.51,12.54,9.46,90.53,85.25,235.18,322.3,201.85
65.2454,0.0,0.0,0.0,0.0,0.0,0.0,0.0,0.0,4.51,8.36,7.59,88.0,82.83,237.6,326.92,209.33
65.2554,0.0,0.0,0.0,0.0,0.0,0.0,0.0,0.0,0.0,6.27,7.59,85.47,77.77,242.55,331.54,216.81
65.2654,0.0,0.0,0.0,0.0,0.0,0.0,0.0,0.0,0.0,4.18,5.61,77.99,72.71,244.97,333.74,224.4
65.2754,8.25,0.0,0.0,0.0,0.0,0.0,0.0,0.0,0.0,0.0,3.74,72.93,67.65,247.39,338.25,233.86
65.2854,16.5,0.0,0.0,0.0,0.0,0.0,0.0,0.0,0.0,0.0,3.74,67.98,62.59,249.92,340.56,240.9
65.2954,26.84,0.0,0.0,0.0,0.0,0.0,0.0,0.0,0.0,0.0,0.0,62.92,52.91,254.76,345.07,250.36
65.3054,31.02,0.0,0.0,0.0,0.0,0.0,0.0,0.0,0.0,0.0,0.0,55.44,46.53,257.18,345.07,257.4
65.3154,35.09,0.0,0.0,0.0,0.0,0.0,0.0,0.0,0.0,0.0,0.0,47.85,40.26,262.13,347.27,264.44
65.3254,75.35,0.0,0.0,0.0,0.0,0.0,0.0,0.0,0.0,0.0,0.0,40.26,33.88,264.55,347.27,271.48
65.3354,116.38,0.0,0.0,0.0,0.0,0.0,0.0,0.0,0.0,0.0,0.0,30.14,27.5,264.55,345.07,280.94
65.3454,170.06,0.0,0.0,0.0,0.0,0.0,0.0,0.0,0.0,0.0,0.0,17.6,19.03,264.55,340.56,286.0
65.3554,182.27,62.48,0.0,0.0,0.0,0.0,0.0,0.0,0.0,0.0,0.0,7.48,12.65,259.71,333.74,291.06
65.3654,118.36,171.6,0.0,4.18,0.0,0.0,0.0,0.0,0.0,0.0,0.0,0.0,6.27,247.39,322.3,296.12
65.3754,90.53,225.5,33.44,41.8,0.0,0.0,0.0,0.0,0.0,0.0,0.0,0.0,6.27,227.81,301.62,301.18
65.3854,81.84,225.5,99.66,58.63,15.18,19.03,6.71,4.51,0.0,0.0,0.0,0.0,6.27,201.63,271.59,306.24
65.3954,68.75,229.68,115.28,65.01,21.67,40.26,15.73,9.02,0.0,0.0,0.0,0.0,8.47,165.99,228.36,306.24
65.4054,51.7,229.68,124.08,71.28,28.16,57.42,29.26,11.22,0.0,0.0,0.0,0.0,8.47,125.62,167.53,308.77
65.4154,43.45,227.59,128.48,77.66,32.56,73.81,42.79,15.73,0.0,0.0,0.0,0.0,10.56,89.1,106.81,306.24
65.4254,37.18,235.95,124.08,84.04,34.65,85.58,54.12,18.04,0.0,0.0,0.0,0.0,8.47,52.91,46.42,283.47
65.4354,33.11,250.58,117.48,92.51,36.85,97.35,63.36,22.55,0.0,0.0,0.0,0.0,8.47,20.13,26.18,194.26
65.4454,31.02,256.85,117.48,100.98,41.25,109.12,72.82,24.75,0.0,0.0,0.0,0.0,8.47,15.07,22.11,128.7
65.4554,28.93,261.03,117.48,107.36,43.34,118.58,82.28,27.06,0.0,0.0,0.0,0.0,6.27,10.01,18.15,110.99
65.4654,26.84,267.3,113.08,115.72,45.54,125.73,87.01,29.26,0.0,0.0,0.0,0.0,4.18,7.48,14.08,102.19
65.4754,24.75,275.66,106.37,123.97,47.74,135.41,94.05,31.57,0.0,0.0,0.0,0.0,0.0,4.95,10.01,67.32
65.4854,24.75,279.95,99.66,132.33,49.94,142.56,98.78,31.57,0.0,0.0,0.0,0.0,0.0,0.0,6.05,25.08
65.4954,22.77,281.93,92.95,138.49,52.03,149.71,103.51,33.77,0.0,0.0,0.0,0.0,0.0,0.0,0.0,8.36
65.5054,22.77,279.95,86.24,146.74,54.23,156.97,110.66,36.08,0.0,0.0,0.0,0.0,0.0,0.0,0.0,5.5
65.5154,22.77,273.57,81.84,153.01,56.43,161.7,115.28,38.28,0.0,0.0,0.0,0.0,0.0,0.0,0.0,5.5
65.5254,20.68,265.21,79.53,157.08,58.63,166.54,119.79,40.59,0.0,0.0,0.0,0.0,0.0,0.0,0.0,0.0
65.5354,20.68,256.85,75.13,163.35,60.72,171.16,124.41,40.59,0.0,0.0,0.0,0.0,0.0,0.0,0.0,0.0
65.5454,20.68,248.49,66.22,169.62,62.92,175.78,128.92,42.79,0.0,0.0,0.0,0.0,0.0,0.0,0.0,0.0
65.5554,18.59,235.95,55.11,176.0,65.01,180.4,131.23,45.1,0.0,0.0,0.0,0.0,0.0,0.0,0.0,0.0
65.5654,18.59,225.5,45.21,180.18,65.01,184.91,133.43,45.1,0.0,0.0,0.0,0.0,0.0,0.0,0.0,0.0
65.5754,18.59,212.96,35.42,186.56,67.21,189.53,135.74,47.3,0.0,0.0,0.0,0.0,0.0,0.0,0.0,0.0
65.5854,16.5,200.64,27.5,192.94,67.21,191.84,137.94,49.61,0.0,0.0,0.0,0.0,0.0,0.0,0.0,0.0
65.5954,16.5,186.12,21.56,199.32,67.21,196.46,137.94,49.61,0.0,0.0,0.0,0.0,0.0,0.0,0.0,0.0
65.6054,16.5,173.69,17.71,203.61,67.21,200.97,140.25,51.81,0.0,0.0,0.0,0.0,0.0,0.0,0.0,0.0
65.6154,16.5,160.82,13.75,209.88,69.3,203.28,142.56,51.81,0.0,0.0,0.0,0.0,0.0,0.0,0.0,0.0
65.6254,14.41,147.62,11.77,214.17,69.3,207.9,144.76,54.12,0.0,0.0,0.0,0.0,0.0,0.0,0.0,0.0
65.6354,14.41,132.22,11.77,218.46,69.3,212.41,149.38,56.32,0.0,0.0,0.0,0.0,0.0,0.0,0.0,0.0
65.6454,14.41,121.22,9.79,220.55,71.5,214.72,151.58,56.32,0.0,0.0,0.0,0.0,0.0,0.0,0.0,0.0
65.6554,14.41,108.13,9.79,224.84,71.5,219.34,153.89,58.63,0.0,0.0,0.0,0.0,0.0,0.0,0.0,0.0
65.6654,12.32,98.23,7.81,228.58,71.5,221.65,156.09,58.63,0.0,0.0,0.0,0.0,0.0,0.0,0.0,0.0
65.6754,12.32,88.33,7.81,232.43,71.5,226.27,160.71,60.72,0.0,0.0,0.0,0.0,0.0,0.0,0.0,0.0
65.6854,12.32,78.32,7.81,236.28,73.59,230.78,162.91,62.92,0.0,0.0,0.0,0.0,0.0,0.0,0.0,0.0
65.6954,12.32,68.42,7.81,240.02,73.59,235.4,165.22,65.12,0.0,0.0,0.0,0.0,0.0,0.0,0.0,0.0
65.7054,12.32,58.52,5.83,243.87,73.59,237.71,169.84,65.12,0.0,0.0,0.0,0.0,0.0,0.0,0.0,0.0
65.7154,10.34,48.95,5.83,247.72,73.59,242.33,172.15,67.32,0.0,0.0,0.0,0.0,0.0,0.0,0.0,0.0
65.7254,10.34,41.36,5.83,249.59,73.59,249.26,176.77,69.41,0.0,0.0,0.0,0.0,0.0,0.0,0.0,0.0
65.7354,10.34,32.01,5.83,253.44,73.59,253.88,179.08,71.61,0.0,0.0,0.0,0.0,0.0,0.0,0.0,0.0
65.7454,8.25,26.29,3.85,255.31,75.79,258.5,183.81,73.81,0.0,0.0,0.0,0.0,0.0,0.0,0.0,0.0
65.7554,8.25,18.81,3.85,255.31,75.79,263.12,186.12,78.21,0.0,0.0,0.0,0.0,0.0,0.0,0.0,0.0
65.7654,8.25,15.07,3.85,255.31,75.79,267.74,190.74,80.3,0.0,0.0,0.0,0.0,0.0,0.0,0.0,0.0
65.7754,6.16,11.22,3.85,251.57,73.59,272.36,193.05,84.7,0.0,0.0,0.0,0.0,0.0,0.0,0.0,0.0
65.7854,6.16,9.35,0.0,245.85,71.5,276.98,197.78,89.1,0.0,0.0,0.0,0.0,0.0,0.0,0.0,0.0
65.7954,4.07,7.48,0.0,238.15,69.3,281.49,202.4,93.39,0.0,0.0,0.0,0.0,0.0,0.0,0.0,0.0
65.8054,4.07,7.48,0.0,232.43,67.21,283.69,204.71,97.79,0.0,0.0,0.0,0.0,0.0,0.0,0.0,0.0
65.8154,0.0,5.61,0.0,224.84,65.01,288.09,209.44,102.08,13.64,0.0,0.0,0.0,0.0,0.0,0.0,0.0
65.8254,0.0,5.61,0.0,216.26,60.72,290.29,211.75,106.48,18.26,0.0,0.0,0.0,0.0,0.0,0.0,0.0
65.8354,0.0,3.74,0.0,207.79,56.43,294.69,214.06,110.88,25.08,0.0,0.0,0.0,0.0,0.0,0.0,0.0
65.8454,0.0,3.74,0.0,199.32,54.23,296.89,214.06,115.28,32.01,0.0,0.0,0.0,0.0,0.0,0.0,0.0
65.8554,0.0,0.0,0.0,190.85,47.74,301.29,216.37,119.9,41.14,0.0,0.0,0.0,0.0,0.0,0.0,0.0
65.8654,0.0,0.0,0.0,182.38,43.34,303.49,216.37,124.52,50.27,0.0,0.0,0.0,0.0,0.0,0.0,0.0
65.8754,0.0,0.0,0.0,171.71,39.05,308.0,214.06,129.03,85.8,0.0,0.0,0.0,0.0,0.0,0.0,0.0
65.8854,0.0,0.0,0.0,159.17,32.56,310.2,214.06,133.65,119.02,0.0,0.0,0.0,0.0,0.0,0.0,0.0
65.8954,0.0,0.0,0.0,144.76,25.96,310.2,211.75,138.27,164.45,0.0,5.61,0.0,0.0,0.0,0.0,0.0
65.9054,0.0,0.0,0.0,128.15,19.47,310.2,209.44,140.58,143.99,29.26,65.89,0.0,0.0,0.0,0.0,0.0
65.9154,0.0,0.0,0.0,107.36,12.98,308.0,207.02,147.4,76.23,98.89,102.96,12.54,16.94,12.54,28.27,5.5
65.9254,0.0,0.0,0.0,84.04,10.78,301.29,197.78,152.02,66.66,129.03,127.6,15.07,19.03,27.72,40.37,8.36
65.9354,0.0,0.0,0.0,52.25,8.58,285.89,183.81,161.15,57.2,122.54,143.66,15.07,23.21,37.73,56.54,11.11
65.9454,0.0,0.0,0.0,22.99,8.58,258.5,160.71,172.7,43.45,122.54,148.28,17.6,27.5,52.91,75.68,16.72
65.9554,0.0,0.0,0.0,14.63,8.58,198.66,128.92,189.31,34.32,126.83,145.97,20.13,31.79,65.12,92.4,22.33
65.9654,0.0,0.0,0.0,12.54,10.78,125.73,89.32,205.92,27.39,129.03,145.97,22.66,33.88,77.11,111.65,27.83
65.9754,0.0,0.0,0.0,10.45,8.58,76.23,49.61,220.22,25.08,135.52,150.59,25.19,38.06,86.68,127.93,36.19
65.9854,0.0,0.0,0.0,10.45,8.58,35.97,18.04,191.73,22.88,139.92,157.52,30.14,40.26,96.25,141.9,41.8
65.9954,0.0,0.0,0.0,8.36,6.49,19.03,18.04,117.59,20.57,142.01,162.14,30.14,44.44,103.4,153.56,53.02
66.0054,0.0,0.0,0.0,6.27,6.49,14.74,13.53,73.81,20.57,146.41,164.45,35.2,46.53,110.66,165.11,61.49
66.0154,0.0,0.0,0.0,6.27,4.29,10.56,11.22,49.61,20.57,150.7,164.45,37.73,48.73,118.03,174.79,73.15
66.0254,0.0,0.0,0.0,4.18,0.0,8.47,6.71,40.59,18.26,157.3,162.14,40.26,50.82,125.62,182.16,84.81
66.0354,0.0,0.0,0.0,4.18,0.0,4.18,4.51,29.26,18.26,159.39,157.52,42.79,52.91,130.68,191.84,93.5
66.0454,0.0,0.0,0.0,0.0,0.0,4.18,0.0,9.02,15.95,159.39,152.9,47.85,57.53,138.27,199.21,102.19
66.0554,0.0,0.0,0.0,0.0,0.0,0.0,0.0,0.0,15.95,159.39,148.28,50.38,60.06,143.22,206.47,110.99
66.0654,0.0,0.0,0.0,0.0,0.0,0.0,0.0,0.0,15.95,159.39,141.35,52.91,62.59,150.81,213.84,116.05
66.0754,0.0,0.0,0.0,0.0,0.0,0.0,0.0,0.0,13.64,157.3,136.84,55.44,65.12,155.87,221.21,123.64
66.0854,0.0,0.0,0.0,0.0,0.0,0.0,0.0,0.0,13.64,152.9,129.91,57.97,67.65,163.46,225.94,131.23
66.0954,0.0,0.0,0.0,0.0,0.0,0.0,0.0,0.0,13.64,148.61,122.98,62.92,70.18,168.52,230.78,136.29
66.1054,0.0,0.0,0.0,0.0,0.0,0.0,0.0,0.0,13.64,144.21,113.85,65.45,70.18,173.36,237.93,138.82
66.1154,0.0,0.0,0.0,0.0,0.0,0.0,0.0,0.0,13.64,139.92,105.05,67.98,72.71,175.67,240.35,143.88
66.1254,0.0,0.0,0.0,0.0,0.0,0.0,0.0,0.0,13.64,133.32,96.36,70.4,75.24,180.4,245.19,146.41
66.1354,0.0,0.0,0.0,0.0,0.0,0.0,0.0,0.0,13.64,126.83,87.67,72.93,75.24,185.13,247.61,148.94
66.1454,0.0,0.0,0.0,0.0,0.0,0.0,0.0,0.0,11.44,122.54,78.98,75.46,77.77,189.86,249.92,154.0
66.1554,0.0,0.0,0.0,0.0,0.0,0.0,0.0,0.0,11.44,118.14,70.29,77.99,77.77,194.59,252.34,156.53
66.1654,0.0,0.0,0.0,0.0,0.0,0.0,0.0,0.0,11.44,111.65,61.6,80.41,80.3,196.9,254.76,156.53
66.1754,0.0,0.0,0.0,0.0,0.0,0.0,0.0,0.0,11.44,105.27,53.13,82.94,80.3,199.32,257.18,159.06
66.1854,0.0,0.0,0.0,0.0,0.0,0.0,0.0,0.0,11.44,101.09,45.54,85.47,80.3,203.94,259.6,161.59
66.1954,0.0,0.0,0.0,0.0,0.0,0.0,0.0,0.0,11.44,96.8,39.82,88.0,82.83,206.36,262.02,164.12
66.2054,0.0,0.0,0.0,0.0,0.0,0.0,0.0,0.0,11.44,90.42,34.1,88.0,82.83,208.67,264.33,166.76
66.2154,0.0,0.0,0.0,0.0,0.0,0.0,0.0,0.0,11.44,84.04,30.36,90.53,82.83,211.09,266.75,169.18
66.2254,0.0,0.0,0.0,0.0,0.0,0.0,0.0,0.0,11.44,75.57,24.64,92.95,82.83,215.82,269.17,169.18
66.2354,0.0,0.0,0.0,0.0,0.0,0.0,0.0,0.0,11.44,69.19,20.9,95.48,82.83,218.13,271.59,174.24
66.2454,0.0,0.0,0.0,0.0,0.0,0.0,0.0,0.0,11.44,60.72,18.92,98.01,82.83,222.97,274.01,176.77
66.2554,0.0,0.0,0.0,0.0,0.0,0.0,0.0,0.0,9.13,54.34,17.05,98.01,82.83,225.39,276.43,176.77
66.2654,0.0,0.0,0.0,0.0,0.0,0.0,0.0,0.0,9.13,45.98,15.18,100.54,82.83,230.34,278.63,179.19
66.2754,0.0,0.0,0.0,0.0,0.0,0.0,0.0,0.0,9.13,37.62,13.2,102.96,82.83,232.76,280.94,181.72
66.2854,0.0,0.0,0.0,0.0,0.0,0.0,0.0,0.0,9.13,29.26,11.33,105.49,80.3,237.6,283.25,186.78
66.2954,0.0,0.0,0.0,0.0,0.0,0.0,0.0,0.0,9.13,22.99,11.33,105.49,80.3,242.55,287.87,189.31
66.3054,0.0,0.0,0.0,0.0,0.0,0.0,0.0,0.0,6.82,16.72,9.46,108.02,80.3,247.39,290.18,194.26
66.3154,0.0,0.0,0.0,0.0,0.0,0.0,0.0,0.0,6.82,12.54,7.59,105.49,80.3,249.92,292.49,199.32
66.3254,0.0,0.0,0.0,0.0,0.0,0.0,0.0,0.0,4.51,8.36,7.59,105.49,77.77,254.76,294.8,204.27
66.3354,0.0,0.0,0.0,0.0,0.0,0.0,0.0,0.0,0.0,6.27,5.61,100.54,75.24,257.18,299.31,209.33
66.3454,18.59,0.0,0.0,0.0,0.0,0.0,0.0,0.0,0.0,4.18,5.61,98.01,70.18,262.13,303.93,216.81
66.3554,20.68,0.0,0.0,0.0,0.0,0.0,0.0,0.0,0.0,4.18,3.74,92.95,67.65,264.55,306.24,224.4
66.3654,24.75,0.0,0.0,0.0,0.0,0.0,0.0,0.0,0.0,0.0,0.0,88.0,62.59,266.97,310.86,231.55
66.3754,26.84,0.0,0.0,0.0,0.0,0.0,0.0,0.0,0.0,0.0,0.0,80.41,55.11,269.5,315.37,238.59
66.3854,35.09,0.0,0.0,0.0,0.0,0.0,0.0,0.0,0.0,0.0,0.0,75.46,50.82,271.92,319.99,245.63
66.3954,39.27,0.0,0.0,0.0,0.0,0.0,0.0,0.0,0.0,0.0,0.0,67.98,44.44,274.34,322.3,252.67
66.4054,43.45,0.0,0.0,0.0,0.0,0.0,0.0,0.0,0.0,0.0,0.0,60.39,38.06,276.76,324.61,259.71
66.4154,81.84,0.0,0.0,0.0,0.0,0.0,0.0,0.0,0.0,0.0,0.0,50.38,31.79,276.76,326.92,266.75
66.4254,128.26,0.0,0.0,0.0,0.0,0.0,0.0,0.0,0.0,0.0,0.0,40.26,25.41,276.76,324.61,273.79
66.4353,168.08,20.68,0.0,0.0,0.0,0.0,0.0,0.0,0.0,0.0,0.0,30.14,19.03,279.29,322.3,278.52
66.4453,105.82,112.42,0.0,0.0,0.0,0.0,0.0,0.0,0.0,0.0,0.0,17.6,12.65,276.76,317.68,283.47
66.4553,62.26,184.03,0.0,0.0,0.0,0.0,0.0,0.0,0.0,0.0,0.0,7.48,8.47,266.97,308.55,286.0
66.4653,33.11,196.46,51.15,33.44,6.49,6.27,0.0,0.0,0.0,0.0,0.0,0.0,6.27,252.34,292.49,288.53
66.4753,24.75,206.8,77.33,43.89,23.87,27.5,13.53,6.71,0.0,0.0,0.0,0.0,8.47,227.81,266.75,291.06
66.4853,20.68,215.05,86.24,48.07,30.36,46.53,27.06,11.22,0.0,0.0,0.0,0.0,8.47,194.59,230.78,293.59
66.4953,18.59,208.89,97.46,52.25,36.85,59.73,42.79,15.73,0.0,0.0,0.0,0.0,8.47,150.81,182.16,293.59
66.5053,18.59,210.98,99.66,56.54,39.05,71.5,56.32,18.04,0.0,0.0,0.0,0.0,10.56,108.24,127.93,291.06
66.5153,16.5,219.23,95.15,62.81,41.25,83.27,65.67,20.24,0.0,0.0,0.0,0.0,10.56,74.69,73.26,280.94
66.5253,16.5,225.5,92.95,69.19,43.34,92.62,75.13,22.55,0.0,0.0,0.0,0.0,8.47,32.67,30.25,240.9
66.5353,14.41,229.68,95.15,75.57,47.74,102.08,82.28,24.75,0.0,0.0,0.0,0.0,8.47,17.6,24.2,148.94
66.5453,14.41,233.86,92.95,79.75,49.94,111.43,89.32,27.06,0.0,0.0,0.0,0.0,6.27,12.54,20.13,110.99
66.5553,14.41,240.13,88.55,86.13,49.94,121.0,96.47,29.26,0.0,0.0,0.0,0.0,6.27,10.01,16.06,99.33
66.5653,14.41,246.4,84.04,92.51,52.03,130.57,101.2,31.57,0.0,0.0,0.0,0.0,4.18,7.48,12.1,90.53
66.5753,14.41,252.67,77.33,98.89,54.23,137.72,105.93,33.77,0.0,0.0,0.0,0.0,0.0,4.95,8.03,61.49
66.5853,14.41,254.76,72.93,105.27,56.43,142.56,110.66,36.08,0.0,0.0,0.0,0.0,0.0,0.0,3.96,25.08
66.5953,14.41,254.76,68.42,111.65,58.63,149.71,117.59,36.08,0.0,0.0,0.0,0.0,0.0,0.0,0.0,8.36
66.6053,14.41,252.67,64.02,115.72,60.72,154.55,122.1,38.28,0.0,0.0,0.0,0.0,0.0,0.0,0.0,5.5
66.6153,14.41,250.58,59.51,121.99,62.92,159.28,126.61,40.59,0.0,0.0,0.0,0.0,0.0,0.0,0.0,0.0
66.6253,14.41,246.4,55.11,126.06,65.01,166.54,131.23,42.79,0.0,0.0,0.0,0.0,0.0,0.0,0.0,0.0
66.6353,12.32,240.13,49.17,130.24,67.21,168.96,135.74,45.1,0.0,0.0,0.0,0.0,0.0,0.0,0.0,0.0
66.6453,12.32,233.86,43.23,136.4,69.3,173.47,140.25,47.3,0.0,0.0,0.0,0.0,0.0,0.0,0.0,0.0
66.6553,12.32,227.59,37.29,140.58,71.5,178.09,142.56,49.61,0.0,0.0,0.0,0.0,0.0,0.0,0.0,0.0
66.6653,12.32,219.23,29.48,146.74,73.59,182.71,144.76,49.61,0.0,0.0,0.0,0.0,0.0,0.0,0.0,0.0
66.6753,12.32,210.98,23.54,153.01,73.59,187.22,149.38,51.81,0.0,0.0,0.0,0.0,0.0,0.0,0.0,0.0
66.6853,12.32,202.62,17.71,157.08,75.79,191.84,151.58,54.12,0.0,0.0,0.0,0.0,0.0,0.0,0.0,0.0
66.6953,12.32,192.28,13.75,161.26,75.79,194.15,153.89,54.12,0.0,0.0,0.0,0.0,0.0,0.0,0.0,0.0
66.7053,12.32,181.94,11.77,167.53,77.88,198.66,156.09,56.32,0.0,0.0,0.0,0.0,0.0,0.0,0.0,0.0
66.7153,12.32,171.6,9.79,171.71,77.88,203.28,158.4,58.63,0.0,0.0,0.0,0.0,0.0,0.0,0.0,0.0
66.7253,12.32,158.62,7.81,178.09,77.88,205.59,162.91,58.63,0.0,0.0,0.0,0.0,0.0,0.0,0.0,0.0
66.7353,10.34,147.62,7.81,182.38,80.08,210.21,162.91,60.72,0.0,0.0,0.0,0.0,0.0,0.0,0.0,0.0
66.7453,10.34,134.42,7.81,188.65,80.08,214.72,165.22,62.92,0.0,0.0,0.0,0.0,0.0,0.0,0.0,0.0
66.7553,10.34,121.22,7.81,192.94,80.08,219.34,167.53,62.92,0.0,0.0,0.0,0.0,0.0,0.0,0.0,0.0
66.7653,10.34,108.13,5.83,197.23,77.88,223.96,169.84,65.12,0.0,0.0,0.0,0.0,0.0,0.0,0.0,0.0
66.7753,10.34,98.23,5.83,203.61,77.88,226.27,172.15,65.12,0.0,0.0,0.0,0.0,0.0,0.0,0.0,0.0
66.7853,10.34,86.35,5.83,207.79,77.88,230.78,174.46,67.32,0.0,0.0,0.0,0.0,0.0,0.0,0.0,0.0
66.7953,10.34,76.34,5.83,212.08,77.88,235.4,176.77,69.41,0.0,0.0,0.0,0.0,0.0,0.0,0.0,0.0
66.8053,10.34,64.46,5.83,218.46,77.88,240.02,179.08,69.41,0.0,0.0,0.0,0.0,0.0,0.0,0.0,0.0
66.8153,8.25,54.56,5.83,222.64,77.88,244.64,181.5,71.61,0.0,0.0,0.0,0.0,0.0,0.0,0.0,0.0
66.8253,8.25,45.21,3.85,226.71,77.88,249.26,183.81,73.81,0.0,0.0,0.0,0.0,0.0,0.0,0.0,0.0
66.8353,8.25,35.75,3.85,228.58,77.88,253.88,188.43,73.81,0.0,0.0,0.0,0.0,0.0,0.0,0.0,0.0
66.8453,8.25,26.29,3.85,232.43,77.88,258.5,190.74,76.01,0.0,0.0,0.0,0.0,0.0,0.0,0.0,0.0
66.8553,6.16,18.81,3.85,234.3,80.08,263.12,193.05,78.21,0.0,0.0,0.0,0.0,0.0,0.0,0.0,0.0
66.8653,6.16,13.09,0.0,234.3,80.08,267.74,197.78,80.3,0.0,0.0,0.0,0.0,0.0,0.0,0.0,0.0
66.8753,6.16,9.35,0.0,230.56,80.08,272.36,200.09,82.5,0.0,0.0,0.0,0.0,0.0,0.0,0.0,0.0
66.8853,4.07,5.61,0.0,224.84,77.88,274.67,204.71,86.9,0.0,0.0,0.0,0.0,0.0,0.0,0.0,0.0
66.8953,4.07,5.61,0.0,218.46,75.79,279.29,209.44,91.19,38.83,0.0,0.0,0.0,0.0,0.0,0.0,0.0
66.9053,0.0,3.74,0.0,209.88,71.5,283.69,211.75,95.59,18.26,0.0,0.0,0.0,0.0,0.0,0.0,0.0
66.9153,0.0,3.74,0.0,199.32,67.21,288.09,216.37,99.99,25.08,0.0,0.0,0.0,0.0,0.0,0.0,0.0
66.9253,0.0,0.0,0.0,190.85,62.92,292.49,218.68,106.48,29.7,0.0,0.0,0.0,0.0,0.0,0.0,0.0
66.9353,0.0,0.0,0.0,182.38,58.63,296.89,220.99,110.88,36.52,0.0,0.0,0.0,0.0,0.0,0.0,0.0
66.9453,0.0,0.0,0.0,173.8,54.23,299.09,220.99,115.28,45.76,0.0,0.0,0.0,0.0,0.0,0.0,0.0
66.9553,0.0,0.0,0.0,165.44,47.74,303.49,223.41,119.9,57.2,0.0,0.0,0.0,0.0,0.0,0.0,0.0
66.9653,0.0,0.0,0.0,155.1,41.25,308.0,220.99,124.52,85.8,0.0,0.0,0.0,0.0,0.0,0.0,0.0
66.9753,0.0,0.0,0.0,142.67,36.85,310.2,220.99,129.03,134.86,0.0,3.74,0.0,0.0,0.0,0.0,0.0
66.9853,0.0,0.0,0.0,128.15,28.16,310.2,218.68,133.65,166.76,12.54,34.1,0.0,0.0,0.0,0.0,0.0
66.9953,0.0,0.0,0.0,111.65,19.47,310.2,216.37,135.96,92.95,67.1,85.47,0.0,12.65,0.0,10.01,0.0
67.0053,0.0,0.0,0.0,90.42,12.98,305.8,211.75,142.78,59.51,122.54,111.65,15.07,14.74,17.6,24.2,8.36
67.0153,0.0,0.0,0.0,62.81,10.78,292.49,202.4,147.4,54.89,146.41,120.67,22.66,21.12,32.67,42.35,11.11
67.0253,0.0,0.0,0.0,31.35,8.58,279.29,186.12,156.53,43.45,146.41,129.91,22.66,25.41,45.32,56.54,13.86
67.0353,0.0,0.0,0.0,14.63,8.58,233.09,156.09,170.39,32.01,157.3,125.29,30.14,27.5,65.12,70.84,19.47
67.0453,0.0,0.0,0.0,12.54,8.58,164.12,117.59,184.58,25.08,163.79,120.67,32.67,31.79,81.84,87.67,25.08
67.0553,0.0,0.0,0.0,10.45,10.78,99.66,77.55,205.92,20.57,165.99,122.98,37.73,35.97,93.83,101.97,27.83
67.0653,0.0,0.0,0.0,8.36,8.58,55.11,29.26,210.76,18.26,174.46,125.29,42.79,38.06,103.4,116.27,33.44
67.0753,0.0,0.0,0.0,8.36,8.58,23.21,18.04,154.33,18.26,178.64,127.6,45.32,40.26,115.5,127.93,36.19
67.0853,0.0,0.0,0.0,6.27,6.49,16.94,15.73,86.9,15.95,182.82,129.91,50.38,42.35,125.62,139.59,41.8
67.0953,0.0,0.0,0.0,6.27,4.29,12.65,11.22,51.81,15.95,187.0,127.6,55.44,46.53,135.74,148.83,44.66
67.1053,0.0,0.0,0.0,4.18,4.29,8.47,9.02,40.59,15.95,189.09,125.29,60.39,48.73,145.75,158.18,50.16
67.1153,0.0,0.0,0.0,4.18,0.0,6.27,4.51,33.77,13.64,193.27,120.67,62.92,50.82,153.34,167.53,55.77
67.1253,0.0,0.0,0.0,0.0,0.0,4.18,0.0,15.73,13.64,193.27,116.05,67.98,52.91,163.46,177.21,61.49
67.1353,0.0,0.0,0.0,0.0,0.0,0.0,0.0,0.0,13.64,191.18,109.45,70.4,57.53,171.05,184.58,70.18
67.1453,0.0,0.0,0.0,0.0,0.0,0.0,0.0,0.0,13.64,191.18,102.96,75.46,57.53,175.67,191.84,78.98
67.1553,0.0,0.0,0.0,0.0,0.0,0.0,0.0,0.0,11.44,187.0,96.36,80.41,60.06,182.82,199.21,84.81
67.1653,0.0,0.0,0.0,0.0,0.0,0.0,0.0,0.0,11.44,184.91,89.87,82.94,62.59,189.86,204.05,90.53
67.1753,0.0,0.0,0.0,0.0,0.0,0.0,0.0,0.0,11.44,180.73,81.18,85.47,65.12,194.59,209.0,96.36
67.1853,0.0,0.0,0.0,0.0,0.0,0.0,0.0,0.0,11.44,174.46,72.49,90.53,67.65,201.63,213.84,102.19
67.1953,0.0,0.0,0.0,0.0,0.0,0.0,0.0,0.0,11.44,168.19,61.6,95.48,67.65,206.36,218.68,108.02
67.2053,0.0,0.0,0.0,0.0,0.0,0.0,0.0,0.0,11.44,159.39,53.13,98.01,70.18,211.09,221.21,113.52
67.2153,0.0,0.0,0.0,0.0,0.0,0.0,0.0,0.0,11.44,152.9,43.67,102.96,70.18,215.82,225.94,116.05
67.2253,0.0,0.0,0.0,0.0,0.0,0.0,0.0,0.0,11.44,144.21,36.08,105.49,72.71,220.55,230.78,118.58
67.2353,0.0,0.0,0.0,0.0,0.0,0.0,0.0,0.0,11.44,133.32,26.51,110.55,72.71,225.39,233.2,123.64
67.2453,0.0,0.0,0.0,0.0,0.0,0.0,0.0,0.0,11.44,122.54,20.9,113.08,72.71,230.34,235.51,126.17
67.2553,0.0,0.0,0.0,0.0,0.0,0.0,0.0,0.0,9.13,111.65,17.05,115.5,72.71,235.18,237.93,128.7
67.2653,0.0,0.0,0.0,0.0,0.0,0.0,0.0,0.0,9.13,101.09,15.18,118.03,72.71,240.13,240.35,131.23
67.2753,0.0,0.0,0.0,0.0,0.0,0.0,0.0,0.0,9.13,90.42,13.2,122.98,72.71,244.97,242.77,133.76
67.2853,0.0,0.0,0.0,0.0,0.0,0.0,0.0,0.0,9.13,79.86,11.33,125.51,70.18,247.39,245.19,138.82
67.2953,0.0,0.0,0.0,0.0,0.0,0.0,0.0,0.0,9.13,67.1,11.33,127.93,70.18,252.34,247.61,141.35
67.3053,0.0,0.0,0.0,0.0,0.0,0.0,0.0,0.0,9.13,56.43,9.46,130.46,70.18,257.18,249.92,143.88
67.3153,0.0,0.0,0.0,0.0,0.0,0.0,0.0,0.0,6.82,48.07,9.46,135.41,67.65,262.13,249.92,146.41
67.3253,0.0,0.0,0.0,0.0,0.0,0.0,0.0,0.0,6.82,37.62,9.46,137.94,65.12,266.97,249.92,148.94
67.3353,0.0,0.0,0.0,0.0,0.0,0.0,0.0,0.0,6.82,31.35,9.46,140.36,65.12,271.92,252.34,154.0
67.3453,0.0,0.0,0.0,0.0,0.0,0.0,0.0,0.0,4.51,22.99,7.59,140.36,65.12,276.76,257.18,156.53
67.3553,0.0,0.0,0.0,0.0,0.0,0.0,0.0,0.0,4.51,16.72,7.59,142.89,65.12,281.71,257.18,161.59
67.3653,0.0,0.0,0.0,0.0,0.0,0.0,0.0,0.0,0.0,12.54,5.61,140.36,62.59,284.13,259.6,166.76
67.3753,0.0,0.0,0.0,0.0,0.0,0.0,0.0,0.0,0.0,8.36,5.61,140.36,60.06,289.08,264.33,174.24
67.3853,0.0,0.0,0.0,0.0,0.0,0.0,0.0,0.0,0.0,6.27,3.74,135.41,57.53,293.92,266.75,179.19
67.3953,0.0,0.0,0.0,0.0,0.0,0.0,0.0,0.0,0.0,4.18,3.74,132.88,52.91,296.34,269.17,186.78
67.4053,0.0,0.0,0.0,0.0,0.0,0.0,0.0,0.0,0.0,4.18,0.0,127.93,50.82,301.29,274.01,191.73
67.4153,0.0,0.0,0.0,0.0,0.0,0.0,0.0,0.0,0.0,4.18,0.0,122.98,46.53,303.71,276.43,199.32
67.4253,0.0,0.0,0.0,0.0,0.0,0.0,0.0,0.0,0.0,0.0,0.0,118.03,42.35,308.66,278.63,206.8
67.4353,0.0,0.0,0.0,0.0,0.0,0.0,0.0,0.0,0.0,0.0,0.0,113.08,38.06,311.08,280.94,211.86
67.4453,10.34,0.0,0.0,0.0,0.0,0.0,0.0,0.0,0.0,0.0,0.0,108.02,33.88,316.03,283.25,219.34
67.4553,14.41,0.0,0.0,0.0,0.0,0.0,0.0,0.0,0.0,0.0,0.0,100.54,29.59,318.45,285.56,226.93
67.4653,20.68,0.0,0.0,0.0,0.0,0.0,0.0,0.0,0.0,0.0,0.0,92.95,25.41,320.87,285.56,233.86
67.4753,31.02,0.0,0.0,0.0,0.0,0.0,0.0,0.0,0.0,0.0,0.0,85.47,21.12,323.4,287.87,240.9
67.4853,35.09,0.0,0.0,0.0,0.0,0.0,0.0,0.0,0.0,0.0,0.0,75.46,16.94,328.24,287.87,245.63
67.4953,39.27,0.0,0.0,0.0,0.0,0.0,0.0,0.0,0.0,0.0,0.0,65.45,12.65,330.77,285.56,252.67
67.5053,66.66,0.0,0.0,0.0,0.0,0.0,0.0,0.0,0.0,0.0,0.0,55.44,10.56,333.19,283.25,257.4
67.5153,124.3,0.0,0.0,0.0,0.0,0.0,0.0,0.0,0.0,0.0,0.0,42.79,8.47,333.19,276.43,262.02
67.5253,186.34,3.74,0.0,0.0,0.0,0.0,0.0,0.0,0.0,0.0,0.0,27.72,8.47,330.77,266.75,266.75
67.5353,178.2,96.25,0.0,0.0,0.0,0.0,0.0,0.0,0.0,0.0,0.0,15.07,8.47,328.24,252.34,271.48
67.5453,112.42,198.55,41.25,31.35,0.0,0.0,0.0,0.0,0.0,0.0,0.0,7.48,8.47,313.5,230.78,276.1
67.5553,75.35,215.05,130.68,52.25,15.18,27.5,9.02,6.71,0.0,0.0,0.0,7.48,8.47,289.08,204.05,280.94
67.5653,68.75,225.5,157.08,58.63,23.87,50.82,22.55,11.22,0.0,0.0,0.0,4.95,10.56,247.39,165.11,286.0
67.5753,53.79,219.23,165.88,65.01,32.56,71.5,42.79,15.73,0.0,0.0,0.0,7.48,10.56,189.86,120.89,288.53
67.5853,41.36,215.05,163.68,71.28,36.85,88.0,58.63,20.24,0.0,0.0,0.0,7.48,10.56,128.15,78.1,286.0
67.5953,35.09,221.32,152.68,79.75,41.25,104.39,75.13,24.75,0.0,0.0,0.0,4.95,10.56,84.26,38.28,259.71
67.6053,31.02,229.68,141.68,90.42,45.54,116.16,84.59,27.06,0.0,0.0,0.0,4.95,10.56,35.2,28.27,189.31
67.6153,28.93,233.86,137.28,98.89,47.74,128.15,96.47,31.57,0.0,0.0,0.0,4.95,8.47,20.13,26.18,141.35
67.6253,26.84,233.86,130.68,107.36,52.03,137.72,105.93,33.77,0.0,0.0,0.0,4.95,8.47,17.6,20.13,121.11
67.6353,24.75,233.86,124.08,115.72,54.23,147.29,113.08,38.28,0.0,0.0,0.0,4.95,6.27,12.54,16.06,116.05
67.6453,24.75,235.95,115.28,123.97,56.43,156.97,119.79,40.59,0.0,0.0,0.0,0.0,4.18,7.48,12.1,90.53
67.6553,22.77,235.95,104.06,132.33,58.63,164.12,126.61,42.79,0.0,0.0,0.0,0.0,0.0,7.48,8.03,50.16
67.6653,22.77,233.86,92.95,142.67,60.72,171.16,131.23,45.1,0.0,0.0,0.0,0.0,0.0,4.95,3.96,16.72
67.6753,20.68,231.77,79.53,148.83,65.01,178.09,135.74,47.3,0.0,0.0,0.0,0.0,0.0,0.0,0.0,5.5
67.6853,20.68,225.5,70.62,157.08,67.21,184.91,142.56,49.61,0.0,0.0,0.0,0.0,0.0,0.0,0.0,0.0
67.6953,20.68,217.14,64.02,163.35,69.3,189.53,147.07,54.12,0.0,0.0,0.0,0.0,0.0,0.0,0.0,0.0
67.7053,18.59,208.89,57.31,167.53,71.5,194.15,151.58,56.32,0.0,0.0,0.0,0.0,0.0,0.0,0.0,0.0
67.7153,18.59,198.55,49.17,173.8,73.59,198.66,158.4,58.63,0.0,0.0,0.0,0.0,0.0,0.0,0.0,0.0
67.7253,18.59,188.21,43.23,178.09,75.79,203.28,162.91,60.72,0.0,0.0,0.0,0.0,0.0,0.0,0.0,0.0
67.7353,18.59,177.87,35.42,184.47,77.88,207.9,165.22,62.92,0.0,0.0,0.0,0.0,0.0,0.0,0.0,0.0
67.7453,16.5,165.22,31.46,188.65,80.08,210.21,169.84,62.92,0.0,0.0,0.0,0.0,0.0,0.0,0.0,0.0
67.7553,16.5,152.02,25.52,192.94,80.08,214.72,172.15,65.12,0.0,0.0,0.0,0.0,0.0,0.0,0.0,0.0
67.7653,16.5,138.82,21.56,197.23,82.17,219.34,176.77,67.32,0.0,0.0,0.0,0.0,0.0,0.0,0.0,0.0
67.7753,14.41,125.62,17.71,199.32,82.17,221.65,179.08,67.32,0.0,0.0,0.0,0.0,0.0,0.0,0.0,0.0
67.7853,14.41,112.42,13.75,203.61,84.37,226.27,183.81,69.41,0.0,0.0,0.0,0.0,0.0,0.0,0.0,0.0
67.7953,14.41,100.21,11.77,207.79,84.37,228.47,186.12,71.61,0.0,0.0,0.0,0.0,0.0,0.0,0.0,0.0
67.8053,14.41,90.31,9.79,212.08,84.37,233.09,188.43,71.61,0.0,0.0,0.0,0.0,0.0,0.0,0.0,0.0
67.8153,12.32,78.32,9.79,214.17,84.37,235.4,193.05,73.81,0.0,0.0,0.0,0.0,0.0,0.0,0.0,0.0
67.8253,12.32,66.44,7.81,218.46,86.57,240.02,195.47,76.01,0.0,0.0,0.0,0.0,0.0,0.0,0.0,0.0
67.8353,12.32,56.54,7.81,220.55,86.57,242.33,200.09,78.21,0.0,0.0,0.0,0.0,0.0,0.0,0.0,0.0
67.8453,12.32,45.21,7.81,222.64,86.57,246.95,202.4,78.21,0.0,0.0,0.0,0.0,0.0,0.0,0.0,0.0
67.8553,10.34,37.62,5.83,224.84,86.57,249.26,204.71,80.3,0.0,0.0,0.0,0.0,0.0,0.0,0.0,0.0
67.8652,10.34,28.16,5.83,226.71,86.57,253.88,209.44,82.5,0.0,0.0,0.0,0.0,0.0,0.0,0.0,0.0
67.8752,10.34,22.55,5.83,226.71,86.57,258.5,214.06,84.7,0.0,0.0,0.0,0.0,0.0,0.0,0.0,0.0
67.8852,8.25,15.07,3.85,224.84,86.57,263.12,216.37,86.9,0.0,0.0,0.0,0.0,0.0,0.0,0.0,0.0
67.8952,6.16,11.22,3.85,222.64,84.37,267.74,218.68,89.1,0.0,0.0,0.0,0.0,0.0,0.0,0.0,0.0
67.9052,6.16,9.35,0.0,216.26,82.17,272.36,223.41,93.39,0.0,0.0,0.0,0.0,0.0,0.0,0.0,0.0
67.9152,4.07,7.48,0.0,209.88,80.08,274.67,225.61,97.79,0.0,0.0,0.0,0.0,0.0,0.0,0.0,0.0
67.9252,4.07,7.48,0.0,203.61,77.88,279.29,227.92,102.08,0.0,0.0,0.0,0.0,0.0,0.0,0.0,0.0
67.9352,4.07,5.61,0.0,195.03,73.59,283.69,230.23,106.48,0.0,0.0,0.0,0.0,0.0,0.0,0.0,0.0
67.9452,0.0,3.74,0.0,188.65,71.5,285.89,234.85,108.68,0.0,0.0,0.0,0.0,0.0,0.0,0.0,0.0
67.9552,0.0,3.74,0.0,180.18,67.21,288.09,237.16,113.08,0.0,0.0,0.0,0.0,0.0,0.0,0.0,0.0
67.9652,0.0,0.0,0.0,171.71,62.92,290.29,237.16,117.59,0.0,0.0,0.0,0.0,0.0,0.0,0.0,0.0
67.9752,0.0,0.0,0.0,165.44,60.72,292.49,239.47,122.21,18.26,0.0,0.0,0.0,0.0,0.0,0.0,0.0
67.9852,0.0,0.0,0.0,157.08,56.43,292.49,239.47,124.52,29.7,0.0,0.0,0.0,0.0,0.0,0.0,0.0
67.9952,0.0,0.0,0.0,148.83,52.03,294.69,241.78,126.83,36.52,0.0,0.0,0.0,0.0,0.0,0.0,0.0
68.0052,0.0,0.0,0.0,140.58,47.74,294.69,241.78,131.34,45.76,0.0,0.0,0.0,0.0,0.0,0.0,0.0
68.0152,0.0,0.0,0.0,130.24,45.54,296.89,241.78,133.65,61.93,0.0,0.0,0.0,0.0,0.0,0.0,0.0
68.0252,0.0,0.0,0.0,119.9,39.05,296.89,241.78,135.96,76.23,0.0,0.0,0.0,0.0,0.0,0.0,0.0
68.0352,0.0,0.0,0.0,107.36,32.56,296.89,239.47,138.27,134.86,0.0,3.74,0.0,0.0,0.0,0.0,0.0
68.0452,0.0,0.0,0.0,94.6,25.96,296.89,237.16,142.78,180.73,20.9,43.67,0.0,0.0,0.0,0.0,0.0
68.0552,0.0,0.0,0.0,81.95,19.47,294.69,232.54,145.09,92.95,84.04,94.27,0.0,0.0,0.0,0.0,0.0
68.0652,0.0,0.0,0.0,62.81,12.98,288.09,227.92,149.71,50.27,135.52,118.36,20.13,14.74,20.13,24.2,5.5
68.0752,0.0,0.0,0.0,37.62,10.78,274.67,218.68,156.53,38.83,150.7,129.91,27.72,23.21,37.73,44.33,11.11
68.0852,0.0,0.0,0.0,16.72,10.78,249.26,197.78,163.46,27.39,148.61,132.22,32.67,27.5,55.44,66.11,13.86
68.0952,0.0,0.0,0.0,12.54,10.78,200.97,167.53,177.43,20.57,157.3,125.29,40.26,31.79,79.53,85.25,22.33
68.1052,0.0,0.0,0.0,10.45,10.78,140.14,124.41,191.73,15.95,159.39,125.29,45.32,35.97,96.25,101.97,27.83
68.1152,0.0,0.0,0.0,8.36,8.58,85.58,79.86,205.92,13.64,161.59,122.98,52.91,38.06,108.24,120.89,33.44
68.1252,0.0,0.0,0.0,8.36,8.58,46.53,36.08,210.76,13.64,161.59,122.98,57.97,42.35,120.56,137.17,41.8
68.1352,0.0,0.0,0.0,6.27,8.58,21.12,20.24,156.53,13.64,163.79,122.98,62.92,46.53,133.21,151.14,47.41
68.1452,0.0,0.0,0.0,6.27,6.49,14.74,15.73,89.1,11.44,163.79,120.67,67.98,48.73,145.75,162.8,53.02
68.1552,0.0,0.0,0.0,4.18,4.29,12.65,13.53,51.81,11.44,163.79,113.85,72.93,50.82,155.87,174.79,64.35
68.1652,0.0,0.0,0.0,4.18,4.29,8.47,9.02,38.28,11.44,163.79,107.25,77.99,52.91,165.99,184.58,73.15
68.1752,0.0,0.0,0.0,0.0,0.0,6.27,4.51,33.77,11.44,163.79,98.56,82.94,55.11,173.36,194.37,84.81
68.1852,0.0,0.0,0.0,0.0,0.0,4.18,0.0,20.24,11.44,161.59,89.87,88.0,60.06,182.82,201.63,93.5
68.1952,0.0,0.0,0.0,0.0,0.0,0.0,0.0,0.0,11.44,159.39,81.18,92.95,62.59,189.86,211.42,102.19
68.2052,0.0,0.0,0.0,0.0,0.0,0.0,0.0,0.0,11.44,157.3,74.69,98.01,65.12,194.59,218.68,113.52
68.2152,0.0,0.0,0.0,0.0,0.0,0.0,0.0,0.0,11.44,152.9,68.09,100.54,67.65,201.63,223.52,118.58
68.2252,0.0,0.0,0.0,0.0,0.0,0.0,0.0,0.0,9.13,148.61,59.4,105.49,70.18,206.36,230.78,126.17
68.2352,0.0,0.0,0.0,0.0,0.0,0.0,0.0,0.0,9.13,142.01,53.13,108.02,70.18,213.4,235.51,131.23
68.2452,0.0,0.0,0.0,0.0,0.0,0.0,0.0,0.0,9.13,135.52,43.67,110.55,72.71,218.13,240.35,136.29
68.2552,0.0,0.0,0.0,0.0,0.0,0.0,0.0,0.0,9.13,126.83,37.95,115.5,72.71,222.97,245.19,138.82
68.2652,0.0,0.0,0.0,0.0,0.0,0.0,0.0,0.0,9.13,118.14,30.36,118.03,72.71,227.81,247.61,143.88
68.2752,0.0,0.0,0.0,0.0,0.0,0.0,0.0,0.0,9.13,109.56,24.64,120.45,75.24,232.76,249.92,146.41
68.2852,0.0,0.0,0.0,0.0,0.0,0.0,0.0,0.0,9.13,101.09,18.92,122.98,72.71,235.18,252.34,148.94
68.2952,0.0,0.0,0.0,0.0,0.0,0.0,0.0,0.0,9.13,90.42,15.18,125.51,72.71,240.13,254.76,151.47
68.3052,0.0,0.0,0.0,0.0,0.0,0.0,0.0,0.0,9.13,77.66,13.2,130.46,72.71,244.97,257.18,154.0
68.3152,0.0,0.0,0.0,0.0,0.0,0.0,0.0,0.0,9.13,64.9,13.2,132.88,70.18,247.39,257.18,156.53
68.3252,0.0,0.0,0.0,0.0,0.0,0.0,0.0,0.0,6.82,54.34,11.33,135.41,70.18,252.34,259.6,156.53
68.3352,0.0,0.0,0.0,0.0,0.0,0.0,0.0,0.0,6.82,43.89,9.46,135.41,67.65,254.76,259.6,159.06
68.3452,0.0,0.0,0.0,0.0,0.0,0.0,0.0,0.0,6.82,35.53,9.46,137.94,67.65,259.71,262.02,161.59
68.3552,0.0,0.0,0.0,0.0,0.0,0.0,0.0,0.0,6.82,29.26,9.46,137.94,67.65,262.13,264.33,164.12
68.3652,0.0,0.0,0.0,0.0,0.0,0.0,0.0,0.0,4.51,22.99,7.59,137.94,67.65,264.55,266.75,166.76
68.3752,0.0,0.0,0.0,0.0,0.0,0.0,0.0,0.0,4.51,16.72,7.59,137.94,67.65,266.97,269.17,169.18
68.3852,0.0,0.0,0.0,0.0,0.0,0.0,0.0,0.0,4.51,12.54,7.59,135.41,65.12,269.5,274.01,176.77
68.3952,0.0,0.0,0.0,0.0,0.0,0.0,0.0,0.0,0.0,8.36,5.61,132.88,65.12,271.92,276.43,179.19
68.4052,0.0,0.0,0.0,0.0,0.0,0.0,0.0,0.0,0.0,6.27,3.74,130.46,60.06,274.34,278.63,184.25
68.4152,0.0,0.0,0.0,0.0,0.0,0.0,0.0,0.0,0.0,4.18,3.74,125.51,57.53,276.76,283.25,191.73
68.4252,0.0,0.0,0.0,0.0,0.0,0.0,0.0,0.0,0.0,4.18,0.0,122.98,55.11,279.29,285.56,196.79
68.4352,0.0,0.0,0.0,0.0,0.0,0.0,0.0,0.0,0.0,0.0,0.0,118.03,52.91,281.71,287.87,201.85
68.4452,0.0,0.0,0.0,0.0,0.0,0.0,0.0,0.0,0.0,0.0,0.0,115.5,50.82,284.13,290.18,206.8
68.4552,0.0,0.0,0.0,0.0,0.0,0.0,0.0,0.0,0.0,0.0,0.0,110.55,46.53,286.55,292.49,211.86
68.4652,0.0,0.0,0.0,0.0,0.0,0.0,0.0,0.0,0.0,0.0,0.0,105.49,44.44,289.08,297.0,216.81
68.4752,0.0,0.0,0.0,0.0,0.0,0.0,0.0,0.0,0.0,0.0,0.0,100.54,40.26,289.08,299.31,221.87
68.4852,0.0,0.0,0.0,0.0,0.0,0.0,0.0,0.0,0.0,0.0,0.0,92.95,35.97,291.5,301.62,229.24
68.4952,0.0,0.0,0.0,0.0,0.0,0.0,0.0,0.0,0.0,0.0,0.0,88.0,33.88,293.92,303.93,233.86
68.5052,6.16,0.0,0.0,0.0,0.0,0.0,0.0,0.0,0.0,0.0,0.0,80.41,29.59,293.92,306.24,240.9
68.5152,10.34,0.0,0.0,0.0,0.0,0.0,0.0,0.0,0.0,0.0,0.0,72.93,25.41,296.34,306.24,245.63
68.5252,16.5,0.0,0.0,0.0,0.0,0.0,0.0,0.0,0.0,0.0,0.0,65.45,23.21,296.34,308.55,250.36
68.5352,22.77,0.0,0.0,0.0,0.0,0.0,0.0,0.0,0.0,0.0,0.0,57.97,19.03,298.87,308.55,254.98
68.5452,31.02,0.0,0.0,0.0,0.0,0.0,0.0,0.0,0.0,0.0,0.0,47.85,14.74,298.87,308.55,259.71
68.5552,35.09,0.0,0.0,0.0,0.0,0.0,0.0,0.0,0.0,0.0,0.0,37.73,10.56,298.87,306.24,264.44
68.5652,39.27,0.0,0.0,0.0,0.0,0.0,0.0,0.0,0.0,0.0,0.0,27.72,8.47,298.87,303.93,269.06
68.5752,77.55,0.0,0.0,0.0,0.0,0.0,0.0,0.0,0.0,0.0,0.0,17.6,6.27,296.34,297.0,273.79
68.5852,118.36,0.0,0.0,0.0,0.0,0.0,0.0,0.0,0.0,0.0,0.0,10.01,6.27,289.08,290.18,278.52
68.5952,184.25,0.0,0.0,0.0,0.0,0.0,0.0,0.0,0.0,0.0,0.0,4.95,6.27,281.71,276.43,283.47
68.6052,170.06,104.17,0.0,0.0,0.0,0.0,0.0,0.0,0.0,0.0,0.0,4.95,6.27,264.55,259.6,288.53
68.6152,97.13,219.23,21.56,35.53,0.0,0.0,0.0,0.0,0.0,0.0,0.0,4.95,8.47,240.13,233.2,293.59
68.6252,60.06,233.86,126.28,60.72,17.27,48.73,11.22,9.02,0.0,0.0,0.0,4.95,8.47,213.4,204.05,298.65
68.6352,60.06,240.13,159.28,62.81,25.96,69.19,27.06,13.53,0.0,0.0,0.0,4.95,10.56,168.52,160.49,301.18
68.6452,45.54,229.68,168.19,69.19,34.65,88.0,47.3,18.04,0.0,0.0,0.0,4.95,10.56,123.09,113.96,303.71
68.6552,37.18,221.32,168.19,73.48,39.05,104.39,65.67,22.55,0.0,0.0,0.0,4.95,10.56,84.26,61.27,296.12
68.6652,31.02,223.41,159.28,81.95,43.34,121.0,77.55,27.06,0.0,0.0,0.0,4.95,10.56,40.26,32.23,240.9
68.6752,26.84,235.95,148.28,92.51,45.54,135.41,87.01,29.26,0.0,0.0,0.0,4.95,10.56,22.66,26.18,161.59
68.6852,24.75,238.04,143.88,100.98,47.74,147.29,96.47,33.77,0.0,0.0,0.0,4.95,8.47,17.6,22.11,128.7
68.6952,22.77,240.13,137.28,107.36,52.03,156.97,105.93,36.08,0.0,0.0,0.0,0.0,6.27,15.07,18.15,121.11
68.7052,22.77,242.22,130.68,117.81,54.23,166.54,113.08,40.59,0.0,0.0,0.0,0.0,4.18,10.01,12.1,105.16
68.7152,20.68,246.4,119.68,126.06,56.43,173.47,117.59,42.79,0.0,0.0,0.0,0.0,0.0,7.48,8.03,61.49
68.7252,20.68,246.4,106.37,134.31,58.63,182.71,122.1,45.1,0.0,0.0,0.0,0.0,0.0,4.95,3.96,22.33
68.7352,20.68,246.4,95.15,142.67,60.72,189.53,126.61,47.3,0.0,0.0,0.0,0.0,0.0,0.0,0.0,8.36
68.7452,20.68,244.31,81.84,148.83,62.92,194.15,131.23,49.61,0.0,0.0,0.0,0.0,0.0,0.0,0.0,5.5
68.7552,18.59,240.13,72.93,157.08,65.01,200.97,135.74,51.81,0.0,0.0,0.0,0.0,0.0,0.0,0.0,5.5
68.7652,18.59,231.77,64.02,161.26,67.21,205.59,140.25,54.12,0.0,0.0,0.0,0.0,0.0,0.0,0.0,0.0
68.7752,18.59,221.32,57.31,167.53,71.5,210.21,144.76,56.32,0.0,0.0,0.0,0.0,0.0,0.0,0.0,0.0
68.7852,18.59,212.96,51.15,171.71,73.59,212.41,149.38,58.63,0.0,0.0,0.0,0.0,0.0,0.0,0.0,0.0
68.7952,16.5,202.62,45.21,176.0,73.59,217.03,153.89,60.72,0.0,0.0,0.0,0.0,0.0,0.0,0.0,0.0
68.8052,16.5,190.19,39.27,180.18,75.79,219.34,156.09,60.72,0.0,0.0,0.0,0.0,0.0,0.0,0.0,0.0
68.8152,16.5,177.87,33.44,184.47,77.88,221.65,158.4,62.92,0.0,0.0,0.0,0.0,0.0,0.0,0.0,0.0
68.8252,16.5,165.22,27.5,188.65,77.88,226.27,160.71,62.92,0.0,0.0,0.0,0.0,0.0,0.0,0.0,0.0
68.8352,16.5,152.02,21.56,192.94,77.88,228.47,162.91,65.12,0.0,0.0,0.0,0.0,0.0,0.0,0.0,0.0
68.8452,14.41,138.82,15.73,197.23,80.08,233.09,165.22,65.12,0.0,0.0,0.0,0.0,0.0,0.0,0.0,0.0
68.8552,14.41,123.42,13.75,201.41,80.08,235.4,165.22,67.32,0.0,0.0,0.0,0.0,0.0,0.0,0.0,0.0
68.8652,14.41,110.22,11.77,203.61,80.08,240.02,167.53,67.32,0.0,0.0,0.0,0.0,0.0,0.0,0.0,0.0
68.8752,14.41,100.21,9.79,205.7,80.08,242.33,169.84,69.41,0.0,0.0,0.0,0.0,0.0,0.0,0.0,0.0
68.8852,12.32,88.33,9.79,209.88,80.08,244.64,172.15,69.41,0.0,0.0,0.0,0.0,0.0,0.0,0.0,0.0
68.8952,12.32,78.32,7.81,212.08,80.08,246.95,174.46,71.61,0.0,0.0,0.0,0.0,0.0,0.0,0.0,0.0
68.9052,12.32,68.42,7.81,214.17,82.17,249.26,176.77,71.61,0.0,0.0,0.0,0.0,0.0,0.0,0.0,0.0
68.9152,12.32,60.5,7.81,216.26,82.17,253.88,179.08,73.81,0.0,0.0,0.0,0.0,0.0,0.0,0.0,0.0
68.9252,12.32,52.69,7.81,218.46,82.17,256.19,183.81,76.01,0.0,0.0,0.0,0.0,0.0,0.0,0.0,0.0
68.9352,10.34,47.08,5.83,220.55,82.17,258.5,186.12,76.01,0.0,0.0,0.0,0.0,0.0,0.0,0.0,0.0
68.9452,10.34,39.49,5.83,222.64,84.37,263.12,188.43,78.21,0.0,0.0,0.0,0.0,0.0,0.0,0.0,0.0
68.9552,10.34,33.88,5.83,224.84,84.37,267.74,190.74,80.3,0.0,0.0,0.0,0.0,0.0,0.0,0.0,0.0
68.9652,10.34,28.16,5.83,226.71,84.37,270.05,195.47,82.5,0.0,0.0,0.0,0.0,0.0,0.0,0.0,0.0
68.9752,8.25,20.68,3.85,228.58,86.57,274.67,200.09,84.7,0.0,0.0,0.0,0.0,0.0,0.0,0.0,0.0
68.9852,8.25,15.07,3.85,226.71,86.57,279.29,202.4,86.9,0.0,0.0,0.0,0.0,0.0,0.0,0.0,0.0
68.9952,6.16,11.22,3.85,224.84,86.57,283.69,204.71,91.19,0.0,0.0,0.0,0.0,0.0,0.0,0.0,0.0
69.0052,6.16,9.35,0.0,220.55,84.37,288.09,209.44,93.39,0.0,0.0,0.0,0.0,0.0,0.0,0.0,0.0
69.0152,4.07,7.48,0.0,216.26,82.17,292.49,214.06,97.79,0.0,0.0,0.0,0.0,0.0,0.0,0.0,0.0
69.0252,4.07,5.61,0.0,207.79,80.08,294.69,216.37,102.08,0.0,0.0,0.0,0.0,0.0,0.0,0.0,0.0
69.0352,4.07,5.61,0.0,201.41,77.88,299.09,220.99,106.48,0.0,0.0,0.0,0.0,0.0,0.0,0.0,0.0
69.0452,0.0,3.74,0.0,192.94,73.59,301.29,223.41,110.88,0.0,0.0,0.0,0.0,0.0,0.0,0.0,0.0
69.0552,0.0,3.74,0.0,184.47,69.3,303.49,225.61,115.28,15.95,0.0,0.0,0.0,0.0,0.0,0.0,0.0
69.0652,0.0,0.0,0.0,176.0,65.01,305.8,227.92,119.9,18.26,0.0,0.0,0.0,0.0,0.0,0.0,0.0
69.0752,0.0,0.0,0.0,167.53,60.72,310.2,227.92,122.21,27.39,0.0,0.0,0.0,0.0,0.0,0.0,0.0
69.0852,0.0,0.0,0.0,161.26,56.43,312.4,227.92,126.83,32.01,0.0,0.0,0.0,0.0,0.0,0.0,0.0
69.0952,0.0,0.0,0.0,153.01,52.03,314.6,230.23,131.34,38.83,0.0,0.0,0.0,0.0,0.0,0.0,0.0
69.1052,0.0,0.0,0.0,142.67,45.54,316.8,230.23,135.96,50.27,0.0,0.0,0.0,0.0,0.0,0.0,0.0
69.1152,0.0,0.0,0.0,130.24,39.05,321.2,227.92,138.27,76.23,0.0,0.0,0.0,0.0,0.0,0.0,0.0
69.1252,0.0,0.0,0.0,117.81,32.56,321.2,227.92,142.78,130.35,0.0,0.0,0.0,0.0,0.0,0.0,0.0
69.1352,0.0,0.0,0.0,103.07,23.87,321.2,225.61,145.09,183.04,4.18,3.74,0.0,0.0,0.0,0.0,0.0
69.1452,0.0,0.0,0.0,86.13,17.27,316.8,220.99,149.71,157.63,41.8,59.4,0.0,0.0,0.0,0.0,0.0
69.1552,0.0,0.0,0.0,65.01,12.98,310.2,216.37,154.33,78.65,120.34,105.05,17.6,16.94,15.07,30.25,5.5
69.1652,0.0,0.0,0.0,39.71,10.78,296.89,202.4,163.46,61.93,152.9,127.6,22.66,19.03,35.2,42.35,11.11
69.1752,0.0,0.0,0.0,16.72,10.78,270.05,176.77,172.7,54.89,150.7,139.15,22.66,23.21,42.79,58.85,13.86
69.1852,0.0,0.0,0.0,12.54,10.78,214.72,140.25,189.31,41.14,148.61,141.35,25.19,27.5,60.28,78.1,19.47
69.1952,0.0,0.0,0.0,10.45,10.78,144.98,98.78,203.61,29.7,152.9,136.84,30.14,31.79,77.11,97.24,25.08
69.2052,0.0,0.0,0.0,10.45,10.78,88.0,54.12,217.8,22.88,152.9,134.53,35.2,33.88,91.41,116.27,30.69
69.2152,0.0,0.0,0.0,8.36,8.58,46.53,24.75,201.19,20.57,159.39,136.84,37.73,38.06,103.4,134.86,36.19
69.2252,0.0,0.0,0.0,6.27,8.58,21.12,18.04,129.03,20.57,165.99,139.15,42.79,42.35,113.08,148.83,44.66
69.2352,0.0,0.0,0.0,6.27,6.49,16.94,15.73,78.21,18.26,168.19,143.66,45.32,44.44,123.09,160.49,53.02
69.2452,0.0,0.0,0.0,6.27,6.49,12.65,11.22,54.12,18.26,172.37,143.66,47.85,46.53,133.21,172.37,61.49
69.2552,0.0,0.0,0.0,4.18,4.29,8.47,9.02,45.1,15.95,176.55,141.35,52.91,48.73,140.8,182.16,70.18
69.2652,0.0,0.0,0.0,4.18,0.0,6.27,4.51,36.08,15.95,178.64,139.15,55.44,50.82,148.28,191.84,81.84
69.2752,0.0,0.0,0.0,0.0,0.0,4.18,0.0,15.73,15.95,180.73,132.22,60.39,52.91,155.87,199.21,90.53
69.2852,0.0,0.0,0.0,0.0,0.0,0.0,0.0,0.0,13.64,180.73,127.6,62.92,55.11,163.46,206.47,99.33
69.2951,0.0,0.0,0.0,0.0,0.0,0.0,0.0,0.0,13.64,178.64,122.98,65.45,57.53,168.52,213.84,105.16
69.3051,0.0,0.0,0.0,0.0,0.0,0.0,0.0,0.0,13.64,176.55,116.05,67.98,60.06,175.67,218.68,113.52
69.3151,0.0,0.0,0.0,0.0,0.0,0.0,0.0,0.0,13.64,172.37,111.65,70.4,62.59,180.4,223.52,118.58
69.3251,0.0,0.0,0.0,0.0,0.0,0.0,0.0,0.0,13.64,168.19,105.05,75.46,65.12,185.13,230.78,123.64
69.3351,0.0,0.0,0.0,0.0,0.0,0.0,0.0,0.0,11.44,161.59,96.36,77.99,65.12,187.44,233.2,128.7
69.3451,0.0,0.0,0.0,0.0,0.0,0.0,0.0,0.0,11.44,155.1,87.67,80.41,67.65,192.17,237.93,131.23
69.3551,0.0,0.0,0.0,0.0,0.0,0.0,0.0,0.0,11.44,148.61,81.18,82.94,70.18,196.9,242.77,133.76
69.3651,0.0,0.0,0.0,0.0,0.0,0.0,0.0,0.0,11.44,142.01,72.49,85.47,70.18,199.32,245.19,138.82
69.3751,0.0,0.0,0.0,0.0,0.0,0.0,0.0,0.0,11.44,135.52,65.89,85.47,72.71,203.94,247.61,141.35
69.3851,0.0,0.0,0.0,0.0,0.0,0.0,0.0,0.0,11.44,129.03,57.2,90.53,72.71,206.36,249.92,143.88
69.3951,0.0,0.0,0.0,0.0,0.0,0.0,0.0,0.0,11.44,122.54,49.39,90.53,72.71,208.67,252.34,146.41
69.4051,0.0,0.0,0.0,0.0,0.0,0.0,0.0,0.0,11.44,115.94,45.54,92.95,75.24,211.09,254.76,146.41
69.4151,0.0,0.0,0.0,0.0,0.0,0.0,0.0,0.0,11.44,109.56,39.82,95.48,75.24,213.4,257.18,148.94
69.4251,0.0,0.0,0.0,0.0,0.0,0.0,0.0,0.0,11.44,103.18,34.1,95.48,75.24,215.82,259.6,148.94
69.4351,0.0,0.0,0.0,0.0,0.0,0.0,0.0,0.0,11.44,96.8,30.36,98.01,75.24,218.13,262.02,151.47
69.4451,0.0,0.0,0.0,0.0,0.0,0.0,0.0,0.0,9.13,90.42,26.51,100.54,77.77,220.55,266.75,154.0
69.4551,0.0,0.0,0.0,0.0,0.0,0.0,0.0,0.0,11.44,81.95,22.77,100.54,77.77,222.97,269.17,156.53
69.4651,0.0,0.0,0.0,0.0,0.0,0.0,0.0,0.0,9.13,75.57,20.9,100.54,77.77,225.39,271.59,159.06
69.4751,0.0,0.0,0.0,0.0,0.0,0.0,0.0,0.0,9.13,69.19,17.05,102.96,77.77,227.81,276.43,161.59
69.4851,0.0,0.0,0.0,0.0,0.0,0.0,0.0,0.0,9.13,60.72,15.18,105.49,77.77,230.34,278.63,164.12
69.4951,0.0,0.0,0.0,0.0,0.0,0.0,0.0,0.0,9.13,52.25,15.18,108.02,77.77,232.76,280.94,166.76
69.5051,0.0,0.0,0.0,0.0,0.0,0.0,0.0,0.0,9.13,43.89,13.2,108.02,77.77,237.6,285.56,169.18
69.5151,0.0,0.0,0.0,0.0,0.0,0.0,0.0,0.0,9.13,37.62,11.33,110.55,77.77,242.55,287.87,171.71
69.5251,0.0,0.0,0.0,0.0,0.0,0.0,0.0,0.0,9.13,29.26,11.33,110.55,77.77,244.97,290.18,174.24
69.5351,0.0,0.0,0.0,0.0,0.0,0.0,0.0,0.0,6.82,20.9,11.33,113.08,77.77,249.92,294.8,179.19
69.5451,0.0,0.0,0.0,0.0,0.0,0.0,0.0,0.0,6.82,16.72,9.46,113.08,77.77,252.34,297.0,184.25
69.5551,0.0,0.0,0.0,0.0,0.0,0.0,0.0,0.0,4.51,12.54,7.59,110.55,75.24,254.76,299.31,189.31
69.5651,0.0,0.0,0.0,0.0,0.0,0.0,0.0,0.0,4.51,8.36,5.61,108.02,75.24,259.71,303.93,196.79
69.5751,0.0,0.0,0.0,0.0,0.0,0.0,0.0,0.0,0.0,6.27,5.61,105.49,72.71,262.13,308.55,201.85
69.5851,6.16,0.0,0.0,0.0,0.0,0.0,0.0,0.0,0.0,4.18,3.74,102.96,70.18,264.55,313.17,209.33
69.5951,8.25,0.0,0.0,0.0,0.0,0.0,0.0,0.0,0.0,4.18,3.74,95.48,65.12,266.97,317.68,216.81
69.6051,12.32,0.0,0.0,0.0,0.0,0.0,0.0,0.0,0.0,0.0,0.0,90.53,62.59,269.5,322.3,224.4
69.6151,16.5,0.0,0.0,0.0,0.0,0.0,0.0,0.0,0.0,0.0,0.0,85.47,55.11,269.5,326.92,231.55
69.6251,24.75,0.0,0.0,0.0,0.0,0.0,0.0,0.0,0.0,0.0,0.0,77.99,50.82,271.92,329.23,238.59
69.6351,33.11,0.0,0.0,0.0,0.0,0.0,0.0,0.0,0.0,0.0,0.0,72.93,44.44,274.34,331.54,245.63
69.6451,39.27,0.0,0.0,0.0,0.0,0.0,0.0,0.0,0.0,0.0,0.0,65.45,40.26,276.76,333.74,252.67
69.6551,64.46,0.0,0.0,0.0,0.0,0.0,0.0,0.0,0.0,0.0,0.0,57.97,33.88,276.76,336.05,259.71
69.6651,90.53,0.0,0.0,0.0,0.0,0.0,0.0,0.0,0.0,0.0,0.0,45.32,27.5,276.76,336.05,264.44
69.6751,116.38,0.0,0.0,0.0,0.0,0.0,0.0,0.0,0.0,0.0,0.0,35.2,21.12,274.34,333.74,271.48
69.6851,170.06,0.0,0.0,0.0,0.0,0.0,0.0,0.0,0.0,0.0,0.0,22.66,16.94,271.92,331.54,273.79
69.6951,188.32,60.5,0.0,0.0,0.0,0.0,0.0,0.0,0.0,0.0,0.0,12.54,10.56,262.13,324.61,278.52
69.7051,124.3,173.69,5.83,14.63,0.0,0.0,0.0,0.0,0.0,0.0,0.0,4.95,6.27,249.92,315.37,280.94
69.7151,86.24,208.89,77.33,54.34,8.58,21.12,4.51,4.51,0.0,0.0,0.0,0.0,6.27,230.34,297.0,283.47
69.7251,86.24,225.5,117.48,58.63,21.67,42.35,11.22,9.02,0.0,0.0,0.0,0.0,6.27,203.94,269.17,286.0
69.7351,73.15,227.59,130.68,62.81,30.36,62.15,27.06,13.53,0.0,0.0,0.0,0.0,8.47,168.52,228.36,286.0
69.7451,62.26,225.5,135.08,67.1,34.65,73.81,38.28,15.73,0.0,0.0,0.0,0.0,8.47,125.62,177.21,286.0
69.7551,53.79,225.5,132.88,71.28,36.85,85.58,47.3,18.04,0.0,0.0,0.0,0.0,8.47,91.41,127.93,283.47
69.7651,49.61,233.86,130.68,77.66,39.05,95.04,54.12,20.24,0.0,0.0,0.0,0.0,8.47,55.44,70.84,276.1
69.7751,45.54,248.49,126.28,81.95,39.05,102.08,58.63,22.55,0.0,0.0,0.0,0.0,8.47,22.66,28.27,226.93
69.7851,43.45,258.94,124.08,88.33,41.25,109.12,65.67,22.55,0.0,0.0,0.0,0.0,8.47,15.07,20.13,138.82
69.7951,41.36,269.39,124.08,92.51,43.34,116.16,70.4,24.75,0.0,0.0,0.0,0.0,6.27,12.54,18.15,105.16
69.8051,39.27,275.66,119.68,98.89,45.54,123.42,75.13,27.06,0.0,0.0,0.0,0.0,4.18,10.01,14.08,93.5
69.8151,37.18,286.11,110.77,107.36,45.54,130.57,77.55,27.06,0.0,0.0,0.0,0.0,4.18,7.48,10.01,84.81
69.8251,35.09,294.36,101.86,113.63,47.74,137.72,82.28,29.26,0.0,0.0,0.0,0.0,0.0,4.95,8.03,55.77
69.8351,33.11,298.43,92.95,119.9,47.74,144.98,84.59,29.26,0.0,0.0,0.0,0.0,0.0,0.0,3.96,22.33
69.8451,33.11,300.52,86.24,126.06,49.94,149.71,89.32,31.57,0.0,0.0,0.0,0.0,0.0,0.0,0.0,8.36
69.8551,31.02,298.43,81.84,132.33,52.03,154.55,91.74,31.57,0.0,0.0,0.0,0.0,0.0,0.0,0.0,0.0
69.8651,28.93,294.36,79.53,136.4,54.23,159.28,98.78,33.77,0.0,0.0,0.0,0.0,0.0,0.0,0.0,0.0
69.8751,28.93,288.2,79.53,138.49,56.43,161.7,103.51,33.77,0.0,0.0,0.0,0.0,0.0,0.0,0.0,0.0
69.8851,28.93,281.93,79.53,142.67,58.63,166.54,105.93,36.08,0.0,0.0,0.0,0.0,0.0,0.0,0.0,0.0
69.8951,26.84,275.66,77.33,146.74,60.72,171.16,110.66,36.08,0.0,0.0,0.0,0.0,0.0,0.0,0.0,0.0
69.9051,26.84,267.3,72.93,150.92,62.92,173.47,115.28,38.28,0.0,0.0,0.0,0.0,0.0,0.0,0.0,0.0
69.9151,24.75,261.03,68.42,153.01,65.01,178.09,117.59,38.28,0.0,0.0,0.0,0.0,0.0,0.0,0.0,0.0
69.9251,24.75,252.67,64.02,157.08,67.21,180.4,119.79,38.28,0.0,0.0,0.0,0.0,0.0,0.0,0.0,0.0
69.9351,24.75,244.31,57.31,159.17,67.21,182.71,122.1,40.59,0.0,0.0,0.0,0.0,0.0,0.0,0.0,0.0
69.9451,22.77,235.95,55.11,163.35,69.3,184.91,126.61,40.59,0.0,0.0,0.0,0.0,0.0,0.0,0.0,0.0
69.9551,22.77,229.68,53.13,165.44,71.5,187.22,128.92,40.59,0.0,0.0,0.0,0.0,0.0,0.0,0.0,0.0
69.9651,22.77,221.32,51.15,167.53,73.59,189.53,131.23,42.79,0.0,0.0,0.0,0.0,0.0,0.0,0.0,0.0
69.9751,22.77,215.05,49.17,171.71,73.59,191.84,133.43,42.79,0.0,0.0,0.0,0.0,0.0,0.0,0.0,0.0
69.9851,22.77,206.8,47.19,173.8,75.79,194.15,135.74,42.79,0.0,0.0,0.0,0.0,0.0,0.0,0.0,0.0
69.9951,20.68,198.55,45.21,176.0,77.88,194.15,137.94,45.1,0.0,0.0,0.0,0.0,0.0,0.0,0.0,0.0
70.0051,20.68,190.19,43.23,178.09,80.08,196.46,142.56,45.1,0.0,0.0,0.0,0.0,0.0,0.0,0.0,0.0
70.0151,20.68,181.94,41.25,180.18,80.08,198.66,144.76,45.1,0.0,0.0,0.0,0.0,0.0,0.0,0.0,0.0
70.0251,18.59,173.69,37.29,184.47,82.17,200.97,147.07,47.3,0.0,0.0,0.0,0.0,0.0,0.0,0.0,0.0
70.0351,18.59,165.22,35.42,188.65,84.37,205.59,149.38,47.3,0.0,0.0,0.0,0.0,0.0,0.0,0.0,0.0
70.0451,18.59,158.62,31.46,190.85,84.37,207.9,153.89,49.61,0.0,0.0,0.0,0.0,0.0,0.0,0.0,0.0
70.0551,18.59,149.82,27.5,195.03,86.57,210.21,156.09,49.61,0.0,0.0,0.0,0.0,0.0,0.0,0.0,0.0
70.0651,18.59,138.82,21.56,201.41,86.57,214.72,160.71,51.81,0.0,0.0,0.0,0.0,0.0,0.0,0.0,0.0
70.0751,16.5,130.02,19.58,207.79,88.66,219.34,162.91,54.12,0.0,0.0,0.0,0.0,0.0,0.0,0.0,0.0
70.0851,16.5,119.02,15.73,212.08,88.66,223.96,165.22,54.12,0.0,0.0,0.0,0.0,0.0,0.0,0.0,0.0
70.0951,16.5,108.13,13.75,218.46,88.66,230.78,169.84,56.32,0.0,0.0,0.0,0.0,0.0,0.0,0.0,0.0
70.1051,16.5,96.25,11.77,224.84,88.66,235.4,172.15,58.63,0.0,0.0,0.0,0.0,0.0,0.0,0.0,0.0
70.1151,14.41,84.37,9.79,230.56,90.86,240.02,176.77,58.63,0.0,0.0,0.0,0.0,0.0,0.0,0.0,0.0
70.1251,14.41,74.36,9.79,234.3,90.86,246.95,179.08,60.72,0.0,0.0,0.0,0.0,0.0,0.0,0.0,0.0
70.1351,14.41,62.48,7.81,238.15,90.86,251.57,183.81,62.92,0.0,0.0,0.0,0.0,0.0,0.0,0.0,0.0
70.1451,12.32,50.82,7.81,242.0,90.86,256.19,188.43,65.12,0.0,0.0,0.0,0.0,0.0,0.0,0.0,0.0
70.1551,12.32,39.49,5.83,243.87,90.86,260.81,190.74,67.32,0.0,0.0,0.0,0.0,0.0,0.0,0.0,0.0
70.1651,10.34,30.14,5.83,243.87,90.86,263.12,195.47,69.41,20.57,0.0,0.0,0.0,0.0,0.0,0.0,0.0
70.1751,8.25,20.68,5.83,242.0,90.86,267.74,200.09,69.41,27.39,0.0,0.0,0.0,0.0,0.0,0.0,0.0
70.1851,8.25,15.07,3.85,240.02,90.86,272.36,202.4,73.81,27.39,0.0,0.0,0.0,0.0,0.0,0.0,0.0
70.1951,6.16,11.22,3.85,232.43,86.57,276.98,207.02,76.01,34.32,0.0,0.0,0.0,0.0,0.0,0.0,0.0
70.2051,4.07,9.35,0.0,224.84,82.17,281.49,209.44,80.3,41.14,0.0,0.0,0.0,0.0,0.0,0.0,0.0
70.2151,4.07,7.48,0.0,214.17,77.88,285.89,211.75,84.7,52.58,0.0,0.0,0.0,0.0,0.0,0.0,0.0
70.2251,0.0,5.61,0.0,201.41,71.5,290.29,214.06,89.1,85.8,0.0,0.0,0.0,0.0,0.0,0.0,0.0
70.2351,0.0,3.74,0.0,188.65,65.01,292.49,214.06,95.59,143.99,6.27,18.92,0.0,0.0,0.0,0.0,0.0
70.2451,0.0,3.74,0.0,176.0,56.43,294.69,214.06,99.99,95.37,52.25,61.6,0.0,0.0,0.0,0.0,0.0
70.2551,0.0,0.0,0.0,161.26,47.74,296.89,214.06,106.48,54.89,98.89,81.18,7.48,16.94,4.95,18.15,0.0
70.2651,0.0,0.0,0.0,140.58,41.25,294.69,214.06,110.88,43.45,129.03,92.07,15.07,16.94,17.6,28.27,8.36
70.2751,0.0,0.0,0.0,117.81,30.36,292.49,214.06,117.59,36.52,131.23,102.96,17.6,21.12,25.19,42.35,8.36
70.2851,0.0,0.0,0.0,90.42,21.67,283.69,214.06,126.83,29.7,135.52,105.05,20.13,25.41,35.2,52.47,11.11
70.2951,0.0,0.0,0.0,60.72,12.98,270.05,209.44,135.96,22.88,142.01,105.05,25.19,27.5,50.38,66.11,13.86
70.3051,0.0,0.0,0.0,27.17,8.58,249.26,193.05,145.09,20.57,144.21,107.25,27.72,29.59,62.7,78.1,19.47
70.3151,0.0,0.0,0.0,14.63,8.58,200.97,158.4,158.84,15.95,146.41,109.45,30.14,31.79,72.27,87.67,22.33
70.3251,0.0,0.0,0.0,12.54,8.58,135.41,113.08,175.12,15.95,152.9,111.65,35.2,33.88,81.84,99.66,25.08
70.3351,0.0,0.0,0.0,10.45,8.58,76.23,68.09,187.0,13.64,157.3,113.85,37.73,35.97,89.1,111.65,30.69
70.3451,0.0,0.0,0.0,8.36,8.58,40.26,27.06,187.0,13.64,161.59,116.05,40.26,40.26,98.67,120.89,33.44
70.3551,0.0,0.0,0.0,8.36,6.49,16.94,15.73,126.83,13.64,165.99,116.05,45.32,42.35,105.82,132.55,39.05
70.3651,0.0,0.0,0.0,6.27,6.49,12.65,13.53,71.61,13.64,168.19,118.36,47.85,44.44,115.5,144.21,41.8
70.3751,0.0,0.0,0.0,6.27,4.29,10.56,11.22,42.79,11.44,172.37,120.67,50.38,46.53,123.09,155.87,47.41
70.3851,0.0,0.0,0.0,4.18,0.0,6.27,6.71,33.77,11.44,174.46,120.67,55.44,50.82,133.21,167.53,53.02
70.3951,0.0,0.0,0.0,4.18,0.0,4.18,4.51,29.26,11.44,176.55,120.67,57.97,52.91,140.8,174.79,58.63
70.4051,0.0,0.0,0.0,0.0,0.0,0.0,0.0,15.73,11.44,178.64,120.67,60.39,55.11,145.75,184.58,70.18
70.4151,0.0,0.0,0.0,0.0,0.0,0.0,0.0,0.0,11.44,178.64,120.67,62.92,57.53,153.34,191.84,76.01
70.4251,0.0,0.0,0.0,0.0,0.0,0.0,0.0,0.0,11.44,178.64,118.36,65.45,57.53,158.4,199.21,81.84
70.4351,0.0,0.0,0.0,0.0,0.0,0.0,0.0,0.0,11.44,178.64,116.05,70.4,60.06,163.46,204.05,90.53
70.4451,0.0,0.0,0.0,0.0,0.0,0.0,0.0,0.0,11.44,176.55,111.65,72.93,62.59,171.05,211.42,96.36
70.4551,0.0,0.0,0.0,0.0,0.0,0.0,0.0,0.0,11.44,172.37,107.25,75.46,65.12,175.67,216.26,102.19
70.4651,0.0,0.0,0.0,0.0,0.0,0.0,0.0,0.0,11.44,168.19,102.96,77.99,67.65,180.4,221.21,108.02
70.4751,0.0,0.0,0.0,0.0,0.0,0.0,0.0,0.0,11.44,161.59,94.27,80.41,67.65,185.13,225.94,113.52
70.4851,0.0,0.0,0.0,0.0,0.0,0.0,0.0,0.0,11.44,157.3,87.67,82.94,70.18,189.86,230.78,118.58
70.4951,0.0,0.0,0.0,0.0,0.0,0.0,0.0,0.0,9.13,150.7,81.18,88.0,72.71,194.59,233.2,123.64
70.5051,0.0,0.0,0.0,0.0,0.0,0.0,0.0,0.0,11.44,144.21,72.49,90.53,72.71,196.9,237.93,126.17
70.5151,0.0,0.0,0.0,0.0,0.0,0.0,0.0,0.0,9.13,137.72,65.89,92.95,75.24,201.63,240.35,131.23
70.5251,0.0,0.0,0.0,0.0,0.0,0.0,0.0,0.0,9.13,131.23,57.2,92.95,77.77,203.94,245.19,133.76
70.5351,0.0,0.0,0.0,0.0,0.0,0.0,0.0,0.0,9.13,124.63,51.26,95.48,77.77,208.67,247.61,136.29
70.5451,0.0,0.0,0.0,0.0,0.0,0.0,0.0,0.0,9.13,115.94,43.67,98.01,77.77,211.09,249.92,138.82
70.5551,0.0,0.0,0.0,0.0,0.0,0.0,0.0,0.0,9.13,109.56,37.95,100.54,77.77,213.4,252.34,141.35
70.5651,0.0,0.0,0.0,0.0,0.0,0.0,0.0,0.0,9.13,103.18,34.1,102.96,80.3,218.13,254.76,143.88
70.5751,0.0,0.0,0.0,0.0,0.0,0.0,0.0,0.0,9.13,94.71,30.36,105.49,80.3,220.55,259.6,146.41
70.5851,0.0,0.0,0.0,0.0,0.0,0.0,0.0,0.0,9.13,88.33,26.51,105.49,80.3,222.97,262.02,148.94
70.5951,0.0,0.0,0.0,0.0,0.0,0.0,0.0,0.0,9.13,79.86,22.77,108.02,80.3,225.39,264.33,151.47
70.6051,0.0,0.0,0.0,0.0,0.0,0.0,0.0,0.0,9.13,73.48,18.92,108.02,80.3,227.81,269.17,156.53
70.6151,0.0,0.0,0.0,0.0,0.0,0.0,0.0,0.0,9.13,64.9,17.05,110.55,82.83,232.76,271.59,159.06
70.6251,0.0,0.0,0.0,0.0,0.0,0.0,0.0,0.0,9.13,56.43,15.18,113.08,82.83,235.18,276.43,161.59
70.6351,0.0,0.0,0.0,0.0,0.0,0.0,0.0,0.0,9.13,48.07,13.2,115.5,80.3,237.6,278.63,164.12
70.6451,0.0,0.0,0.0,0.0,0.0,0.0,0.0,0.0,6.82,39.71,13.2,115.5,82.83,242.55,283.25,166.76
70.6551,0.0,0.0,0.0,0.0,0.0,0.0,0.0,0.0,6.82,29.26,11.33,118.03,80.3,247.39,283.25,171.71
70.6651,0.0,0.0,0.0,0.0,0.0,0.0,0.0,0.0,6.82,22.99,11.33,118.03,80.3,249.92,287.87,174.24
70.6751,0.0,0.0,0.0,0.0,0.0,0.0,0.0,0.0,4.51,16.72,9.46,118.03,80.3,254.76,290.18,179.19
70.6851,0.0,0.0,0.0,0.0,0.0,0.0,0.0,0.0,4.51,12.54,7.59,118.03,77.77,257.18,292.49,184.25
70.6951,0.0,0.0,0.0,0.0,0.0,0.0,0.0,0.0,0.0,8.36,5.61,113.08,75.24,262.13,297.0,191.73
70.7051,0.0,0.0,0.0,0.0,0.0,0.0,0.0,0.0,0.0,6.27,5.61,110.55,72.71,264.55,299.31,196.79
70.715,14.41,0.0,0.0,0.0,0.0,0.0,0.0,0.0,0.0,4.18,3.74,108.02,70.18,266.97,303.93,204.27
70.725,20.68,0.0,0.0,0.0,0.0,0.0,0.0,0.0,0.0,0.0,3.74,102.96,67.65,269.5,306.24,211.86
70.735,22.77,0.0,0.0,0.0,0.0,0.0,0.0,0.0,0.0,0.0,3.74,95.48,62.59,269.5,310.86,216.81
70.745,28.93,0.0,0.0,0.0,0.0,0.0,0.0,0.0,0.0,0.0,0.0,90.53,57.53,271.92,313.17,224.4
70.755,31.02,0.0,0.0,0.0,0.0,0.0,0.0,0.0,0.0,0.0,0.0,82.94,50.82,274.34,315.37,231.55
70.765,35.09,0.0,0.0,0.0,0.0,0.0,0.0,0.0,0.0,0.0,0.0,77.99,46.53,274.34,317.68,238.59
70.775,51.7,0.0,0.0,0.0,0.0,0.0,0.0,0.0,0.0,0.0,0.0,70.4,40.26,274.34,317.68,243.32
70.785,94.93,0.0,0.0,0.0,0.0,0.0,0.0,0.0,0.0,0.0,0.0,60.39,33.88,276.76,319.99,250.36
70.795,138.16,0.0,0.0,0.0,0.0,0.0,0.0,0.0,0.0,0.0,0.0,50.38,29.59,276.76,319.99,257.4
70.805,166.1,32.01,0.0,0.0,0.0,0.0,0.0,0.0,0.0,0.0,0.0,40.26,23.21,276.76,315.37,262.02
70.815,118.36,108.13,3.85,0.0,0.0,0.0,0.0,0.0,0.0,0.0,0.0,27.72,16.94,274.34,313.17,266.75
70.825,81.84,149.82,47.19,33.44,6.49,6.27,0.0,0.0,0.0,0.0,0.0,15.07,10.56,266.97,306.24,271.48
70.835,81.84,171.6,81.84,39.71,17.27,19.03,6.71,4.51,0.0,0.0,0.0,7.48,6.27,254.76,297.0,273.79
70.845,70.95,179.85,99.66,45.98,23.87,35.97,15.73,9.02,0.0,0.0,0.0,0.0,6.27,235.18,276.43,278.52
70.855,60.06,186.12,108.57,48.07,30.36,48.73,24.75,13.53,0.0,0.0,0.0,0.0,6.27,203.94,247.61,280.94
70.865,51.7,190.19,110.77,54.34,34.65,59.73,36.08,15.73,0.0,0.0,0.0,0.0,6.27,163.46,209.0,283.47
70.875,43.45,198.55,108.57,58.63,36.85,71.5,45.1,18.04,0.0,0.0,0.0,0.0,8.47,120.56,162.8,280.94
70.885,39.27,210.98,104.06,65.01,36.85,83.27,51.81,20.24,0.0,0.0,0.0,0.0,8.47,86.68,111.65,280.94
70.895,35.09,223.41,101.86,71.28,39.05,95.04,56.32,22.55,0.0,0.0,0.0,0.0,8.47,52.91,61.27,269.06
70.905,33.11,231.77,101.86,77.66,41.25,104.39,63.36,24.75,0.0,0.0,0.0,0.0,8.47,20.13,26.18,214.39
70.915,31.02,242.22,97.46,84.04,43.34,111.43,70.4,27.06,0.0,0.0,0.0,0.0,6.27,15.07,20.13,133.76
70.925,28.93,250.58,95.15,90.42,45.54,118.58,75.13,27.06,0.0,0.0,0.0,0.0,6.27,12.54,18.15,105.16
70.935,28.93,261.03,92.95,94.6,45.54,125.73,79.86,29.26,0.0,0.0,0.0,0.0,4.18,10.01,14.08,93.5
70.945,26.84,267.3,92.95,100.98,49.94,132.99,84.59,31.57,0.0,0.0,0.0,0.0,4.18,7.48,10.01,84.81
70.955,26.84,271.48,92.95,105.27,52.03,137.72,91.74,31.57,0.0,0.0,0.0,0.0,0.0,4.95,6.05,58.63
70.965,26.84,273.57,92.95,109.45,54.23,142.56,96.47,33.77,0.0,0.0,0.0,0.0,0.0,0.0,3.96,25.08
70.975,24.75,273.57,92.95,113.63,56.43,149.71,101.2,36.08,0.0,0.0,0.0,0.0,0.0,0.0,0.0,8.36
70.985,24.75,273.57,92.95,117.81,58.63,154.55,105.93,36.08,0.0,0.0,0.0,0.0,0.0,0.0,0.0,0.0
70.995,24.75,269.39,90.75,119.9,60.72,159.28,113.08,38.28,0.0,0.0,0.0,0.0,0.0,0.0,0.0,0.0
71.005,24.75,267.3,88.55,126.06,62.92,164.12,115.28,38.28,0.0,0.0,0.0,0.0,0.0,0.0,0.0,0.0
71.015,22.77,263.12,84.04,130.24,65.01,168.96,119.79,40.59,0.0,0.0,0.0,0.0,0.0,0.0,0.0,0.0
71.025,22.77,258.94,77.33,134.31,67.21,173.47,122.1,40.59,0.0,0.0,0.0,0.0,0.0,0.0,0.0,0.0
71.035,20.68,254.76,70.62,138.49,67.21,178.09,124.41,42.79,0.0,0.0,0.0,0.0,0.0,0.0,0.0,0.0
71.045,20.68,246.4,61.71,142.67,69.3,180.4,126.61,42.79,0.0,0.0,0.0,0.0,0.0,0.0,0.0,0.0
71.055,20.68,240.13,55.11,146.74,69.3,184.91,128.92,45.1,0.0,0.0,0.0,0.0,0.0,0.0,0.0,0.0
71.065,20.68,233.86,49.17,150.92,71.5,187.22,131.23,45.1,0.0,0.0,0.0,0.0,0.0,0.0,0.0,0.0
71.075,18.59,225.5,43.23,155.1,73.59,189.53,133.43,45.1,0.0,0.0,0.0,0.0,0.0,0.0,0.0,0.0
71.085,18.59,219.23,39.27,159.17,73.59,191.84,135.74,47.3,0.0,0.0,0.0,0.0,0.0,0.0,0.0,0.0
71.095,18.59,210.98,35.42,163.35,75.79,196.46,137.94,47.3,0.0,0.0,0.0,0.0,0.0,0.0,0.0,0.0
71.105,18.59,202.62,31.46,167.53,75.79,198.66,140.25,49.61,0.0,0.0,0.0,0.0,0.0,0.0,0.0,0.0
71.115,18.59,192.28,25.52,169.62,77.88,200.97,142.56,49.61,0.0,0.0,0.0,0.0,0.0,0.0,0.0,0.0
71.125,16.5,184.03,21.56,176.0,77.88,205.59,144.76,49.61,0.0,0.0,0.0,0.0,0.0,0.0,0.0,0.0
71.135,16.5,171.6,19.58,180.18,80.08,207.9,147.07,51.81,0.0,0.0,0.0,0.0,0.0,0.0,0.0,0.0
71.145,16.5,160.82,15.73,184.47,80.08,212.41,149.38,54.12,0.0,0.0,0.0,0.0,0.0,0.0,0.0,0.0
71.155,16.5,147.62,13.75,188.65,80.08,217.03,153.89,54.12,0.0,0.0,0.0,0.0,0.0,0.0,0.0,0.0
71.165,14.41,134.42,11.77,195.03,82.17,221.65,156.09,56.32,0.0,0.0,0.0,0.0,0.0,0.0,0.0,0.0
71.175,14.41,121.22,9.79,201.41,82.17,226.27,158.4,56.32,0.0,0.0,0.0,0.0,0.0,0.0,0.0,0.0
71.185,14.41,108.13,9.79,205.7,82.17,230.78,160.71,58.63,0.0,0.0,0.0,0.0,0.0,0.0,0.0,0.0
71.195,14.41,96.25,7.81,212.08,82.17,235.4,162.91,58.63,0.0,0.0,0.0,0.0,0.0,0.0,0.0,0.0
71.205,12.32,86.35,7.81,216.26,82.17,242.33,167.53,60.72,0.0,0.0,0.0,0.0,0.0,0.0,0.0,0.0
71.215,12.32,76.34,7.81,222.64,82.17,246.95,169.84,60.72,0.0,0.0,0.0,0.0,0.0,0.0,0.0,0.0
71.225,12.32,66.44,7.81,226.71,82.17,251.57,172.15,62.92,0.0,0.0,0.0,0.0,0.0,0.0,0.0,0.0
71.235,12.32,56.54,5.83,230.56,82.17,256.19,176.77,65.12,0.0,0.0,0.0,0.0,0.0,0.0,0.0,0.0
71.245,10.34,47.08,5.83,234.3,84.37,260.81,179.08,65.12,0.0,0.0,0.0,0.0,0.0,0.0,0.0,0.0
71.255,10.34,37.62,5.83,236.28,84.37,265.43,183.81,67.32,0.0,0.0,0.0,0.0,0.0,0.0,0.0,0.0
71.265,10.34,30.14,5.83,238.15,84.37,270.05,186.12,69.41,0.0,0.0,0.0,0.0,0.0,0.0,0.0,0.0
71.275,8.25,20.68,3.85,238.15,86.57,274.67,190.74,71.61,0.0,0.0,0.0,0.0,0.0,0.0,0.0,0.0
71.285,8.25,15.07,3.85,236.28,86.57,276.98,195.47,73.81,15.95,0.0,0.0,0.0,0.0,0.0,0.0,0.0
71.295,6.16,11.22,0.0,232.43,84.37,281.49,200.09,78.21,18.26,0.0,0.0,0.0,0.0,0.0,0.0,0.0
71.305,4.07,9.35,0.0,226.71,80.08,285.89,204.71,82.5,20.57,0.0,0.0,0.0,0.0,0.0,0.0,0.0
71.315,4.07,7.48,0.0,218.46,77.88,292.49,207.02,86.9,29.7,0.0,0.0,0.0,0.0,0.0,0.0,0.0
71.325,0.0,5.61,0.0,209.88,73.59,296.89,209.44,91.19,34.32,0.0,0.0,0.0,0.0,0.0,0.0,0.0
71.335,0.0,5.61,0.0,201.41,67.21,301.29,214.06,95.59,41.14,0.0,0.0,0.0,0.0,0.0,0.0,0.0
71.345,0.0,3.74,0.0,190.85,60.72,305.8,214.06,102.08,45.76,0.0,0.0,0.0,0.0,0.0,0.0,0.0
71.355,0.0,0.0,0.0,180.18,56.43,308.0,216.37,106.48,83.38,0.0,0.0,0.0,0.0,0.0,0.0,0.0
71.365,0.0,0.0,0.0,165.44,49.94,310.2,216.37,113.08,130.35,0.0,0.0,0.0,0.0,0.0,0.0,0.0
71.375,0.0,0.0,0.0,148.83,43.34,310.2,216.37,117.59,178.42,4.18,5.61,0.0,0.0,0.0,0.0,0.0
71.385,0.0,0.0,0.0,130.24,34.65,308.0,218.68,124.52,141.68,41.8,57.2,0.0,0.0,0.0,0.0,0.0
71.395,0.0,0.0,0.0,107.36,25.96,303.49,218.68,129.03,88.22,118.14,85.47,17.6,12.65,15.07,18.15,0.0
71.405,0.0,0.0,0.0,79.75,17.27,296.89,216.37,135.96,85.8,150.7,96.36,22.66,16.94,27.72,28.27,5.5
71.415,0.0,0.0,0.0,48.07,10.78,281.49,207.02,145.09,76.23,152.9,107.25,25.19,19.03,35.2,38.28,8.36
71.425,0.0,0.0,0.0,20.9,8.58,251.57,186.12,156.53,61.93,161.59,109.45,30.14,21.12,50.38,48.4,11.11
71.435,0.0,0.0,0.0,14.63,8.58,194.15,149.38,170.39,50.27,174.46,107.25,35.2,23.21,65.12,56.54,13.86
71.445,0.0,0.0,0.0,12.54,8.58,123.42,103.51,184.58,41.14,187.0,105.05,40.26,23.21,77.11,66.11,16.72
71.455,0.0,0.0,0.0,10.45,8.58,71.5,56.32,196.46,34.32,199.54,105.05,45.32,25.41,89.1,73.26,22.33
71.465,0.0,0.0,0.0,8.36,8.58,33.88,20.24,179.85,32.01,214.17,105.05,50.38,27.5,101.09,80.41,25.08
71.475,0.0,0.0,0.0,8.36,6.49,16.94,15.73,108.68,27.39,226.71,102.96,55.44,29.59,113.08,87.67,27.83
71.485,0.0,0.0,0.0,6.27,6.49,12.65,13.53,65.12,25.08,238.92,100.76,60.39,29.59,125.62,94.82,33.44
71.495,0.0,0.0,0.0,6.27,4.29,8.47,9.02,42.79,22.88,251.13,98.56,65.45,31.79,135.74,101.97,36.19
71.505,0.0,0.0,0.0,4.18,0.0,6.27,6.71,33.77,22.88,257.29,96.36,70.4,33.88,145.75,106.81,36.19
71.515,0.0,0.0,0.0,4.18,0.0,4.18,0.0,27.06,18.26,261.36,94.27,75.46,33.88,155.87,113.96,41.8
71.525,0.0,0.0,0.0,0.0,0.0,0.0,0.0,9.02,18.26,263.34,92.07,77.99,35.97,163.46,120.89,44.66
71.535,0.0,0.0,0.0,0.0,0.0,0.0,0.0,0.0,18.26,261.36,92.07,80.41,38.06,168.52,127.93,47.41
71.545,0.0,0.0,0.0,0.0,0.0,0.0,0.0,0.0,15.95,261.36,92.07,82.94,40.26,173.36,137.17,50.16
71.555,0.0,0.0,0.0,0.0,0.0,0.0,0.0,0.0,15.95,259.27,89.87,85.47,42.35,180.4,141.9,53.02
71.565,0.0,0.0,0.0,0.0,0.0,0.0,0.0,0.0,15.95,255.2,89.87,88.0,42.35,182.82,148.83,53.02
71.575,0.0,0.0,0.0,0.0,0.0,0.0,0.0,0.0,13.64,253.22,87.67,90.53,44.44,187.44,153.56,55.77
71.585,0.0,0.0,0.0,0.0,0.0,0.0,0.0,0.0,13.64,247.06,87.67,90.53,46.53,189.86,158.18,58.63
71.595,0.0,0.0,0.0,0.0,0.0,0.0,0.0,0.0,13.64,242.99,83.38,92.95,46.53,192.17,162.8,61.49
71.605,0.0,0.0,0.0,0.0,0.0,0.0,0.0,0.0,13.64,238.92,81.18,92.95,48.73,194.59,165.11,64.35
71.615,0.0,0.0,0.0,0.0,0.0,0.0,0.0,0.0,13.64,234.85,74.69,95.48,48.73,199.32,167.53,64.35
71.625,0.0,0.0,0.0,0.0,0.0,0.0,0.0,0.0,11.44,230.78,72.49,98.01,50.82,199.32,169.95,67.32
71.635,0.0,0.0,0.0,0.0,0.0,0.0,0.0,0.0,11.44,226.71,68.09,100.54,50.82,201.63,169.95,67.32
71.645,0.0,0.0,0.0,0.0,0.0,0.0,0.0,0.0,11.44,220.44,61.6,100.54,50.82,203.94,172.37,70.18
71.655,0.0,0.0,0.0,0.0,0.0,0.0,0.0,0.0,11.44,216.26,57.2,100.54,52.91,203.94,174.79,70.18
71.665,0.0,0.0,0.0,0.0,0.0,0.0,0.0,0.0,11.44,209.99,53.13,100.54,52.91,206.36,174.79,73.15
71.675,0.0,0.0,0.0,0.0,0.0,0.0,0.0,0.0,11.44,203.72,51.26,102.96,52.91,206.36,177.21,73.15
71.685,0.0,0.0,0.0,0.0,0.0,0.0,0.0,0.0,11.44,197.45,47.41,102.96,55.11,208.67,179.63,76.01
71.695,0.0,0.0,0.0,0.0,0.0,0.0,0.0,0.0,9.13,191.18,45.54,105.49,55.11,211.09,182.16,76.01
71.705,0.0,0.0,0.0,0.0,0.0,0.0,0.0,0.0,11.44,187.0,41.8,105.49,55.11,211.09,184.58,78.98
71.715,0.0,0.0,0.0,0.0,0.0,0.0,0.0,0.0,11.44,180.73,39.82,108.02,57.53,213.4,189.42,81.84
71.725,0.0,0.0,0.0,0.0,0.0,0.0,0.0,0.0,9.13,174.46,36.08,110.55,57.53,215.82,191.84,84.81
71.735,0.0,0.0,0.0,0.0,0.0,0.0,0.0,0.0,9.13,168.19,34.1,110.55,60.06,218.13,194.37,87.67
71.745,0.0,0.0,0.0,0.0,0.0,0.0,0.0,0.0,9.13,159.39,30.36,115.5,60.06,222.97,199.21,93.5
71.755,0.0,0.0,0.0,0.0,0.0,0.0,0.0,0.0,9.13,150.7,26.51,115.5,62.59,225.39,204.05,99.33
71.765,0.0,0.0,0.0,0.0,0.0,0.0,0.0,0.0,9.13,144.21,22.77,120.45,62.59,230.34,206.47,105.16
71.775,0.0,0.0,0.0,0.0,0.0,0.0,0.0,0.0,9.13,133.32,20.9,122.98,65.12,235.18,211.42,110.99
71.785,0.0,0.0,0.0,0.0,0.0,0.0,0.0,0.0,9.13,122.54,17.05,125.51,65.12,240.13,216.26,116.05
71.795,0.0,0.0,0.0,0.0,0.0,0.0,0.0,0.0,9.13,113.85,15.18,127.93,65.12,244.97,221.21,121.11
71.805,0.0,0.0,0.0,0.0,0.0,0.0,0.0,0.0,9.13,101.09,13.2,132.88,65.12,249.92,228.36,126.17
71.815,0.0,0.0,0.0,0.0,0.0,0.0,0.0,0.0,6.82,88.33,13.2,132.88,67.65,254.76,230.78,133.76
71.825,0.0,0.0,0.0,0.0,0.0,0.0,0.0,0.0,6.82,75.57,11.33,135.41,67.65,259.71,235.51,138.82
71.835,0.0,0.0,0.0,0.0,0.0,0.0,0.0,0.0,6.82,62.81,9.46,137.94,67.65,264.55,240.35,143.88
71.845,4.07,0.0,0.0,0.0,0.0,0.0,0.0,0.0,6.82,50.16,9.46,140.36,67.65,266.97,245.19,148.94
71.855,6.16,0.0,0.0,0.0,0.0,0.0,0.0,0.0,6.82,37.62,9.46,140.36,67.65,271.92,249.92,154.0
71.865,12.32,0.0,0.0,0.0,0.0,0.0,0.0,0.0,6.82,27.17,9.46,142.89,67.65,276.76,254.76,161.59
71.875,20.68,0.0,0.0,0.0,0.0,0.0,0.0,0.0,4.51,18.81,7.59,140.36,67.65,281.71,257.18,166.76
71.885,28.93,0.0,0.0,0.0,0.0,0.0,0.0,0.0,4.51,12.54,5.61,137.94,65.12,284.13,262.02,176.77
71.895,33.11,0.0,0.0,0.0,0.0,0.0,0.0,0.0,0.0,8.36,3.74,132.88,62.59,289.08,266.75,184.25
71.905,47.52,0.0,0.0,0.0,0.0,0.0,0.0,0.0,0.0,6.27,3.74,127.93,57.53,291.5,271.59,194.26
71.915,73.15,0.0,0.0,0.0,0.0,0.0,0.0,0.0,0.0,4.18,0.0,120.45,50.82,293.92,274.01,201.85
71.925,86.24,0.0,0.0,0.0,0.0,0.0,0.0,0.0,0.0,4.18,0.0,110.55,46.53,296.34,276.43,211.86
71.935,114.4,0.0,0.0,0.0,0.0,0.0,0.0,0.0,0.0,0.0,0.0,100.54,40.26,296.34,278.63,219.34
71.945,154.11,0.0,0.0,0.0,0.0,0.0,0.0,0.0,0.0,0.0,0.0,88.0,33.88,296.34,280.94,226.93
71.955,188.32,32.01,0.0,0.0,0.0,0.0,0.0,0.0,0.0,0.0,0.0,77.99,27.5,296.34,280.94,233.86
71.965,142.23,130.02,0.0,0.0,0.0,0.0,0.0,0.0,0.0,0.0,0.0,60.39,21.12,291.5,278.63,240.9
71.975,92.73,196.46,7.81,27.17,0.0,0.0,0.0,0.0,0.0,0.0,0.0,45.32,14.74,289.08,274.01,245.63
71.985,75.35,206.8,70.62,52.25,8.58,16.94,4.51,4.51,0.0,0.0,0.0,27.72,8.47,279.29,266.75,247.94
71.995,70.95,215.05,97.46,56.54,17.27,33.88,9.02,6.71,0.0,0.0,0.0,10.01,6.27,264.55,249.92,252.67
72.005,60.06,219.23,106.37,60.72,25.96,50.82,22.55,11.22,0.0,0.0,0.0,4.95,6.27,232.76,221.21,254.98
72.015,51.7,217.14,110.77,62.81,30.36,62.15,31.57,13.53,0.0,0.0,0.0,0.0,6.27,185.13,184.58,259.71
72.025,47.52,219.23,115.28,67.1,32.56,71.5,38.28,15.73,0.0,0.0,0.0,0.0,6.27,130.68,137.17,262.02
72.035,43.45,225.5,117.48,71.28,34.65,78.54,47.3,18.04,0.0,0.0,0.0,0.0,8.47,86.68,89.98,259.71
72.045,41.36,238.04,119.68,75.57,36.85,88.0,54.12,18.04,0.0,0.0,0.0,4.95,8.47,47.85,40.37,243.32
72.055,39.27,250.58,119.68,79.75,36.85,95.04,58.63,20.24,0.0,0.0,0.0,4.95,6.27,20.13,22.11,166.76
72.065,37.18,261.03,119.68,84.04,39.05,102.08,63.36,20.24,0.0,0.0,0.0,0.0,6.27,15.07,18.15,108.02
72.075,35.09,271.48,117.48,90.42,41.25,109.12,68.09,22.55,0.0,0.0,0.0,0.0,6.27,12.54,14.08,87.67
72.085,35.09,281.93,113.08,96.8,41.25,116.16,70.4,24.75,0.0,0.0,0.0,0.0,4.18,10.01,12.1,84.81
72.095,33.11,292.27,108.57,103.07,41.25,123.42,75.13,24.75,0.0,0.0,0.0,0.0,0.0,4.95,8.03,70.18
72.105,31.02,300.52,106.37,107.36,43.34,128.15,77.55,27.06,0.0,0.0,0.0,0.0,0.0,4.95,3.96,41.8
72.115,31.02,306.79,104.06,113.63,45.54,132.99,82.28,27.06,0.0,0.0,0.0,0.0,0.0,0.0,0.0,11.11
72.125,31.02,306.79,104.06,117.81,47.74,137.72,87.01,29.26,0.0,0.0,0.0,0.0,0.0,0.0,0.0,0.0
72.135,28.93,304.7,106.37,119.9,49.94,142.56,89.32,29.26,0.0,0.0,0.0,0.0,0.0,0.0,0.0,0.0
72.1449,28.93,302.61,106.37,123.97,49.94,147.29,94.05,31.57,0.0,0.0,0.0,0.0,0.0,0.0,0.0,0.0
72.1549,26.84,296.45,106.37,128.15,52.03,149.71,98.78,31.57,0.0,0.0,0.0,0.0,0.0,0.0,0.0,0.0
72.1649,26.84,292.27,104.06,132.33,54.23,154.55,101.2,33.77,0.0,0.0,0.0,0.0,0.0,0.0,0.0,0.0
72.1749,24.75,286.11,99.66,136.4,56.43,156.97,103.51,33.77,0.0,0.0,0.0,0.0,0.0,0.0,0.0,0.0
72.1849,24.75,279.95,95.15,140.58,56.43,161.7,105.93,33.77,0.0,0.0,0.0,0.0,0.0,0.0,0.0,0.0
72.1949,22.77,273.57,88.55,142.67,58.63,164.12,108.24,33.77,0.0,0.0,0.0,0.0,0.0,0.0,0.0,0.0
72.2049,22.77,267.3,81.84,146.74,58.63,166.54,110.66,36.08,0.0,0.0,0.0,0.0,0.0,0.0,0.0,0.0
72.2149,22.77,261.03,75.13,150.92,60.72,168.96,113.08,36.08,0.0,0.0,0.0,0.0,0.0,0.0,0.0,0.0
72.2249,22.77,252.67,70.62,153.01,62.92,171.16,115.28,36.08,0.0,0.0,0.0,0.0,0.0,0.0,0.0,0.0
72.2349,20.68,244.31,68.42,157.08,62.92,173.47,117.59,38.28,0.0,0.0,0.0,0.0,0.0,0.0,0.0,0.0
72.2449,20.68,238.04,64.02,161.26,65.01,175.78,119.79,38.28,0.0,0.0,0.0,0.0,0.0,0.0,0.0,0.0
72.2549,20.68,229.68,59.51,165.44,67.21,178.09,122.1,38.28,0.0,0.0,0.0,0.0,0.0,0.0,0.0,0.0
72.2649,20.68,223.41,55.11,167.53,67.21,182.71,124.41,40.59,0.0,0.0,0.0,0.0,0.0,0.0,0.0,0.0
72.2749,18.59,215.05,49.17,171.71,69.3,184.91,126.61,40.59,0.0,0.0,0.0,0.0,0.0,0.0,0.0,0.0
72.2849,18.59,206.8,43.23,178.09,69.3,187.22,128.92,40.59,0.0,0.0,0.0,0.0,0.0,0.0,0.0,0.0
72.2949,18.59,198.55,37.29,182.38,71.5,191.84,131.23,42.79,0.0,0.0,0.0,0.0,0.0,0.0,0.0,0.0
72.3049,18.59,190.19,31.46,186.56,71.5,194.15,133.43,42.79,0.0,0.0,0.0,0.0,0.0,0.0,0.0,0.0
72.3149,16.5,181.94,27.5,192.94,73.59,198.66,137.94,45.1,0.0,0.0,0.0,0.0,0.0,0.0,0.0,0.0
72.3249,16.5,173.69,23.54,199.32,73.59,203.28,140.25,45.1,0.0,0.0,0.0,0.0,0.0,0.0,0.0,0.0
72.3349,16.5,163.02,19.58,205.7,75.79,207.9,144.76,47.3,0.0,0.0,0.0,0.0,0.0,0.0,0.0,0.0
72.3449,16.5,154.22,15.73,212.08,75.79,212.41,147.07,47.3,0.0,0.0,0.0,0.0,0.0,0.0,0.0,0.0
72.3549,14.41,143.22,13.75,218.46,77.88,219.34,151.58,49.61,0.0,0.0,0.0,0.0,0.0,0.0,0.0,0.0
72.3649,14.41,132.22,11.77,224.84,75.79,223.96,153.89,49.61,0.0,0.0,0.0,0.0,0.0,0.0,0.0,0.0
72.3749,14.41,119.02,9.79,230.56,77.88,228.47,156.09,51.81,0.0,0.0,0.0,0.0,0.0,0.0,0.0,0.0
72.3849,14.41,108.13,7.81,236.28,77.88,235.4,158.4,54.12,0.0,0.0,0.0,0.0,0.0,0.0,0.0,0.0
72.3949,12.32,96.25,7.81,242.0,77.88,240.02,162.91,54.12,0.0,0.0,0.0,0.0,0.0,0.0,0.0,0.0
72.4049,12.32,84.37,7.81,247.72,75.79,244.64,165.22,56.32,0.0,0.0,0.0,0.0,0.0,0.0,0.0,0.0
72.4149,12.32,72.38,7.81,251.57,75.79,249.26,167.53,58.63,0.0,0.0,0.0,0.0,0.0,0.0,0.0,0.0
72.4249,12.32,58.52,5.83,257.29,75.79,256.19,169.84,58.63,0.0,0.0,0.0,0.0,0.0,0.0,0.0,0.0
72.4349,10.34,47.08,5.83,261.14,75.79,260.81,174.46,60.72,0.0,0.0,0.0,0.0,0.0,0.0,0.0,0.0
72.4449,10.34,35.75,5.83,263.01,75.79,265.43,176.77,62.92,0.0,0.0,0.0,0.0,0.0,0.0,0.0,0.0
72.4549,8.25,24.42,3.85,264.88,75.79,272.36,181.5,65.12,0.0,0.0,0.0,0.0,0.0,0.0,0.0,0.0
72.4649,6.16,15.07,3.85,263.01,75.79,276.98,186.12,67.32,0.0,0.0,0.0,0.0,0.0,0.0,0.0,0.0
72.4749,6.16,13.09,3.85,257.29,71.5,283.69,188.43,69.41,11.44,0.0,0.0,0.0,0.0,0.0,0.0,0.0
72.4849,4.07,9.35,0.0,249.59,67.21,290.29,193.05,73.81,20.57,0.0,0.0,0.0,0.0,0.0,0.0,0.0
72.4949,4.07,7.48,0.0,242.0,62.92,296.89,195.47,78.21,25.08,0.0,0.0,0.0,0.0,0.0,0.0,0.0
72.5049,0.0,7.48,0.0,234.3,56.43,303.49,197.78,82.5,32.01,0.0,0.0,0.0,0.0,0.0,0.0,0.0
72.5149,0.0,5.61,0.0,224.84,52.03,310.2,197.78,89.1,54.89,0.0,0.0,0.0,0.0,0.0,0.0,0.0
72.5249,0.0,3.74,0.0,214.17,45.54,314.6,200.09,93.39,83.38,0.0,0.0,0.0,0.0,0.0,0.0,0.0
72.5349,0.0,3.74,0.0,201.41,36.85,319.0,197.78,99.99,97.79,0.0,0.0,0.0,0.0,0.0,0.0,0.0
72.5449,0.0,0.0,0.0,186.56,30.36,321.2,197.78,104.28,137.17,0.0,0.0,0.0,0.0,0.0,0.0,0.0
72.5549,0.0,0.0,0.0,167.53,23.87,321.2,197.78,110.88,187.77,14.63,9.46,0.0,0.0,0.0,0.0,0.0
72.5649,0.0,0.0,0.0,144.76,15.18,321.2,195.47,119.9,112.09,77.66,70.29,10.01,8.47,4.95,10.01,0.0
72.5749,0.0,0.0,0.0,119.9,10.78,319.0,190.74,126.83,78.65,126.83,100.76,20.13,14.74,25.19,28.27,11.11
72.5849,0.0,0.0,0.0,90.42,8.58,312.4,176.77,135.96,76.23,137.72,116.05,22.66,21.12,37.73,46.42,0.0
72.5949,0.0,0.0,0.0,54.34,8.58,294.69,153.89,145.09,64.35,137.72,125.29,25.19,23.21,47.85,58.85,16.72
72.6049,0.0,0.0,0.0,22.99,8.58,260.81,122.1,158.84,52.58,144.21,125.29,27.72,25.41,60.28,70.84,19.47
72.6149,0.0,0.0,0.0,16.72,8.58,184.91,84.59,177.43,43.45,150.7,125.29,30.14,27.5,69.85,85.25,22.33
72.6249,0.0,0.0,0.0,12.54,8.58,104.39,45.1,191.73,36.52,159.39,127.6,32.67,31.79,79.53,97.24,25.08
72.6349,0.0,0.0,0.0,10.45,8.58,55.11,20.24,177.43,34.32,168.19,134.53,35.2,33.88,86.68,111.65,30.69
72.6449,0.0,0.0,0.0,10.45,6.49,23.21,15.73,122.21,32.01,176.55,141.35,35.2,35.97,96.25,123.2,33.44
72.6549,0.0,0.0,0.0,8.36,6.49,14.74,13.53,78.21,32.01,184.91,148.28,37.73,38.06,103.4,134.86,39.05
72.6649,0.0,0.0,0.0,6.27,4.29,10.56,9.02,56.32,29.7,191.18,150.59,40.26,40.26,110.66,146.52,41.8
72.6749,0.0,0.0,0.0,6.27,4.29,8.47,6.71,42.79,27.39,197.45,155.21,42.79,42.35,115.5,155.87,47.41
72.6849,0.0,0.0,0.0,4.18,0.0,4.18,4.51,31.57,27.39,201.63,157.52,45.32,44.44,123.09,162.8,53.02
72.6949,0.0,0.0,0.0,4.18,0.0,0.0,0.0,13.53,25.08,203.72,157.52,45.32,44.44,128.15,169.95,58.63
72.7049,0.0,0.0,0.0,0.0,0.0,0.0,0.0,0.0,22.88,205.81,157.52,50.38,46.53,133.21,177.21,67.32
72.7149,0.0,0.0,0.0,0.0,0.0,0.0,0.0,0.0,22.88,205.81,152.9,52.91,48.73,138.27,184.58,73.15
72.7249,0.0,0.0,0.0,0.0,0.0,0.0,0.0,0.0,20.57,205.81,150.59,55.44,50.82,143.22,189.42,78.98
72.7349,0.0,0.0,0.0,0.0,0.0,0.0,0.0,0.0,20.57,203.72,145.97,55.44,52.91,145.75,194.37,84.81
72.7449,0.0,0.0,0.0,0.0,0.0,0.0,0.0,0.0,18.26,201.63,143.66,60.39,52.91,150.81,199.21,93.5
72.7549,0.0,0.0,0.0,0.0,0.0,0.0,0.0,0.0,18.26,195.36,139.15,60.39,55.11,155.87,206.47,96.36
72.7649,0.0,0.0,0.0,0.0,0.0,0.0,0.0,0.0,18.26,191.18,132.22,62.92,57.53,158.4,209.0,102.19
72.7749,0.0,0.0,0.0,0.0,0.0,0.0,0.0,0.0,15.95,187.0,127.6,65.45,57.53,160.93,211.42,105.16
72.7849,0.0,0.0,0.0,0.0,0.0,0.0,0.0,0.0,15.95,182.82,122.98,65.45,60.06,163.46,213.84,108.02
72.7949,0.0,0.0,0.0,0.0,0.0,0.0,0.0,0.0,15.95,180.73,118.36,67.98,60.06,165.99,216.26,110.99
72.8049,0.0,0.0,0.0,0.0,0.0,0.0,0.0,0.0,13.64,176.55,111.65,70.4,62.59,168.52,218.68,113.52
72.8149,0.0,0.0,0.0,0.0,0.0,0.0,0.0,0.0,15.95,170.28,107.25,70.4,65.12,171.05,223.52,113.52
72.8249,0.0,0.0,0.0,0.0,0.0,0.0,0.0,0.0,13.64,163.79,102.96,72.93,65.12,171.05,225.94,116.05
72.8349,0.0,0.0,0.0,0.0,0.0,0.0,0.0,0.0,13.64,157.3,100.76,72.93,67.65,173.36,228.36,118.58
72.8449,0.0,0.0,0.0,0.0,0.0,0.0,0.0,0.0,13.64,152.9,96.36,72.93,67.65,175.67,230.78,121.11
72.8549,0.0,0.0,0.0,0.0,0.0,0.0,0.0,0.0,13.64,146.41,92.07,75.46,70.18,178.09,235.51,123.64
72.8649,0.0,0.0,0.0,0.0,0.0,0.0,0.0,0.0,13.64,142.01,87.67,75.46,70.18,180.4,237.93,126.17
72.8749,0.0,0.0,0.0,0.0,0.0,0.0,0.0,0.0,13.64,135.52,83.38,77.99,72.71,180.4,240.35,128.7
72.8849,0.0,0.0,0.0,0.0,0.0,0.0,0.0,0.0,11.44,131.23,76.78,80.41,75.24,182.82,245.19,131.23
72.8949,0.0,0.0,0.0,0.0,0.0,0.0,0.0,0.0,11.44,124.63,72.49,82.94,75.24,187.44,247.61,133.76
72.9049,0.0,0.0,0.0,0.0,0.0,0.0,0.0,0.0,11.44,120.34,65.89,82.94,75.24,189.86,252.34,138.82
72.9149,0.0,0.0,0.0,0.0,0.0,0.0,0.0,0.0,11.44,113.85,59.4,85.47,77.77,194.59,257.18,141.35
72.9249,0.0,0.0,0.0,0.0,0.0,0.0,0.0,0.0,11.44,107.47,53.13,88.0,80.3,196.9,259.6,146.41
72.9349,0.0,0.0,0.0,0.0,0.0,0.0,0.0,0.0,11.44,103.18,47.41,90.53,80.3,201.63,264.33,151.47
72.9449,0.0,0.0,0.0,0.0,0.0,0.0,0.0,0.0,11.44,96.8,43.67,92.95,82.83,203.94,269.17,154.0
72.9549,0.0,0.0,0.0,0.0,0.0,0.0,0.0,0.0,11.44,90.42,37.95,95.48,85.25,208.67,274.01,159.06
72.9649,0.0,0.0,0.0,0.0,0.0,0.0,0.0,0.0,11.44,84.04,32.23,95.48,85.25,211.09,278.63,161.59
72.9749,0.0,0.0,0.0,0.0,0.0,0.0,0.0,0.0,9.13,75.57,28.49,98.01,85.25,215.82,280.94,164.12
72.9849,0.0,0.0,0.0,0.0,0.0,0.0,0.0,0.0,9.13,67.1,22.77,100.54,85.25,220.55,285.56,169.18
72.9949,0.0,0.0,0.0,0.0,0.0,0.0,0.0,0.0,9.13,58.63,18.92,102.96,85.25,222.97,287.87,174.24
73.0049,0.0,0.0,0.0,0.0,0.0,0.0,0.0,0.0,9.13,45.98,15.18,105.49,85.25,227.81,292.49,179.19
73.0149,0.0,0.0,0.0,0.0,0.0,0.0,0.0,0.0,9.13,33.44,15.18,108.02,85.25,232.76,294.8,181.72
73.0249,0.0,0.0,0.0,0.0,0.0,0.0,0.0,0.0,6.82,25.08,13.2,108.02,85.25,237.6,299.31,186.78
73.0349,6.16,0.0,0.0,0.0,0.0,0.0,0.0,0.0,6.82,16.72,9.46,108.02,82.83,240.13,303.93,194.26
73.0449,14.41,0.0,0.0,0.0,0.0,0.0,0.0,0.0,4.51,10.45,7.59,105.49,80.3,244.97,306.24,199.32
73.0549,20.68,0.0,0.0,0.0,0.0,0.0,0.0,0.0,0.0,6.27,5.61,102.96,77.77,247.39,310.86,209.33
73.0649,28.93,0.0,0.0,0.0,0.0,0.0,0.0,0.0,0.0,6.27,5.61,98.01,72.71,252.34,315.37,216.81
73.0749,28.93,0.0,0.0,0.0,0.0,0.0,0.0,0.0,0.0,4.18,3.74,90.53,65.12,254.76,317.68,224.4
73.0849,47.52,0.0,0.0,0.0,0.0,0.0,0.0,0.0,0.0,4.18,3.74,85.47,60.06,259.71,319.99,233.86
73.0949,64.46,0.0,0.0,0.0,0.0,0.0,0.0,0.0,0.0,0.0,0.0,77.99,52.91,262.13,322.3,240.9
73.1049,81.84,0.0,0.0,0.0,0.0,0.0,0.0,0.0,0.0,0.0,0.0,70.4,44.44,262.13,324.61,247.94
73.1149,110.22,0.0,0.0,0.0,0.0,0.0,0.0,0.0,0.0,0.0,0.0,60.39,38.06,262.13,326.92,254.98
73.1249,154.11,0.0,0.0,0.0,0.0,0.0,0.0,0.0,0.0,0.0,0.0,50.38,31.79,259.71,326.92,262.02
73.1349,152.13,72.38,0.0,0.0,0.0,0.0,0.0,0.0,0.0,0.0,0.0,37.73,25.41,257.18,324.61,269.06
73.1449,110.22,160.82,15.73,35.53,0.0,0.0,0.0,0.0,0.0,0.0,0.0,22.66,19.03,254.76,319.99,273.79
73.1549,103.62,179.85,70.62,52.25,8.58,16.94,4.51,0.0,0.0,0.0,0.0,10.01,10.56,244.97,313.17,276.1
73.1649,94.93,192.28,88.55,58.63,15.18,33.88,9.02,6.71,0.0,0.0,0.0,0.0,6.27,230.34,297.0,280.94
73.1749,81.84,194.37,95.15,62.81,23.87,48.73,15.73,9.02,0.0,0.0,0.0,0.0,6.27,199.32,269.17,283.47
73.1849,70.95,194.37,95.15,67.1,25.96,59.73,22.55,9.02,0.0,0.0,0.0,0.0,6.27,163.46,235.51,286.0
73.1949,60.06,200.64,90.75,71.28,28.16,71.5,29.26,11.22,0.0,0.0,0.0,0.0,6.27,118.03,187.0,283.47
73.2049,53.79,210.98,86.24,77.66,30.36,80.85,36.08,13.53,0.0,0.0,0.0,0.0,8.47,84.26,132.55,280.94
73.2149,49.61,223.41,81.84,84.04,32.56,90.31,42.79,15.73,0.0,0.0,0.0,0.0,8.47,55.44,75.68,271.48
73.2249,45.54,231.77,81.84,88.33,36.85,97.35,47.3,18.04,0.0,0.0,0.0,0.0,8.47,22.66,28.27,231.55
73.2349,43.45,235.95,84.04,94.6,39.05,104.39,54.12,20.24,0.0,0.0,0.0,0.0,8.47,15.07,20.13,146.41
73.2449,41.36,244.31,84.04,100.98,41.25,111.43,60.94,20.24,0.0,0.0,0.0,0.0,6.27,12.54,18.15,108.02
73.2549,39.27,252.67,81.84,107.36,43.34,118.58,65.67,22.55,0.0,0.0,0.0,0.0,4.18,10.01,14.08,93.5
73.2649,37.18,258.94,79.53,113.63,45.54,125.73,70.4,24.75,0.0,0.0,0.0,0.0,4.18,7.48,12.1,87.67
73.2749,35.09,263.12,79.53,117.81,47.74,132.99,77.55,24.75,0.0,0.0,0.0,0.0,0.0,4.95,8.03,64.35
73.2849,35.09,265.21,81.84,123.97,49.94,137.72,82.28,27.06,0.0,0.0,0.0,0.0,0.0,0.0,3.96,30.69
73.2949,35.09,265.21,84.04,128.15,52.03,144.98,89.32,27.06,0.0,0.0,0.0,0.0,0.0,0.0,0.0,8.36
73.3049,33.11,265.21,86.24,132.33,54.23,149.71,94.05,29.26,0.0,0.0,0.0,0.0,0.0,0.0,0.0,0.0
73.3149,31.02,265.21,86.24,136.4,56.43,154.55,98.78,31.57,0.0,0.0,0.0,0.0,0.0,0.0,0.0,0.0
73.3249,31.02,263.12,84.04,142.67,58.63,159.28,103.51,33.77,0.0,0.0,0.0,0.0,0.0,0.0,0.0,0.0
73.3349,28.93,261.03,79.53,148.83,60.72,166.54,105.93,33.77,0.0,0.0,0.0,0.0,0.0,0.0,0.0,0.0
73.3449,26.84,256.85,75.13,155.1,60.72,171.16,110.66,36.08,0.0,0.0,0.0,0.0,0.0,0.0,0.0,0.0
73.3549,26.84,250.58,68.42,161.26,62.92,175.78,113.08,36.08,0.0,0.0,0.0,0.0,0.0,0.0,0.0,0.0
73.3649,24.75,244.31,64.02,167.53,65.01,180.4,115.28,38.28,0.0,0.0,0.0,0.0,0.0,0.0,0.0,0.0
73.3749,24.75,235.95,57.31,171.71,67.21,184.91,119.79,38.28,0.0,0.0,0.0,0.0,0.0,0.0,0.0,0.0
73.3849,22.77,229.68,53.13,178.09,67.21,187.22,122.1,38.28,0.0,0.0,0.0,0.0,0.0,0.0,0.0,0.0
73.3949,22.77,223.41,49.17,182.38,69.3,191.84,124.41,40.59,0.0,0.0,0.0,0.0,0.0,0.0,0.0,0.0
73.4049,20.68,215.05,43.23,188.65,69.3,196.46,126.61,40.59,0.0,0.0,0.0,0.0,0.0,0.0,0.0,0.0
73.4149,20.68,206.8,39.27,192.94,71.5,198.66,131.23,42.79,0.0,0.0,0.0,0.0,0.0,0.0,0.0,0.0
73.4249,18.59,198.55,35.42,199.32,73.59,203.28,133.43,42.79,0.0,0.0,0.0,0.0,0.0,0.0,0.0,0.0
73.4349,18.59,188.21,29.48,203.61,73.59,205.59,135.74,42.79,0.0,0.0,0.0,0.0,0.0,0.0,0.0,0.0
73.4449,18.59,179.85,25.52,207.79,75.79,210.21,137.94,45.1,0.0,0.0,0.0,0.0,0.0,0.0,0.0,0.0
73.4549,16.5,169.51,21.56,212.08,75.79,212.41,140.25,45.1,0.0,0.0,0.0,0.0,0.0,0.0,0.0,0.0
73.4649,16.5,156.42,17.71,218.46,75.79,217.03,144.76,47.3,0.0,0.0,0.0,0.0,0.0,0.0,0.0,0.0
73.4749,16.5,145.42,15.73,222.64,77.88,219.34,147.07,47.3,0.0,0.0,0.0,0.0,0.0,0.0,0.0,0.0
73.4849,14.41,132.22,11.77,226.71,77.88,223.96,149.38,47.3,0.0,0.0,0.0,0.0,0.0,0.0,0.0,0.0
73.4949,14.41,119.02,11.77,230.56,77.88,228.47,151.58,49.61,0.0,0.0,0.0,0.0,0.0,0.0,0.0,0.0
73.5049,14.41,106.15,9.79,236.28,77.88,230.78,153.89,51.81,0.0,0.0,0.0,0.0,0.0,0.0,0.0,0.0
73.5149,12.32,94.27,7.81,240.02,77.88,235.4,156.09,51.81,0.0,0.0,0.0,0.0,0.0,0.0,0.0,0.0
73.5249,12.32,82.28,7.81,243.87,77.88,240.02,160.71,54.12,0.0,0.0,0.0,0.0,0.0,0.0,0.0,0.0
73.5349,12.32,72.38,7.81,247.72,80.08,244.64,162.91,54.12,0.0,0.0,0.0,0.0,0.0,0.0,0.0,0.0
73.5449,12.32,60.5,5.83,253.44,77.88,249.26,165.22,56.32,0.0,0.0,0.0,0.0,0.0,0.0,0.0,0.0
73.5549,10.34,50.82,5.83,257.29,77.88,253.88,167.53,56.32,0.0,0.0,0.0,0.0,0.0,0.0,0.0,0.0
73.5649,10.34,41.36,5.83,259.16,77.88,258.5,169.84,58.63,0.0,0.0,0.0,0.0,0.0,0.0,0.0,0.0
73.5748,10.34,32.01,3.85,263.01,77.88,263.12,174.46,60.72,0.0,0.0,0.0,0.0,0.0,0.0,0.0,0.0
73.5848,8.25,24.42,3.85,263.01,80.08,267.74,176.77,60.72,0.0,0.0,0.0,0.0,0.0,0.0,0.0,0.0
73.5948,8.25,16.94,3.85,261.14,80.08,272.36,181.5,62.92,0.0,0.0,0.0,0.0,0.0,0.0,0.0,0.0
73.6048,6.16,13.09,3.85,255.31,77.88,276.98,186.12,65.12,0.0,0.0,0.0,0.0,0.0,0.0,0.0,0.0
73.6148,6.16,11.22,0.0,249.59,75.79,279.29,190.74,69.41,27.39,0.0,0.0,0.0,0.0,0.0,0.0,0.0
73.6248,4.07,7.48,0.0,242.0,73.59,283.69,195.47,71.61,15.95,0.0,0.0,0.0,0.0,0.0,0.0,0.0
73.6348,4.07,7.48,0.0,232.43,69.3,288.09,197.78,76.01,22.88,0.0,0.0,0.0,0.0,0.0,0.0,0.0
73.6448,0.0,5.61,0.0,222.64,65.01,292.49,202.4,82.5,29.7,0.0,0.0,0.0,0.0,0.0,0.0,0.0
73.6548,0.0,3.74,0.0,212.08,60.72,296.89,204.71,86.9,36.52,0.0,0.0,0.0,0.0,0.0,0.0,0.0
73.6648,0.0,3.74,0.0,201.41,56.43,301.29,207.02,91.19,45.76,0.0,0.0,0.0,0.0,0.0,0.0,0.0
73.6748,0.0,3.74,0.0,192.94,49.94,303.49,207.02,95.59,76.23,0.0,0.0,0.0,0.0,0.0,0.0,0.0
73.6848,0.0,0.0,0.0,180.18,43.34,305.8,207.02,102.08,132.66,0.0,0.0,0.0,0.0,0.0,0.0,0.0
73.6948,0.0,0.0,0.0,167.53,36.85,308.0,207.02,106.48,180.73,10.45,7.59,0.0,0.0,0.0,0.0,0.0
73.7048,0.0,0.0,0.0,148.83,30.36,308.0,204.71,110.88,116.71,62.81,61.6,0.0,0.0,0.0,0.0,0.0
73.7148,0.0,0.0,0.0,130.24,21.67,305.8,204.71,117.59,54.89,126.83,94.27,17.6,14.74,15.07,26.18,5.5
73.7248,0.0,0.0,0.0,105.27,15.18,301.29,200.09,124.52,47.96,157.3,107.25,22.66,16.94,30.14,36.3,8.36
73.7348,0.0,0.0,0.0,77.66,8.58,292.49,193.05,131.34,41.14,157.3,116.05,25.19,21.12,37.73,48.4,11.11
73.7448,0.0,0.0,0.0,41.8,8.58,272.36,172.15,142.78,32.01,165.99,113.85,27.72,23.21,55.44,58.85,13.86
73.7548,0.0,0.0,0.0,18.81,8.58,237.71,144.76,154.33,22.88,172.37,109.45,32.67,25.41,69.85,70.84,19.47
73.7648,0.0,0.0,0.0,14.63,8.58,164.12,103.51,170.39,20.57,176.55,111.65,37.73,27.5,81.84,82.83,22.33
73.7748,0.0,0.0,0.0,12.54,8.58,97.35,60.94,184.58,18.26,182.82,113.85,40.26,29.59,91.41,92.4,25.08
73.7848,0.0,0.0,0.0,10.45,6.49,55.11,27.06,187.0,15.95,189.09,118.36,45.32,31.79,101.09,104.39,27.83
73.7948,0.0,0.0,0.0,8.36,6.49,23.21,18.04,135.96,15.95,195.36,122.98,47.85,33.88,110.66,113.96,33.44
73.8048,0.0,0.0,0.0,8.36,4.29,14.74,13.53,82.5,15.95,199.54,127.6,50.38,35.97,118.03,125.62,36.19
73.8148,0.0,0.0,0.0,6.27,4.29,10.56,11.22,51.81,13.64,203.72,129.91,52.91,38.06,128.15,134.86,39.05
73.8248,0.0,0.0,0.0,6.27,0.0,8.47,6.71,38.28,13.64,207.9,129.91,55.44,40.26,135.74,144.21,41.8
73.8348,0.0,0.0,0.0,4.18,0.0,4.18,4.51,31.57,13.64,209.99,129.91,57.97,42.35,140.8,153.56,47.41
73.8448,0.0,0.0,0.0,4.18,0.0,0.0,0.0,20.24,13.64,209.99,129.91,62.92,44.44,148.28,160.49,50.16
73.8548,0.0,0.0,0.0,0.0,0.0,0.0,0.0,4.51,13.64,209.99,127.6,65.45,46.53,155.87,169.95,53.02
73.8648,0.0,0.0,0.0,0.0,0.0,0.0,0.0,0.0,13.64,207.9,122.98,67.98,48.73,163.46,177.21,61.49
73.8748,0.0,0.0,0.0,0.0,0.0,0.0,0.0,0.0,13.64,205.81,120.67,70.4,48.73,168.52,184.58,67.32
73.8848,0.0,0.0,0.0,0.0,0.0,0.0,0.0,0.0,11.44,201.63,116.05,72.93,50.82,173.36,191.84,73.15
73.8948,0.0,0.0,0.0,0.0,0.0,0.0,0.0,0.0,11.44,197.45,111.65,75.46,52.91,178.09,196.79,78.98
73.9048,0.0,0.0,0.0,0.0,0.0,0.0,0.0,0.0,11.44,193.27,107.25,80.41,55.11,182.82,201.63,84.81
73.9148,0.0,0.0,0.0,0.0,0.0,0.0,0.0,0.0,11.44,187.0,100.76,80.41,57.53,187.44,206.47,90.53
73.9248,0.0,0.0,0.0,0.0,0.0,0.0,0.0,0.0,11.44,182.82,96.36,82.94,57.53,189.86,211.42,96.36
73.9348,0.0,0.0,0.0,0.0,0.0,0.0,0.0,0.0,11.44,176.55,89.87,85.47,60.06,194.59,216.26,99.33
73.9448,0.0,0.0,0.0,0.0,0.0,0.0,0.0,0.0,11.44,170.28,83.38,88.0,60.06,196.9,221.21,105.16
73.9548,0.0,0.0,0.0,0.0,0.0,0.0,0.0,0.0,11.44,165.99,78.98,90.53,62.59,199.32,223.52,108.02
73.9648,0.0,0.0,0.0,0.0,0.0,0.0,0.0,0.0,9.13,159.39,72.49,92.95,65.12,203.94,228.36,110.99
73.9748,0.0,0.0,0.0,0.0,0.0,0.0,0.0,0.0,9.13,152.9,68.09,92.95,65.12,206.36,230.78,116.05
73.9848,0.0,0.0,0.0,0.0,0.0,0.0,0.0,0.0,9.13,146.41,61.6,95.48,67.65,208.67,233.2,118.58
73.9948,0.0,0.0,0.0,0.0,0.0,0.0,0.0,0.0,11.44,139.92,57.2,98.01,70.18,211.09,235.51,121.11
74.0048,0.0,0.0,0.0,0.0,0.0,0.0,0.0,0.0,11.44,133.32,51.26,100.54,70.18,213.4,240.35,126.17
74.0148,0.0,0.0,0.0,0.0,0.0,0.0,0.0,0.0,9.13,126.83,47.41,100.54,70.18,215.82,242.77,126.17
74.0248,0.0,0.0,0.0,0.0,0.0,0.0,0.0,0.0,9.13,120.34,41.8,102.96,72.71,218.13,245.19,131.23
74.0348,0.0,0.0,0.0,0.0,0.0,0.0,0.0,0.0,9.13,113.85,37.95,102.96,72.71,218.13,249.92,133.76
74.0448,0.0,0.0,0.0,0.0,0.0,0.0,0.0,0.0,11.44,109.56,34.1,105.49,72.71,222.97,252.34,136.29
74.0548,0.0,0.0,0.0,0.0,0.0,0.0,0.0,0.0,9.13,101.09,30.36,108.02,75.24,225.39,257.18,141.35
74.0648,0.0,0.0,0.0,0.0,0.0,0.0,0.0,0.0,9.13,94.71,26.51,108.02,75.24,227.81,259.6,143.88
74.0748,0.0,0.0,0.0,0.0,0.0,0.0,0.0,0.0,9.13,86.13,22.77,110.55,75.24,230.34,264.33,146.41
74.0848,0.0,0.0,0.0,0.0,0.0,0.0,0.0,0.0,9.13,79.86,18.92,110.55,75.24,235.18,269.17,151.47
74.0948,0.0,0.0,0.0,0.0,0.0,0.0,0.0,0.0,9.13,69.19,15.18,115.5,75.24,237.6,271.59,154.0
74.1048,0.0,0.0,0.0,0.0,0.0,0.0,0.0,0.0,9.13,60.72,15.18,118.03,75.24,242.55,274.01,159.06
74.1148,0.0,0.0,0.0,0.0,0.0,0.0,0.0,0.0,9.13,50.16,13.2,120.45,75.24,247.39,276.43,161.59
74.1248,0.0,0.0,0.0,0.0,0.0,0.0,0.0,0.0,6.82,39.71,11.33,122.98,72.71,252.34,280.94,166.76
74.1348,0.0,0.0,0.0,0.0,0.0,0.0,0.0,0.0,6.82,31.35,11.33,125.51,72.71,257.18,283.25,171.71
74.1448,0.0,0.0,0.0,0.0,0.0,0.0,0.0,0.0,6.82,22.99,9.46,125.51,72.71,262.13,285.56,174.24
74.1548,0.0,0.0,0.0,0.0,0.0,0.0,0.0,0.0,4.51,16.72,9.46,122.98,72.71,264.55,290.18,181.72
74.1648,0.0,0.0,0.0,0.0,0.0,0.0,0.0,0.0,4.51,12.54,7.59,122.98,70.18,269.5,292.49,186.78
74.1748,0.0,0.0,0.0,0.0,0.0,0.0,0.0,0.0,0.0,8.36,5.61,118.03,70.18,271.92,297.0,194.26
74.1848,0.0,0.0,0.0,0.0,0.0,0.0,0.0,0.0,0.0,6.27,5.61,115.5,65.12,274.34,301.62,201.85
74.1948,8.25,0.0,0.0,0.0,0.0,0.0,0.0,0.0,0.0,6.27,3.74,108.02,62.59,276.76,306.24,209.33
74.2048,16.5,0.0,0.0,0.0,0.0,0.0,0.0,0.0,0.0,4.18,3.74,102.96,57.53,279.29,308.55,216.81
74.2148,26.84,0.0,0.0,0.0,0.0,0.0,0.0,0.0,0.0,0.0,0.0,98.01,50.82,281.71,310.86,226.93
74.2248,31.02,0.0,0.0,0.0,0.0,0.0,0.0,0.0,0.0,0.0,0.0,90.53,44.44,284.13,315.37,233.86
74.2348,43.45,0.0,0.0,0.0,0.0,0.0,0.0,0.0,0.0,0.0,0.0,82.94,38.06,286.55,317.68,240.9
74.2448,70.95,0.0,0.0,0.0,0.0,0.0,0.0,0.0,0.0,0.0,0.0,72.93,33.88,286.55,317.68,247.94
74.2548,90.53,0.0,0.0,0.0,0.0,0.0,0.0,0.0,0.0,0.0,0.0,62.92,27.5,289.08,319.99,254.98
74.2648,122.32,0.0,0.0,0.0,0.0,0.0,0.0,0.0,0.0,0.0,0.0,52.91,21.12,286.55,319.99,259.71
74.2748,170.06,0.0,0.0,0.0,0.0,0.0,0.0,0.0,0.0,0.0,0.0,40.26,16.94,284.13,315.37,266.75
74.2848,190.3,60.5,0.0,0.0,0.0,0.0,0.0,0.0,0.0,0.0,0.0,25.19,10.56,279.29,310.86,271.48
74.2948,134.2,167.53,3.85,0.0,0.0,0.0,0.0,0.0,0.0,0.0,0.0,12.54,6.27,271.92,303.93,273.79
74.3048,81.84,208.89,66.22,39.71,0.0,0.0,0.0,0.0,0.0,0.0,0.0,4.95,6.27,257.18,285.56,278.52
74.3148,62.26,233.86,104.06,58.63,10.78,25.41,6.71,4.51,0.0,0.0,0.0,0.0,6.27,230.34,262.02,280.94
74.3248,53.79,238.04,119.68,65.01,17.27,46.53,13.53,9.02,0.0,0.0,0.0,0.0,6.27,196.9,223.52,280.94
74.3348,45.54,233.86,126.28,67.1,23.87,62.15,24.75,11.22,0.0,0.0,0.0,0.0,8.47,153.34,174.79,283.47
74.3448,39.27,233.86,128.48,71.28,25.96,73.81,36.08,13.53,0.0,0.0,0.0,0.0,8.47,105.82,120.89,280.94
74.3548,35.09,240.13,130.68,75.57,28.16,83.27,45.1,15.73,0.0,0.0,0.0,0.0,8.47,67.54,66.11,271.48
74.3648,33.11,250.58,130.68,81.95,30.36,92.62,49.61,18.04,0.0,0.0,0.0,0.0,8.47,25.19,26.18,219.34
74.3748,31.02,263.12,130.68,86.13,32.56,99.66,56.32,20.24,0.0,0.0,0.0,4.95,6.27,17.6,22.11,133.76
74.3848,31.02,273.57,132.88,90.42,34.65,106.7,60.94,20.24,0.0,0.0,0.0,0.0,6.27,12.54,18.15,102.19
74.3948,28.93,281.93,130.68,94.6,36.85,111.43,65.67,22.55,0.0,0.0,0.0,0.0,4.18,10.01,14.08,90.53
74.4048,28.93,290.18,128.48,100.98,36.85,118.58,70.4,22.55,0.0,0.0,0.0,0.0,4.18,7.48,10.01,81.84
74.4148,28.93,296.45,126.28,105.27,39.05,123.42,75.13,24.75,0.0,0.0,0.0,0.0,0.0,4.95,6.05,58.63
74.4248,26.84,302.61,126.28,109.45,41.25,128.15,77.55,24.75,0.0,0.0,0.0,0.0,0.0,0.0,3.96,22.33
74.4348,26.84,304.7,126.28,113.63,43.34,132.99,82.28,27.06,0.0,0.0,0.0,0.0,0.0,0.0,0.0,8.36
74.4448,26.84,304.7,126.28,117.81,45.54,135.41,87.01,29.26,0.0,0.0,0.0,0.0,0.0,0.0,0.0,0.0
74.4548,24.75,300.52,126.28,119.9,47.74,140.14,91.74,29.26,0.0,0.0,0.0,0.0,0.0,0.0,0.0,0.0
74.4648,24.75,296.45,128.48,121.99,47.74,142.56,96.47,29.26,0.0,0.0,0.0,0.0,0.0,0.0,0.0,0.0
74.4748,24.75,290.18,128.48,123.97,49.94,147.29,98.78,31.57,0.0,0.0,0.0,0.0,0.0,0.0,0.0,0.0
74.4848,24.75,284.02,126.28,126.06,52.03,149.71,103.51,31.57,0.0,0.0,0.0,0.0,0.0,0.0,0.0,0.0
74.4948,22.77,277.75,126.28,128.15,54.23,149.71,105.93,33.77,0.0,0.0,0.0,0.0,0.0,0.0,0.0,0.0
74.5048,22.77,269.39,124.08,130.24,54.23,152.13,108.24,33.77,0.0,0.0,0.0,0.0,0.0,0.0,0.0,0.0
74.5148,22.77,263.12,121.88,132.33,56.43,154.55,110.66,33.77,0.0,0.0,0.0,0.0,0.0,0.0,0.0,0.0
74.5248,22.77,256.85,117.48,134.31,58.63,156.97,115.28,36.08,0.0,0.0,0.0,0.0,0.0,0.0,0.0,0.0
74.5348,20.68,248.49,113.08,138.49,60.72,159.28,117.59,36.08,0.0,0.0,0.0,0.0,0.0,0.0,0.0,0.0
74.5448,20.68,240.13,108.57,140.58,60.72,161.7,119.79,36.08,0.0,0.0,0.0,0.0,0.0,0.0,0.0,0.0
74.5548,20.68,231.77,104.06,142.67,62.92,164.12,122.1,38.28,0.0,0.0,0.0,0.0,0.0,0.0,0.0,0.0
74.5648,20.68,223.41,99.66,146.74,65.01,166.54,124.41,38.28,0.0,0.0,0.0,0.0,0.0,0.0,0.0,0.0
74.5748,18.59,215.05,97.46,148.83,65.01,168.96,128.92,40.59,0.0,0.0,0.0,0.0,0.0,0.0,0.0,0.0
74.5848,18.59,206.8,92.95,153.01,67.21,171.16,131.23,40.59,0.0,0.0,0.0,0.0,0.0,0.0,0.0,0.0
74.5948,18.59,200.64,88.55,155.1,69.3,175.78,133.43,40.59,0.0,0.0,0.0,0.0,0.0,0.0,0.0,0.0
74.6048,18.59,192.28,81.84,159.17,69.3,178.09,137.94,42.79,0.0,0.0,0.0,0.0,0.0,0.0,0.0,0.0
74.6148,18.59,184.03,75.13,163.35,71.5,180.4,142.56,42.79,0.0,0.0,0.0,0.0,0.0,0.0,0.0,0.0
74.6248,16.5,177.87,68.42,167.53,73.59,184.91,144.76,45.1,0.0,0.0,0.0,0.0,0.0,0.0,0.0,0.0
74.6348,16.5,169.51,64.02,171.71,75.79,189.53,149.38,47.3,0.0,0.0,0.0,0.0,0.0,0.0,0.0,0.0
74.6448,16.5,165.22,57.31,178.09,77.88,194.15,153.89,47.3,0.0,0.0,0.0,0.0,0.0,0.0,0.0,0.0
74.6548,16.5,158.62,51.15,182.38,80.08,198.66,158.4,49.61,0.0,0.0,0.0,0.0,0.0,0.0,0.0,0.0
74.6648,16.5,152.02,45.21,188.65,82.17,203.28,162.91,51.81,0.0,0.0,0.0,0.0,0.0,0.0,0.0,0.0
74.6748,16.5,143.22,39.27,192.94,84.37,207.9,167.53,54.12,0.0,0.0,0.0,0.0,0.0,0.0,0.0,0.0
74.6848,16.5,136.62,33.44,199.32,84.37,212.41,172.15,56.32,0.0,0.0,0.0,0.0,0.0,0.0,0.0,0.0
74.6948,14.41,125.62,27.5,205.7,86.57,217.03,176.77,56.32,0.0,0.0,0.0,0.0,0.0,0.0,0.0,0.0
74.7048,14.41,114.62,21.56,209.88,86.57,221.65,181.5,58.63,0.0,0.0,0.0,0.0,0.0,0.0,0.0,0.0
74.7148,14.41,104.17,17.71,216.26,88.66,228.47,186.12,62.92,0.0,0.0,0.0,0.0,0.0,0.0,0.0,0.0
74.7248,14.41,90.31,13.75,220.55,88.66,233.09,190.74,65.12,0.0,0.0,0.0,0.0,0.0,0.0,0.0,0.0
74.7348,12.32,76.34,11.77,226.71,88.66,240.02,195.47,67.32,0.0,0.0,0.0,0.0,0.0,0.0,0.0,0.0
74.7448,12.32,60.5,9.79,230.56,88.66,244.64,197.78,69.41,0.0,0.0,0.0,0.0,0.0,0.0,0.0,0.0
74.7548,10.34,47.08,7.81,234.3,86.57,251.57,202.4,71.61,0.0,0.0,0.0,0.0,0.0,0.0,0.0,0.0
74.7648,10.34,33.88,7.81,236.28,86.57,256.19,204.71,73.81,11.44,0.0,0.0,0.0,0.0,0.0,0.0,0.0
74.7748,8.25,20.68,5.83,238.15,86.57,263.12,207.02,76.01,18.26,0.0,0.0,0.0,0.0,0.0,0.0,0.0
74.7848,6.16,15.07,3.85,234.3,84.37,270.05,211.75,80.3,22.88,0.0,0.0,0.0,0.0,0.0,0.0,0.0
74.7948,4.07,11.22,3.85,226.71,77.88,274.67,214.06,86.9,32.01,0.0,0.0,0.0,0.0,0.0,0.0,0.0
74.8048,4.07,9.35,0.0,218.46,73.59,281.49,216.37,91.19,43.45,0.0,0.0,0.0,0.0,0.0,0.0,0.0
74.8148,0.0,7.48,0.0,207.79,65.01,285.89,218.68,97.79,64.35,0.0,0.0,0.0,0.0,0.0,0.0,0.0
74.8248,0.0,5.61,0.0,195.03,58.63,290.29,218.68,104.28,123.53,0.0,7.59,0.0,0.0,0.0,0.0,0.0
74.8348,0.0,3.74,0.0,182.38,52.03,294.69,218.68,110.88,100.1,22.99,65.89,0.0,0.0,0.0,0.0,0.0
74.8448,0.0,3.74,0.0,167.53,43.34,294.69,216.37,117.59,57.2,71.28,85.47,7.48,16.94,4.95,26.18,5.5
74.8548,0.0,0.0,0.0,148.83,34.65,294.69,216.37,124.52,45.76,107.47,94.27,15.07,14.74,20.13,32.23,8.36
74.8648,0.0,0.0,0.0,126.06,25.96,292.49,214.06,131.34,41.14,113.85,100.76,17.6,19.03,30.14,44.33,11.11
74.8748,0.0,0.0,0.0,100.98,17.27,285.89,211.75,140.58,29.7,115.94,100.76,20.13,21.12,42.79,54.45,13.86
74.8848,0.0,0.0,0.0,73.48,10.78,274.67,204.71,147.4,22.88,126.83,94.27,25.19,25.41,57.97,66.11,19.47
74.8948,0.0,0.0,0.0,41.8,8.58,256.19,188.43,154.33,18.26,135.52,89.87,30.14,25.41,69.85,75.68,25.08
74.9048,0.0,0.0,0.0,18.81,6.49,223.96,156.09,165.77,15.95,142.01,87.67,35.2,27.5,81.84,85.25,27.83
74.9148,0.0,0.0,0.0,12.54,6.49,168.96,115.28,175.12,15.95,150.7,87.67,40.26,29.59,96.25,94.82,30.69
74.9248,0.0,0.0,0.0,10.45,6.49,102.08,72.82,187.0,13.64,157.3,87.67,45.32,33.88,108.24,106.81,36.19
74.9348,0.0,0.0,0.0,8.36,6.49,57.42,33.77,191.73,13.64,161.59,89.87,50.38,35.97,118.03,116.27,39.05
74.9448,0.0,0.0,0.0,8.36,6.49,25.41,18.04,156.53,13.64,163.79,94.27,52.91,38.06,128.15,127.93,44.66
74.9548,0.0,0.0,0.0,6.27,4.29,12.65,13.53,95.59,13.64,168.19,96.36,57.97,40.26,138.27,139.59,50.16
74.9648,0.0,0.0,0.0,6.27,4.29,10.56,11.22,58.63,13.64,170.28,96.36,60.39,42.35,145.75,148.83,55.77
74.9748,0.0,0.0,0.0,4.18,0.0,6.27,6.71,38.28,13.64,172.37,96.36,65.45,44.44,155.87,158.18,64.35
74.9848,0.0,0.0,0.0,4.18,0.0,4.18,4.51,29.26,13.64,174.46,96.36,70.4,46.53,163.46,165.11,73.15
74.9948,0.0,0.0,0.0,0.0,0.0,0.0,0.0,24.75,11.44,174.46,94.27,72.93,48.73,171.05,172.37,81.84
75.0047,0.0,0.0,0.0,0.0,0.0,0.0,0.0,9.02,11.44,176.55,89.87,77.99,50.82,178.09,179.63,90.53
75.0147,0.0,0.0,0.0,0.0,0.0,0.0,0.0,0.0,11.44,174.46,85.47,80.41,52.91,185.13,187.0,99.33
75.0247,0.0,0.0,0.0,0.0,0.0,0.0,0.0,0.0,11.44,172.37,81.18,85.47,55.11,192.17,191.84,105.16
75.0347,0.0,0.0,0.0,0.0,0.0,0.0,0.0,0.0,11.44,170.28,76.78,90.53,57.53,196.9,199.21,113.52
75.0447,0.0,0.0,0.0,0.0,0.0,0.0,0.0,0.0,11.44,165.99,70.29,92.95,57.53,203.94,204.05,118.58
75.0547,0.0,0.0,0.0,0.0,0.0,0.0,0.0,0.0,11.44,161.59,63.8,95.48,60.06,208.67,209.0,126.17
75.0647,0.0,0.0,0.0,0.0,0.0,0.0,0.0,0.0,11.44,157.3,57.2,100.54,62.59,213.4,213.84,131.23
75.0747,0.0,0.0,0.0,0.0,0.0,0.0,0.0,0.0,11.44,150.7,51.26,105.49,65.12,218.13,218.68,136.29
75.0847,0.0,0.0,0.0,0.0,0.0,0.0,0.0,0.0,11.44,144.21,43.67,108.02,65.12,222.97,221.21,141.35
75.0947,0.0,0.0,0.0,0.0,0.0,0.0,0.0,0.0,11.44,135.52,37.95,110.55,67.65,227.81,225.94,143.88
75.1047,0.0,0.0,0.0,0.0,0.0,0.0,0.0,0.0,9.13,129.03,30.36,113.08,67.65,232.76,228.36,146.41
75.1147,0.0,0.0,0.0,0.0,0.0,0.0,0.0,0.0,9.13,120.34,26.51,115.5,67.65,237.6,230.78,148.94
75.1247,0.0,0.0,0.0,0.0,0.0,0.0,0.0,0.0,9.13,111.65,20.9,118.03,67.65,240.13,235.51,151.47
75.1347,0.0,0.0,0.0,0.0,0.0,0.0,0.0,0.0,9.13,101.09,18.92,120.45,67.65,244.97,237.93,154.0
75.1447,0.0,0.0,0.0,0.0,0.0,0.0,0.0,0.0,9.13,90.42,15.18,122.98,67.65,247.39,240.35,156.53
75.1547,0.0,0.0,0.0,0.0,0.0,0.0,0.0,0.0,9.13,79.86,13.2,125.51,67.65,249.92,242.77,159.06
75.1647,0.0,0.0,0.0,0.0,0.0,0.0,0.0,0.0,9.13,67.1,13.2,127.93,67.65,252.34,245.19,164.12
75.1747,0.0,0.0,0.0,0.0,0.0,0.0,0.0,0.0,6.82,56.43,11.33,127.93,67.65,257.18,249.92,166.76
75.1847,0.0,0.0,0.0,0.0,0.0,0.0,0.0,0.0,6.82,45.98,11.33,130.46,67.65,259.71,252.34,169.18
75.1947,0.0,0.0,0.0,0.0,0.0,0.0,0.0,0.0,6.82,35.53,11.33,130.46,65.12,264.55,254.76,171.71
75.2047,0.0,0.0,0.0,0.0,0.0,0.0,0.0,0.0,6.82,27.17,9.46,132.88,65.12,266.97,259.6,174.24
75.2147,0.0,0.0,0.0,0.0,0.0,0.0,0.0,0.0,4.51,18.81,7.59,132.88,65.12,269.5,262.02,179.19
75.2247,0.0,0.0,0.0,0.0,0.0,0.0,0.0,0.0,4.51,14.63,7.59,130.46,65.12,274.34,264.33,184.25
75.2347,0.0,0.0,0.0,0.0,0.0,0.0,0.0,0.0,0.0,10.45,5.61,127.93,62.59,276.76,266.75,189.31
75.2447,0.0,0.0,0.0,0.0,0.0,0.0,0.0,0.0,0.0,8.36,3.74,125.51,60.06,281.71,271.59,194.26
75.2547,0.0,0.0,0.0,0.0,0.0,0.0,0.0,0.0,0.0,6.27,3.74,122.98,57.53,284.13,274.01,199.32
75.2647,0.0,0.0,0.0,0.0,0.0,0.0,0.0,0.0,0.0,4.18,3.74,118.03,55.11,286.55,276.43,206.8
75.2747,0.0,0.0,0.0,0.0,0.0,0.0,0.0,0.0,0.0,0.0,0.0,115.5,50.82,289.08,278.63,211.86
75.2847,0.0,0.0,0.0,0.0,0.0,0.0,0.0,0.0,0.0,0.0,0.0,110.55,48.73,291.5,283.25,219.34
75.2947,0.0,0.0,0.0,0.0,0.0,0.0,0.0,0.0,0.0,0.0,0.0,102.96,46.53,293.92,287.87,224.4
75.3047,10.34,0.0,0.0,0.0,0.0,0.0,0.0,0.0,0.0,0.0,0.0,98.01,42.35,296.34,290.18,231.55
75.3147,14.41,0.0,0.0,0.0,0.0,0.0,0.0,0.0,0.0,0.0,0.0,92.95,38.06,296.34,294.8,238.59
75.3247,18.59,0.0,0.0,0.0,0.0,0.0,0.0,0.0,0.0,0.0,0.0,85.47,33.88,298.87,297.0,243.32
75.3347,20.68,0.0,0.0,0.0,0.0,0.0,0.0,0.0,0.0,0.0,0.0,77.99,29.59,298.87,299.31,247.94
75.3447,26.84,0.0,0.0,0.0,0.0,0.0,0.0,0.0,0.0,0.0,0.0,70.4,27.5,298.87,299.31,254.98
75.3547,31.02,0.0,0.0,0.0,0.0,0.0,0.0,0.0,0.0,0.0,0.0,60.39,23.21,298.87,301.62,259.71
75.3647,33.11,0.0,0.0,0.0,0.0,0.0,0.0,0.0,0.0,0.0,0.0,52.91,19.03,298.87,303.93,264.44
75.3747,43.45,0.0,0.0,0.0,0.0,0.0,0.0,0.0,0.0,0.0,0.0,40.26,14.74,296.34,301.62,269.06
75.3847,88.44,0.0,0.0,0.0,0.0,0.0,0.0,0.0,0.0,0.0,0.0,30.14,10.56,296.34,301.62,273.79
75.3947,136.18,0.0,0.0,0.0,0.0,0.0,0.0,0.0,0.0,0.0,0.0,20.13,8.47,291.5,297.0,278.52
75.4047,190.3,13.09,0.0,0.0,0.0,0.0,0.0,0.0,0.0,0.0,0.0,10.01,6.27,286.55,290.18,280.94
75.4147,138.16,114.62,0.0,0.0,0.0,0.0,0.0,0.0,0.0,0.0,0.0,4.95,6.27,274.34,280.94,286.0
75.4247,86.24,171.6,70.62,43.89,0.0,8.47,0.0,0.0,0.0,0.0,0.0,0.0,6.27,257.18,264.33,288.53
75.4347,77.55,194.37,124.08,54.34,17.27,33.88,6.71,4.51,0.0,0.0,0.0,0.0,6.27,230.34,240.35,291.06
75.4447,68.75,198.55,141.68,58.63,25.96,52.91,20.24,9.02,0.0,0.0,0.0,0.0,8.47,196.9,204.05,296.12
75.4547,55.88,196.46,152.68,60.72,32.56,66.77,36.08,13.53,0.0,0.0,0.0,0.0,8.47,153.34,155.87,296.12
75.4647,45.54,194.37,154.88,67.1,36.85,80.85,49.61,15.73,0.0,0.0,0.0,0.0,10.56,110.66,109.23,296.12
75.4747,37.18,198.55,152.68,71.28,41.25,95.04,63.36,20.24,0.0,0.0,0.0,4.95,10.56,74.69,58.85,286.0
75.4847,33.11,208.89,150.48,77.66,43.34,106.7,72.82,22.55,0.0,0.0,0.0,0.0,8.47,30.14,28.27,233.86
75.4947,31.02,215.05,150.48,84.04,45.54,116.16,82.28,24.75,0.0,0.0,0.0,0.0,8.47,17.6,24.2,151.47
75.5047,28.93,219.23,152.68,88.33,49.94,123.42,91.74,27.06,0.0,0.0,0.0,0.0,6.27,15.07,20.13,116.05
75.5147,26.84,223.41,152.68,94.6,52.03,132.99,98.78,29.26,0.0,0.0,0.0,0.0,6.27,12.54,20.13,105.16
75.5247,24.75,227.59,150.48,100.98,54.23,140.14,105.93,31.57,0.0,0.0,0.0,0.0,4.18,10.01,12.1,99.33
75.5347,24.75,231.77,146.08,107.36,58.63,147.29,113.08,33.77,0.0,0.0,0.0,0.0,0.0,4.95,8.03,76.01
75.5447,22.77,235.95,141.68,113.63,60.72,152.13,117.59,33.77,0.0,0.0,0.0,0.0,0.0,4.95,3.96,39.05
75.5547,22.77,235.95,137.28,117.81,62.92,159.28,122.1,38.28,0.0,0.0,0.0,0.0,0.0,0.0,0.0,11.11
75.5647,22.77,235.95,135.08,123.97,65.01,164.12,128.92,38.28,0.0,0.0,0.0,0.0,0.0,0.0,0.0,5.5
75.5747,22.77,233.86,132.88,128.15,67.21,166.54,131.23,40.59,0.0,0.0,0.0,0.0,0.0,0.0,0.0,0.0
75.5847,20.68,229.68,128.48,132.33,67.21,171.16,135.74,40.59,0.0,0.0,0.0,0.0,0.0,0.0,0.0,0.0
75.5947,20.68,223.41,124.08,136.4,69.3,175.78,137.94,42.79,0.0,0.0,0.0,0.0,0.0,0.0,0.0,0.0
75.6047,20.68,219.23,115.28,142.67,71.5,178.09,140.25,45.1,0.0,0.0,0.0,0.0,0.0,0.0,0.0,0.0
75.6147,18.59,212.96,106.37,146.74,71.5,182.71,142.56,45.1,0.0,0.0,0.0,0.0,0.0,0.0,0.0,0.0
75.6247,18.59,206.8,97.46,150.92,73.59,184.91,144.76,45.1,0.0,0.0,0.0,0.0,0.0,0.0,0.0,0.0
75.6347,18.59,200.64,88.55,157.08,73.59,189.53,147.07,47.3,0.0,0.0,0.0,0.0,0.0,0.0,0.0,0.0
75.6447,16.5,192.28,77.33,161.26,75.79,191.84,147.07,47.3,0.0,0.0,0.0,0.0,0.0,0.0,0.0,0.0
75.6547,16.5,186.12,68.42,165.44,75.79,194.15,149.38,49.61,0.0,0.0,0.0,0.0,0.0,0.0,0.0,0.0
75.6647,16.5,177.87,59.51,169.62,77.88,196.46,151.58,49.61,0.0,0.0,0.0,0.0,0.0,0.0,0.0,0.0
75.6747,16.5,167.53,51.15,173.8,77.88,198.66,153.89,51.81,0.0,0.0,0.0,0.0,0.0,0.0,0.0,0.0
75.6847,16.5,160.82,45.21,178.09,80.08,200.97,158.4,51.81,0.0,0.0,0.0,0.0,0.0,0.0,0.0,0.0
75.6947,16.5,154.22,41.25,182.38,82.17,205.59,160.71,54.12,0.0,0.0,0.0,0.0,0.0,0.0,0.0,0.0
75.7047,14.41,145.42,35.42,184.47,82.17,207.9,162.91,54.12,0.0,0.0,0.0,0.0,0.0,0.0,0.0,0.0
75.7147,14.41,138.82,31.46,188.65,84.37,210.21,165.22,56.32,0.0,0.0,0.0,0.0,0.0,0.0,0.0,0.0
75.7247,14.41,132.22,27.5,192.94,84.37,212.41,169.84,56.32,0.0,0.0,0.0,0.0,0.0,0.0,0.0,0.0
75.7347,14.41,127.82,25.52,195.03,86.57,214.72,172.15,58.63,0.0,0.0,0.0,0.0,0.0,0.0,0.0,0.0
75.7447,14.41,119.02,21.56,199.32,86.57,219.34,174.46,58.63,0.0,0.0,0.0,0.0,0.0,0.0,0.0,0.0
75.7547,14.41,112.42,17.71,205.7,86.57,221.65,176.77,60.72,0.0,0.0,0.0,0.0,0.0,0.0,0.0,0.0
75.7647,14.41,104.17,13.75,209.88,86.57,226.27,179.08,60.72,0.0,0.0,0.0,0.0,0.0,0.0,0.0,0.0
75.7747,12.32,96.25,11.77,214.17,86.57,230.78,181.5,62.92,0.0,0.0,0.0,0.0,0.0,0.0,0.0,0.0
75.7847,12.32,86.35,9.79,220.55,86.57,235.4,183.81,65.12,0.0,0.0,0.0,0.0,0.0,0.0,0.0,0.0
75.7947,12.32,78.32,9.79,224.84,86.57,240.02,186.12,65.12,0.0,0.0,0.0,0.0,0.0,0.0,0.0,0.0
75.8047,12.32,68.42,7.81,230.56,86.57,244.64,188.43,67.32,0.0,0.0,0.0,0.0,0.0,0.0,0.0,0.0
75.8147,10.34,58.52,7.81,236.28,86.57,249.26,190.74,69.41,0.0,0.0,0.0,0.0,0.0,0.0,0.0,0.0
75.8247,10.34,48.95,7.81,240.02,84.37,253.88,193.05,69.41,0.0,0.0,0.0,0.0,0.0,0.0,0.0,0.0
75.8347,10.34,39.49,5.83,243.87,84.37,258.5,195.47,71.61,0.0,0.0,0.0,0.0,0.0,0.0,0.0,0.0
75.8447,8.25,30.14,5.83,247.72,84.37,263.12,197.78,73.81,0.0,0.0,0.0,0.0,0.0,0.0,0.0,0.0
75.8547,8.25,22.55,5.83,249.59,84.37,267.74,200.09,76.01,0.0,0.0,0.0,0.0,0.0,0.0,0.0,0.0
75.8647,6.16,15.07,3.85,249.59,82.17,272.36,202.4,78.21,0.0,0.0,0.0,0.0,0.0,0.0,0.0,0.0
75.8747,6.16,11.22,3.85,245.85,80.08,276.98,204.71,80.3,0.0,0.0,0.0,0.0,0.0,0.0,0.0,0.0
75.8847,4.07,9.35,0.0,238.15,77.88,281.49,207.02,84.7,0.0,0.0,0.0,0.0,0.0,0.0,0.0,0.0
75.8947,4.07,7.48,0.0,232.43,73.59,285.89,209.44,86.9,9.13,0.0,0.0,0.0,0.0,0.0,0.0,0.0
75.9047,0.0,5.61,0.0,226.71,69.3,290.29,211.75,91.19,13.64,0.0,0.0,0.0,0.0,0.0,0.0,0.0
75.9147,0.0,5.61,0.0,218.46,65.01,294.69,214.06,95.59,15.95,0.0,0.0,0.0,0.0,0.0,0.0,0.0
75.9247,0.0,3.74,0.0,209.88,60.72,299.09,214.06,99.99,20.57,0.0,0.0,0.0,0.0,0.0,0.0,0.0
75.9347,0.0,3.74,0.0,203.61,54.23,303.49,214.06,104.28,29.7,0.0,0.0,0.0,0.0,0.0,0.0,0.0
75.9447,0.0,0.0,0.0,195.03,49.94,308.0,214.06,108.68,34.32,0.0,0.0,0.0,0.0,0.0,0.0,0.0
75.9547,0.0,0.0,0.0,188.65,43.34,312.4,214.06,113.08,69.08,0.0,0.0,0.0,0.0,0.0,0.0,0.0
75.9647,0.0,0.0,0.0,180.18,39.05,316.8,211.75,117.59,85.8,0.0,0.0,0.0,0.0,0.0,0.0,0.0
75.9747,0.0,0.0,0.0,167.53,32.56,319.0,209.44,122.21,102.52,0.0,0.0,0.0,0.0,0.0,0.0,0.0
75.9847,0.0,0.0,0.0,155.1,23.87,321.2,207.02,126.83,146.3,0.0,0.0,0.0,0.0,0.0,0.0,0.0
75.9947,0.0,0.0,0.0,136.4,17.27,323.4,204.71,131.34,150.81,29.26,39.82,0.0,0.0,0.0,0.0,0.0
76.0047,0.0,0.0,0.0,117.81,10.78,321.2,200.09,138.27,66.66,96.8,83.38,4.95,12.65,10.01,14.08,0.0
76.0147,0.0,0.0,0.0,94.6,8.58,316.8,188.43,145.09,38.83,135.52,113.85,15.07,14.74,25.19,34.32,8.36
76.0247,0.0,0.0,0.0,67.1,8.58,308.0,169.84,152.02,36.52,139.92,129.91,15.07,21.12,35.2,52.47,11.11
76.0347,0.0,0.0,0.0,33.44,8.58,288.09,142.56,163.46,27.39,131.23,139.15,17.6,25.41,47.85,70.84,16.72
76.0447,0.0,0.0,0.0,16.72,8.58,237.71,108.24,179.85,22.88,129.03,141.35,20.13,29.59,62.7,89.98,22.33
76.0547,0.0,0.0,0.0,14.63,8.58,154.55,68.09,196.46,18.26,129.03,141.35,22.66,33.88,72.27,109.23,27.83
76.0647,0.0,0.0,0.0,12.54,8.58,88.0,33.77,201.19,15.95,131.23,150.59,22.66,35.97,79.53,127.93,33.44
76.0747,0.0,0.0,0.0,10.45,8.58,46.53,20.24,165.77,15.95,135.52,159.83,25.19,40.26,89.1,146.52,41.8
76.0847,0.0,0.0,0.0,8.36,6.49,21.12,18.04,110.88,15.95,139.92,169.07,25.19,42.35,96.25,160.49,53.02
76.0947,0.0,0.0,0.0,8.36,6.49,14.74,13.53,76.01,13.64,142.01,176.11,27.72,44.44,101.09,172.37,67.32
76.1047,0.0,0.0,0.0,6.27,4.29,10.56,9.02,58.63,13.64,146.41,183.04,27.72,46.53,105.82,182.16,78.98
76.1147,0.0,0.0,0.0,4.18,0.0,6.27,6.71,45.1,13.64,148.61,185.46,30.14,48.73,110.66,191.84,90.53
76.1247,0.0,0.0,0.0,4.18,0.0,4.18,4.51,29.26,13.64,150.7,190.08,30.14,52.91,113.08,201.63,102.19
76.1347,0.0,0.0,0.0,0.0,0.0,0.0,0.0,9.02,13.64,150.7,190.08,32.67,52.91,118.03,209.0,110.99
76.1447,0.0,0.0,0.0,0.0,0.0,0.0,0.0,0.0,13.64,150.7,190.08,35.2,55.11,123.09,213.84,118.58
76.1547,0.0,0.0,0.0,0.0,0.0,0.0,0.0,0.0,13.64,148.61,190.08,35.2,57.53,125.62,221.21,126.17
76.1647,0.0,0.0,0.0,0.0,0.0,0.0,0.0,0.0,11.44,148.61,187.77,37.73,60.06,128.15,225.94,131.23
76.1747,0.0,0.0,0.0,0.0,0.0,0.0,0.0,0.0,11.44,144.21,183.04,37.73,62.59,135.74,233.2,136.29
76.1847,0.0,0.0,0.0,0.0,0.0,0.0,0.0,0.0,11.44,142.01,178.42,40.26,62.59,135.74,235.51,141.35
76.1947,0.0,0.0,0.0,0.0,0.0,0.0,0.0,0.0,11.44,135.52,173.69,40.26,65.12,138.27,240.35,146.41
76.2047,0.0,0.0,0.0,0.0,0.0,0.0,0.0,0.0,11.44,131.23,166.76,42.79,67.65,140.8,242.77,148.94
76.2147,0.0,0.0,0.0,0.0,0.0,0.0,0.0,0.0,11.44,126.83,162.14,42.79,67.65,143.22,247.61,154.0
76.2247,0.0,0.0,0.0,0.0,0.0,0.0,0.0,0.0,11.44,122.54,157.52,45.32,70.18,145.75,249.92,156.53
76.2347,0.0,0.0,0.0,0.0,0.0,0.0,0.0,0.0,11.44,118.14,150.59,45.32,70.18,145.75,252.34,159.06
76.2447,0.0,0.0,0.0,0.0,0.0,0.0,0.0,0.0,11.44,113.85,145.97,45.32,72.71,148.28,254.76,159.06
76.2547,0.0,0.0,0.0,0.0,0.0,0.0,0.0,0.0,11.44,107.47,141.35,47.85,72.71,150.81,259.6,161.59
76.2647,0.0,0.0,0.0,0.0,0.0,0.0,0.0,0.0,11.44,103.18,134.53,47.85,75.24,150.81,262.02,161.59
76.2747,0.0,0.0,0.0,0.0,0.0,0.0,0.0,0.0,9.13,96.8,129.91,47.85,75.24,153.34,264.33,164.12
76.2847,0.0,0.0,0.0,0.0,0.0,0.0,0.0,0.0,11.44,92.51,122.98,50.38,77.77,153.34,266.75,166.76
76.2947,0.0,0.0,0.0,0.0,0.0,0.0,0.0,0.0,11.44,86.13,118.36,50.38,77.77,155.87,269.17,166.76
76.3047,0.0,0.0,0.0,0.0,0.0,0.0,0.0,0.0,9.13,81.95,111.65,50.38,80.3,158.4,271.59,169.18
76.3147,0.0,0.0,0.0,0.0,0.0,0.0,0.0,0.0,9.13,77.66,105.05,52.91,80.3,158.4,276.43,171.71
76.3247,0.0,0.0,0.0,0.0,0.0,0.0,0.0,0.0,9.13,71.28,100.76,52.91,82.83,160.93,278.63,174.24
76.3347,0.0,0.0,0.0,0.0,0.0,0.0,0.0,0.0,9.13,69.19,96.36,55.44,85.25,163.46,283.25,176.77
76.3447,0.0,0.0,0.0,0.0,0.0,0.0,0.0,0.0,9.13,62.81,87.67,57.97,85.25,168.52,285.56,179.19
76.3547,0.0,0.0,0.0,0.0,0.0,0.0,0.0,0.0,9.13,58.63,81.18,57.97,85.25,171.05,290.18,181.72
76.3647,0.0,0.0,0.0,0.0,0.0,0.0,0.0,0.0,9.13,54.34,74.69,60.39,87.78,175.67,292.49,184.25
76.3747,0.0,0.0,0.0,0.0,0.0,0.0,0.0,0.0,9.13,50.16,68.09,62.92,87.78,178.09,297.0,186.78
76.3847,0.0,0.0,0.0,0.0,0.0,0.0,0.0,0.0,9.13,45.98,61.6,62.92,90.31,182.82,299.31,189.31
76.3947,0.0,0.0,0.0,0.0,0.0,0.0,0.0,0.0,9.13,41.8,53.13,65.45,90.31,187.44,303.93,194.26
76.4047,0.0,0.0,0.0,0.0,0.0,0.0,0.0,0.0,9.13,35.53,47.41,67.98,92.84,189.86,308.55,196.79
76.4147,0.0,0.0,0.0,0.0,0.0,0.0,0.0,0.0,9.13,27.17,41.8,70.4,92.84,194.59,310.86,201.85
76.4247,0.0,0.0,0.0,0.0,0.0,0.0,0.0,0.0,6.82,18.81,34.1,70.4,92.84,199.32,315.37,206.8
76.4346,12.32,0.0,0.0,0.0,0.0,0.0,0.0,0.0,6.82,12.54,26.51,70.4,92.84,203.94,319.99,209.33
76.4446,20.68,0.0,0.0,0.0,0.0,0.0,0.0,0.0,4.51,8.36,17.05,70.4,92.84,206.36,324.61,216.81
76.4546,24.75,0.0,0.0,0.0,0.0,0.0,0.0,0.0,4.51,6.27,11.33,67.98,90.31,211.09,329.23,224.4
76.4646,31.02,0.0,0.0,0.0,0.0,0.0,0.0,0.0,0.0,4.18,7.59,65.45,85.25,213.4,333.74,233.86
76.4746,35.09,0.0,0.0,0.0,0.0,0.0,0.0,0.0,0.0,0.0,5.61,57.97,80.3,215.82,336.05,240.9
76.4846,47.52,0.0,0.0,0.0,0.0,0.0,0.0,0.0,0.0,0.0,3.74,52.91,72.71,218.13,340.56,247.94
76.4946,118.36,0.0,0.0,0.0,0.0,0.0,0.0,0.0,0.0,0.0,3.74,45.32,62.59,218.13,342.76,257.4
76.5046,182.27,5.61,0.0,0.0,0.0,0.0,0.0,0.0,0.0,0.0,0.0,37.73,52.91,220.55,342.76,264.44
76.5146,168.08,92.29,0.0,0.0,0.0,0.0,0.0,0.0,0.0,0.0,0.0,27.72,44.44,215.82,340.56,269.06
76.5246,108.02,184.03,17.71,31.35,0.0,0.0,0.0,0.0,0.0,0.0,0.0,15.07,33.88,211.09,338.25,273.79
76.5346,81.84,200.64,84.04,48.07,15.18,21.12,6.71,4.51,0.0,0.0,0.0,4.95,25.41,199.32,333.74,278.52
76.5446,75.35,215.05,97.46,56.54,23.87,38.06,11.22,9.02,0.0,0.0,0.0,0.0,12.65,178.09,324.61,280.94
76.5546,60.06,215.05,106.37,60.72,32.56,55.11,24.75,11.22,0.0,0.0,0.0,0.0,6.27,148.28,303.93,280.94
76.5646,49.61,215.05,108.57,67.1,34.65,69.19,33.77,13.53,0.0,0.0,0.0,0.0,4.18,110.66,269.17,283.47
76.5746,41.36,219.23,106.37,73.48,36.85,80.85,42.79,18.04,0.0,0.0,0.0,0.0,4.18,77.11,221.21,280.94
76.5846,37.18,229.68,97.46,79.75,39.05,92.62,49.61,20.24,0.0,0.0,0.0,0.0,6.27,50.38,155.87,276.1
76.5946,33.11,240.13,90.75,88.33,41.25,102.08,54.12,22.55,0.0,0.0,0.0,0.0,6.27,25.19,94.82,273.79
76.6046,31.02,244.31,86.24,94.6,43.34,111.43,60.94,24.75,0.0,0.0,0.0,0.0,6.27,12.54,36.3,240.9
76.6146,28.93,248.49,79.53,105.27,43.34,121.0,65.67,27.06,0.0,0.0,0.0,0.0,4.18,10.01,18.15,166.76
76.6246,26.84,256.85,70.62,113.63,45.54,128.15,70.4,27.06,0.0,0.0,0.0,0.0,4.18,7.48,14.08,118.58
76.6346,24.75,265.21,59.51,123.97,45.54,137.72,72.82,29.26,0.0,0.0,0.0,0.0,0.0,4.95,12.1,93.5
76.6446,24.75,269.39,51.15,132.33,47.74,144.98,77.55,31.57,0.0,0.0,0.0,0.0,0.0,0.0,8.03,78.98
76.6546,22.77,269.39,45.21,140.58,49.94,152.13,82.28,33.77,0.0,0.0,0.0,0.0,0.0,0.0,6.05,53.02
76.6646,22.77,269.39,41.25,148.83,52.03,159.28,87.01,36.08,0.0,0.0,0.0,0.0,0.0,0.0,0.0,16.72
76.6746,22.77,267.3,41.25,155.1,54.23,164.12,94.05,36.08,0.0,0.0,0.0,0.0,0.0,0.0,0.0,5.5
76.6846,22.77,263.12,41.25,159.17,58.63,171.16,101.2,38.28,0.0,0.0,0.0,0.0,0.0,0.0,0.0,0.0
76.6946,20.68,256.85,41.25,165.44,60.72,175.78,105.93,40.59,0.0,0.0,0.0,0.0,0.0,0.0,0.0,0.0
76.7046,20.68,252.67,39.27,171.71,62.92,182.71,110.66,42.79,0.0,0.0,0.0,0.0,0.0,0.0,0.0,0.0
76.7146,20.68,246.4,37.29,178.09,65.01,187.22,115.28,42.79,0.0,0.0,0.0,0.0,0.0,0.0,0.0,0.0
76.7246,20.68,240.13,31.46,184.47,67.21,191.84,119.79,45.1,0.0,0.0,0.0,0.0,0.0,0.0,0.0,0.0
76.7346,18.59,229.68,27.5,190.85,67.21,196.46,122.1,45.1,0.0,0.0,0.0,0.0,0.0,0.0,0.0,0.0
76.7446,18.59,221.32,23.54,197.23,69.3,200.97,126.61,47.3,0.0,0.0,0.0,0.0,0.0,0.0,0.0,0.0
76.7546,18.59,210.98,19.58,201.41,69.3,205.59,128.92,49.61,0.0,0.0,0.0,0.0,0.0,0.0,0.0,0.0
76.7646,18.59,200.64,17.71,207.79,71.5,210.21,131.23,49.61,0.0,0.0,0.0,0.0,0.0,0.0,0.0,0.0
76.7746,18.59,190.19,13.75,214.17,71.5,212.41,135.74,51.81,0.0,0.0,0.0,0.0,0.0,0.0,0.0,0.0
76.7846,16.5,179.85,11.77,218.46,73.59,217.03,137.94,51.81,0.0,0.0,0.0,0.0,0.0,0.0,0.0,0.0
76.7946,16.5,169.51,11.77,222.64,73.59,219.34,140.25,54.12,0.0,0.0,0.0,0.0,0.0,0.0,0.0,0.0
76.8046,16.5,158.62,9.79,226.71,75.79,221.65,142.56,54.12,0.0,0.0,0.0,0.0,0.0,0.0,0.0,0.0
76.8146,16.5,147.62,9.79,230.56,75.79,226.27,144.76,56.32,0.0,0.0,0.0,0.0,0.0,0.0,0.0,0.0
76.8246,14.41,134.42,9.79,232.43,77.88,228.47,147.07,58.63,0.0,0.0,0.0,0.0,0.0,0.0,0.0,0.0
76.8346,14.41,121.22,7.81,236.28,77.88,233.09,151.58,58.63,0.0,0.0,0.0,0.0,0.0,0.0,0.0,0.0
76.8446,14.41,110.22,7.81,240.02,77.88,235.4,153.89,60.72,0.0,0.0,0.0,0.0,0.0,0.0,0.0,0.0
76.8546,14.41,98.23,7.81,243.87,77.88,240.02,156.09,60.72,0.0,0.0,0.0,0.0,0.0,0.0,0.0,0.0
76.8646,12.32,86.35,7.81,247.72,77.88,242.33,156.09,62.92,0.0,0.0,0.0,0.0,0.0,0.0,0.0,0.0
76.8746,12.32,76.34,5.83,251.57,77.88,246.95,158.4,62.92,0.0,0.0,0.0,0.0,0.0,0.0,0.0,0.0
76.8846,12.32,64.46,5.83,255.31,77.88,251.57,160.71,62.92,0.0,0.0,0.0,0.0,0.0,0.0,0.0,0.0
76.8946,10.34,54.56,5.83,261.14,75.79,256.19,162.91,65.12,0.0,0.0,0.0,0.0,0.0,0.0,0.0,0.0
76.9046,10.34,45.21,5.83,264.88,75.79,260.81,165.22,65.12,0.0,0.0,0.0,0.0,0.0,0.0,0.0,0.0
76.9146,10.34,35.75,5.83,266.86,75.79,265.43,167.53,67.32,0.0,0.0,0.0,0.0,0.0,0.0,0.0,0.0
76.9246,10.34,28.16,3.85,268.73,75.79,270.05,169.84,69.41,0.0,0.0,0.0,0.0,0.0,0.0,0.0,0.0
76.9346,8.25,22.55,3.85,270.6,75.79,274.67,172.15,69.41,0.0,0.0,0.0,0.0,0.0,0.0,0.0,0.0
76.9446,8.25,16.94,3.85,270.6,75.79,276.98,174.46,71.61,0.0,0.0,0.0,0.0,0.0,0.0,0.0,0.0
76.9546,6.16,13.09,3.85,266.86,75.79,281.49,179.08,73.81,0.0,0.0,0.0,0.0,0.0,0.0,0.0,0.0
76.9646,6.16,11.22,0.0,263.01,75.79,285.89,183.81,78.21,0.0,0.0,0.0,0.0,0.0,0.0,0.0,0.0
76.9746,4.07,9.35,0.0,257.29,73.59,290.29,186.12,82.5,0.0,0.0,0.0,0.0,0.0,0.0,0.0,0.0
76.9846,4.07,7.48,0.0,249.59,71.5,294.69,190.74,84.7,0.0,0.0,0.0,0.0,0.0,0.0,0.0,0.0
76.9946,4.07,5.61,0.0,242.0,69.3,296.89,193.05,89.1,0.0,0.0,0.0,0.0,0.0,0.0,0.0,0.0
77.0046,0.0,5.61,0.0,234.3,65.01,301.29,197.78,93.39,13.64,0.0,0.0,0.0,0.0,0.0,0.0,0.0
77.0146,0.0,3.74,0.0,226.71,62.92,305.8,200.09,97.79,15.95,0.0,0.0,0.0,0.0,0.0,0.0,0.0
77.0246,0.0,3.74,0.0,216.26,58.63,308.0,200.09,102.08,20.57,0.0,0.0,0.0,0.0,0.0,0.0,0.0
77.0346,0.0,0.0,0.0,207.79,54.23,312.4,202.4,108.68,27.39,0.0,0.0,0.0,0.0,0.0,0.0,0.0
77.0446,0.0,0.0,0.0,199.32,49.94,316.8,204.71,113.08,36.52,0.0,0.0,0.0,0.0,0.0,0.0,0.0
77.0546,0.0,0.0,0.0,188.65,43.34,319.0,204.71,117.59,57.2,0.0,0.0,0.0,0.0,0.0,0.0,0.0
77.0646,0.0,0.0,0.0,178.09,39.05,323.4,202.4,119.9,104.94,0.0,0.0,0.0,0.0,0.0,0.0,0.0
77.0746,0.0,0.0,0.0,165.44,32.56,325.6,202.4,124.52,146.3,0.0,5.61,0.0,0.0,0.0,0.0,0.0
77.0846,0.0,0.0,0.0,150.92,23.87,325.6,200.09,129.03,123.53,27.17,68.09,0.0,0.0,0.0,0.0,0.0
77.0946,0.0,0.0,0.0,132.33,17.27,325.6,197.78,131.34,69.08,88.33,105.05,10.01,19.03,7.48,22.11,0.0
77.1046,0.0,0.0,0.0,109.45,12.98,321.2,193.05,138.27,54.89,126.83,125.29,15.07,19.03,25.19,32.23,8.36
77.1146,0.0,0.0,0.0,81.95,8.58,312.4,181.5,145.09,47.96,126.83,139.15,15.07,23.21,32.67,48.4,8.36
77.1246,0.0,0.0,0.0,48.07,8.58,294.69,165.22,154.33,34.32,126.83,136.84,17.6,27.5,47.85,63.69,13.86
77.1346,0.0,0.0,0.0,20.9,8.58,258.5,140.25,165.77,25.08,133.32,132.22,22.66,31.79,62.7,82.83,19.47
77.1446,0.0,0.0,0.0,16.72,8.58,189.53,105.93,184.58,18.26,135.52,129.91,25.19,33.88,74.69,99.66,25.08
77.1546,0.0,0.0,0.0,12.54,8.58,113.85,68.09,201.19,15.95,137.72,134.53,27.72,38.06,84.26,118.58,30.69
77.1646,0.0,0.0,0.0,10.45,8.58,66.77,31.57,213.07,15.95,142.01,141.35,32.67,42.35,93.83,134.86,36.19
77.1746,0.0,0.0,0.0,10.45,6.49,29.59,18.04,163.46,13.64,142.01,148.28,32.67,44.44,101.09,151.14,41.8
77.1846,0.0,0.0,0.0,8.36,6.49,16.94,15.73,97.79,13.64,144.21,152.9,37.73,48.73,108.24,165.11,50.16
77.1946,0.0,0.0,0.0,8.36,4.29,14.74,11.22,65.12,13.64,146.41,152.9,37.73,52.91,115.5,177.21,61.49
77.2046,0.0,0.0,0.0,6.27,4.29,10.56,9.02,47.3,13.64,148.61,152.9,42.79,55.11,123.09,187.0,73.15
77.2146,0.0,0.0,0.0,4.18,0.0,6.27,4.51,38.28,11.44,148.61,150.59,45.32,57.53,128.15,196.79,84.81
77.2246,0.0,0.0,0.0,4.18,0.0,4.18,0.0,24.75,11.44,150.7,148.28,47.85,60.06,135.74,206.47,93.5
77.2346,0.0,0.0,0.0,0.0,0.0,0.0,0.0,6.71,11.44,148.61,143.66,50.38,62.59,140.8,213.84,102.19
77.2446,0.0,0.0,0.0,0.0,0.0,0.0,0.0,0.0,11.44,148.61,139.15,52.91,67.65,148.28,221.21,110.99
77.2546,0.0,0.0,0.0,0.0,0.0,0.0,0.0,0.0,11.44,146.41,132.22,55.44,70.18,153.34,228.36,118.58
77.2646,0.0,0.0,0.0,0.0,0.0,0.0,0.0,0.0,9.13,144.21,127.6,57.97,70.18,158.4,235.51,123.64
77.2746,0.0,0.0,0.0,0.0,0.0,0.0,0.0,0.0,11.44,139.92,122.98,60.39,72.71,160.93,240.35,131.23
77.2846,0.0,0.0,0.0,0.0,0.0,0.0,0.0,0.0,11.44,135.52,116.05,62.92,75.24,165.99,247.61,136.29
77.2946,0.0,0.0,0.0,0.0,0.0,0.0,0.0,0.0,11.44,129.03,109.45,65.45,77.77,171.05,252.34,141.35
77.3046,0.0,0.0,0.0,0.0,0.0,0.0,0.0,0.0,9.13,124.63,102.96,67.98,80.3,173.36,257.18,146.41
77.3146,0.0,0.0,0.0,0.0,0.0,0.0,0.0,0.0,9.13,118.14,96.36,70.4,80.3,178.09,262.02,148.94
77.3246,0.0,0.0,0.0,0.0,0.0,0.0,0.0,0.0,9.13,111.65,89.87,72.93,82.83,180.4,266.75,154.0
77.3346,0.0,0.0,0.0,0.0,0.0,0.0,0.0,0.0,9.13,107.47,81.18,75.46,85.25,185.13,269.17,156.53
77.3446,0.0,0.0,0.0,0.0,0.0,0.0,0.0,0.0,9.13,101.09,72.49,75.46,85.25,187.44,271.59,159.06
77.3546,0.0,0.0,0.0,0.0,0.0,0.0,0.0,0.0,9.13,96.8,63.8,77.99,87.78,189.86,276.43,161.59
77.3646,0.0,0.0,0.0,0.0,0.0,0.0,0.0,0.0,9.13,90.42,55.11,80.41,87.78,194.59,278.63,164.12
77.3746,0.0,0.0,0.0,0.0,0.0,0.0,0.0,0.0,9.13,84.04,49.39,80.41,87.78,194.59,280.94,166.76
77.3846,0.0,0.0,0.0,0.0,0.0,0.0,0.0,0.0,9.13,77.66,43.67,82.94,90.31,199.32,285.56,169.18
77.3946,0.0,0.0,0.0,0.0,0.0,0.0,0.0,0.0,9.13,71.28,39.82,82.94,90.31,201.63,287.87,171.71
77.4046,0.0,0.0,0.0,0.0,0.0,0.0,0.0,0.0,9.13,64.9,36.08,85.47,90.31,203.94,292.49,174.24
77.4146,0.0,0.0,0.0,0.0,0.0,0.0,0.0,0.0,9.13,58.63,30.36,85.47,92.84,206.36,294.8,176.77
77.4246,0.0,0.0,0.0,0.0,0.0,0.0,0.0,0.0,9.13,52.25,26.51,88.0,92.84,208.67,297.0,179.19
77.4346,0.0,0.0,0.0,0.0,0.0,0.0,0.0,0.0,9.13,45.98,24.64,88.0,92.84,211.09,301.62,181.72
77.4446,0.0,0.0,0.0,0.0,0.0,0.0,0.0,0.0,9.13,37.62,20.9,90.53,92.84,213.4,306.24,184.25
77.4546,0.0,0.0,0.0,0.0,0.0,0.0,0.0,0.0,6.82,31.35,18.92,90.53,92.84,218.13,308.55,186.78
77.4646,0.0,0.0,0.0,0.0,0.0,0.0,0.0,0.0,6.82,22.99,15.18,92.95,92.84,220.55,310.86,191.73
77.4746,0.0,0.0,0.0,0.0,0.0,0.0,0.0,0.0,6.82,16.72,15.18,92.95,92.84,222.97,315.37,194.26
77.4846,0.0,0.0,0.0,0.0,0.0,0.0,0.0,0.0,4.51,12.54,13.2,92.95,92.84,225.39,317.68,199.32
77.4946,0.0,0.0,0.0,0.0,0.0,0.0,0.0,0.0,4.51,8.36,9.46,92.95,90.31,230.34,319.99,201.85
77.5046,0.0,0.0,0.0,0.0,0.0,0.0,0.0,0.0,0.0,6.27,7.59,88.0,90.31,232.76,322.3,206.8
77.5146,0.0,0.0,0.0,0.0,0.0,0.0,0.0,0.0,0.0,4.18,7.59,85.47,87.78,235.18,326.92,211.86
77.5246,0.0,0.0,0.0,0.0,0.0,0.0,0.0,0.0,0.0,4.18,5.61,82.94,85.25,235.18,329.23,219.34
77.5346,0.0,0.0,0.0,0.0,0.0,0.0,0.0,0.0,0.0,0.0,3.74,77.99,80.3,237.6,331.54,224.4
77.5446,14.41,0.0,0.0,0.0,0.0,0.0,0.0,0.0,0.0,0.0,3.74,75.46,77.77,240.13,333.74,231.55
77.5546,16.5,0.0,0.0,0.0,0.0,0.0,0.0,0.0,0.0,0.0,3.74,70.4,72.71,242.55,336.05,236.28
77.5646,22.77,0.0,0.0,0.0,0.0,0.0,0.0,0.0,0.0,0.0,0.0,62.92,65.12,244.97,340.56,243.32
77.5746,22.77,0.0,0.0,0.0,0.0,0.0,0.0,0.0,0.0,0.0,0.0,57.97,60.06,244.97,342.76,250.36
77.5846,28.93,0.0,0.0,0.0,0.0,0.0,0.0,0.0,0.0,0.0,0.0,50.38,52.91,244.97,345.07,257.4
77.5946,33.11,0.0,0.0,0.0,0.0,0.0,0.0,0.0,0.0,0.0,0.0,42.79,46.53,244.97,347.27,262.02
77.6046,41.36,0.0,0.0,0.0,0.0,0.0,0.0,0.0,0.0,0.0,0.0,35.2,38.06,244.97,347.27,269.06
77.6146,90.53,0.0,0.0,0.0,0.0,0.0,0.0,0.0,0.0,0.0,0.0,27.72,31.79,244.97,347.27,273.79
77.6246,148.17,0.0,0.0,0.0,0.0,0.0,0.0,0.0,0.0,0.0,0.0,17.6,25.41,242.55,345.07,278.52
77.6346,168.08,54.56,0.0,0.0,0.0,0.0,0.0,0.0,0.0,0.0,0.0,7.48,19.03,240.13,340.56,283.47
77.6446,103.62,154.22,0.0,0.0,0.0,0.0,0.0,0.0,0.0,0.0,0.0,0.0,10.56,227.81,333.74,286.0
77.6546,70.95,215.05,23.54,41.8,0.0,6.27,0.0,0.0,0.0,0.0,0.0,0.0,6.27,211.09,319.99,288.53
77.6646,66.66,223.41,90.75,54.34,10.78,31.79,6.71,4.51,0.0,0.0,0.0,0.0,6.27,185.13,297.0,291.06
77.6746,60.06,229.68,106.37,58.63,17.27,50.82,15.73,9.02,0.0,0.0,0.0,0.0,6.27,153.34,264.33,291.06
77.6846,47.52,231.77,115.28,62.81,23.87,69.19,27.06,13.53,0.0,0.0,0.0,0.0,6.27,118.03,213.84,288.53
77.6946,39.27,233.86,119.68,69.19,25.96,80.85,38.28,15.73,0.0,0.0,0.0,0.0,8.47,84.26,151.14,288.53
77.7046,35.09,238.04,119.68,73.48,28.16,90.31,47.3,20.24,0.0,0.0,0.0,0.0,8.47,55.44,92.4,280.94
77.7146,31.02,252.67,115.28,79.75,30.36,99.66,54.12,20.24,0.0,0.0,0.0,0.0,8.47,20.13,34.32,250.36
77.7246,31.02,267.3,113.08,86.13,30.36,109.12,58.63,22.55,0.0,0.0,0.0,0.0,8.47,15.07,22.11,156.53
77.7346,28.93,277.75,113.08,92.51,32.56,116.16,63.36,24.75,0.0,0.0,0.0,0.0,6.27,10.01,20.13,110.99
77.7446,26.84,286.11,106.37,100.98,34.65,125.73,68.09,27.06,0.0,0.0,0.0,0.0,6.27,7.48,16.06,96.36
77.7546,26.84,298.43,99.66,109.45,34.65,132.99,70.4,27.06,0.0,0.0,0.0,0.0,4.18,4.95,10.01,84.81
77.7646,24.75,308.77,90.75,119.9,34.65,140.14,75.13,29.26,0.0,0.0,0.0,0.0,0.0,0.0,8.03,55.77
77.7746,24.75,315.04,81.84,128.15,34.65,147.29,75.13,29.26,0.0,0.0,0.0,0.0,0.0,0.0,3.96,19.47
77.7846,22.77,317.02,75.13,134.31,36.85,152.13,79.86,31.57,0.0,0.0,0.0,0.0,0.0,0.0,0.0,5.5
77.7946,22.77,317.02,68.42,140.58,36.85,156.97,82.28,31.57,0.0,0.0,0.0,0.0,0.0,0.0,0.0,0.0
77.8046,22.77,315.04,66.22,146.74,39.05,161.7,84.59,33.77,0.0,0.0,0.0,0.0,0.0,0.0,0.0,0.0
77.8146,20.68,308.77,66.22,150.92,41.25,164.12,89.32,33.77,0.0,0.0,0.0,0.0,0.0,0.0,0.0,0.0
77.8246,20.68,302.61,64.02,155.1,43.34,168.96,91.74,36.08,0.0,0.0,0.0,0.0,0.0,0.0,0.0,0.0
77.8346,20.68,296.45,61.71,159.17,43.34,171.16,94.05,36.08,0.0,0.0,0.0,0.0,0.0,0.0,0.0,0.0
77.8446,20.68,288.2,57.31,163.35,45.54,173.47,96.47,38.28,0.0,0.0,0.0,0.0,0.0,0.0,0.0,0.0
77.8546,18.59,279.95,53.13,167.53,45.54,175.78,96.47,38.28,0.0,0.0,0.0,0.0,0.0,0.0,0.0,0.0
77.8645,18.59,271.48,47.19,169.62,47.74,178.09,98.78,38.28,0.0,0.0,0.0,0.0,0.0,0.0,0.0,0.0
77.8745,18.59,263.12,41.25,173.8,47.74,180.4,101.2,38.28,0.0,0.0,0.0,0.0,0.0,0.0,0.0,0.0
77.8845,18.59,256.85,37.29,178.09,49.94,182.71,101.2,40.59,0.0,0.0,0.0,0.0,0.0,0.0,0.0,0.0
77.8945,18.59,248.49,33.44,182.38,49.94,184.91,103.51,40.59,0.0,0.0,0.0,0.0,0.0,0.0,0.0,0.0
77.9045,18.59,240.13,29.48,184.47,52.03,187.22,103.51,40.59,0.0,0.0,0.0,0.0,0.0,0.0,0.0,0.0
77.9145,18.59,231.77,27.5,188.65,52.03,187.22,105.93,40.59,0.0,0.0,0.0,0.0,0.0,0.0,0.0,0.0
77.9245,16.5,221.32,25.52,190.85,54.23,189.53,108.24,40.59,0.0,0.0,0.0,0.0,0.0,0.0,0.0,0.0
77.9345,16.5,215.05,23.54,195.03,54.23,191.84,110.66,42.79,0.0,0.0,0.0,0.0,0.0,0.0,0.0,0.0
77.9445,16.5,204.71,21.56,199.32,56.43,194.15,113.08,42.79,0.0,0.0,0.0,0.0,0.0,0.0,0.0,0.0
77.9545,16.5,196.46,17.71,203.61,58.63,196.46,115.28,42.79,0.0,0.0,0.0,0.0,0.0,0.0,0.0,0.0
77.9645,16.5,186.12,17.71,207.79,58.63,200.97,119.79,45.1,0.0,0.0,0.0,0.0,0.0,0.0,0.0,0.0
77.9745,16.5,175.78,13.75,212.08,60.72,205.59,122.1,45.1,0.0,0.0,0.0,0.0,0.0,0.0,0.0,0.0
77.9845,14.41,167.53,11.77,218.46,60.72,207.9,124.41,47.3,0.0,0.0,0.0,0.0,0.0,0.0,0.0,0.0
77.9945,14.41,158.62,11.77,222.64,62.92,212.41,126.61,47.3,0.0,0.0,0.0,0.0,0.0,0.0,0.0,0.0
78.0045,14.41,147.62,9.79,228.58,62.92,217.03,131.23,49.61,0.0,0.0,0.0,0.0,0.0,0.0,0.0,0.0
78.0145,14.41,138.82,9.79,234.3,62.92,221.65,133.43,49.61,0.0,0.0,0.0,0.0,0.0,0.0,0.0,0.0
78.0245,14.41,130.02,7.81,240.02,65.01,228.47,137.94,51.81,0.0,0.0,0.0,0.0,0.0,0.0,0.0,0.0
78.0345,14.41,119.02,7.81,245.85,65.01,233.09,140.25,54.12,0.0,0.0,0.0,0.0,0.0,0.0,0.0,0.0
78.0445,14.41,110.22,7.81,251.57,67.21,237.71,144.76,54.12,0.0,0.0,0.0,0.0,0.0,0.0,0.0,0.0
78.0545,12.32,102.19,7.81,255.31,67.21,242.33,147.07,56.32,0.0,0.0,0.0,0.0,0.0,0.0,0.0,0.0
78.0645,12.32,92.29,7.81,261.14,67.21,246.95,149.38,58.63,0.0,0.0,0.0,0.0,0.0,0.0,0.0,0.0
78.0745,12.32,82.28,7.81,264.88,67.21,251.57,153.89,58.63,0.0,0.0,0.0,0.0,0.0,0.0,0.0,0.0
78.0845,12.32,72.38,5.83,268.73,69.3,256.19,156.09,60.72,0.0,0.0,0.0,0.0,0.0,0.0,0.0,0.0
78.0945,10.34,60.5,5.83,272.58,69.3,260.81,158.4,62.92,0.0,0.0,0.0,0.0,0.0,0.0,0.0,0.0
78.1045,10.34,48.95,5.83,276.43,69.3,265.43,162.91,62.92,0.0,0.0,0.0,0.0,0.0,0.0,0.0,0.0
78.1145,10.34,35.75,5.83,278.52,69.3,270.05,165.22,65.12,11.44,0.0,0.0,0.0,0.0,0.0,0.0,0.0
78.1245,8.25,26.29,3.85,280.61,69.3,274.67,167.53,67.32,15.95,0.0,0.0,0.0,0.0,0.0,0.0,0.0
78.1345,6.16,16.94,3.85,276.43,69.3,281.49,172.15,69.41,22.88,0.0,0.0,0.0,0.0,0.0,0.0,0.0
78.1445,6.16,13.09,0.0,268.73,65.01,285.89,176.77,73.81,27.39,0.0,0.0,0.0,0.0,0.0,0.0,0.0
78.1545,4.07,9.35,0.0,257.29,60.72,290.29,179.08,76.01,36.52,0.0,0.0,0.0,0.0,0.0,0.0,0.0
78.1645,0.0,7.48,0.0,243.87,56.43,294.69,181.5,80.3,54.89,0.0,0.0,0.0,0.0,0.0,0.0,0.0
78.1745,0.0,5.61,0.0,230.56,52.03,299.09,183.81,86.9,109.67,0.0,3.74,0.0,0.0,0.0,0.0,0.0
78.1845,0.0,3.74,0.0,214.17,45.54,301.29,186.12,91.19,155.32,8.36,13.2,0.0,0.0,0.0,0.0,0.0
78.1945,0.0,3.74,0.0,195.03,39.05,301.29,188.43,95.59,92.95,52.25,72.49,0.0,0.0,0.0,0.0,11.11
78.2045,0.0,0.0,0.0,173.8,32.56,301.29,190.74,102.08,54.89,103.18,98.56,12.54,8.47,15.07,24.2,5.5
78.2145,0.0,0.0,0.0,148.83,25.96,299.09,190.74,110.88,50.27,124.63,107.25,17.6,12.65,25.19,40.37,8.36
78.2245,0.0,0.0,0.0,117.81,17.27,294.69,193.05,117.59,41.14,124.63,116.05,20.13,16.94,35.2,52.47,11.11
78.2345,0.0,0.0,0.0,84.04,10.78,288.09,188.43,126.83,29.7,133.32,113.85,25.19,19.03,52.91,63.69,13.86
78.2445,0.0,0.0,0.0,48.07,8.58,263.12,176.77,138.27,22.88,142.01,111.65,30.14,21.12,65.12,75.68,19.47
78.2545,0.0,0.0,0.0,20.9,8.58,226.27,147.07,149.71,18.26,144.21,111.65,32.67,23.21,77.11,87.67,22.33
78.2645,0.0,0.0,0.0,14.63,8.58,159.28,103.51,163.46,15.95,150.7,113.85,35.2,27.5,89.1,101.97,25.08
78.2745,0.0,0.0,0.0,12.54,8.58,90.31,60.94,177.43,15.95,157.3,116.05,40.26,29.59,96.25,113.96,27.83
78.2845,0.0,0.0,0.0,10.45,6.49,48.73,22.55,177.43,13.64,161.59,118.36,42.79,31.79,105.82,125.62,33.44
78.2945,0.0,0.0,0.0,10.45,6.49,21.12,15.73,124.52,13.64,168.19,120.67,47.85,33.88,115.5,134.86,36.19
78.3045,0.0,0.0,0.0,8.36,4.29,12.65,11.22,73.81,13.64,172.37,120.67,50.38,35.97,125.62,146.52,41.8
78.3145,0.0,0.0,0.0,8.36,4.29,10.56,9.02,47.3,11.44,176.55,120.67,55.44,38.06,135.74,155.87,47.41
78.3245,0.0,0.0,0.0,6.27,0.0,8.47,6.71,36.08,11.44,180.73,118.36,60.39,40.26,145.75,165.11,53.02
78.3345,0.0,0.0,0.0,4.18,0.0,4.18,0.0,27.06,11.44,182.82,116.05,62.92,42.35,153.34,172.37,61.49
78.3445,0.0,0.0,0.0,4.18,0.0,0.0,0.0,15.73,11.44,184.91,109.45,67.98,44.44,160.93,179.63,70.18
78.3545,0.0,0.0,0.0,0.0,0.0,0.0,0.0,0.0,11.44,184.91,105.05,72.93,46.53,168.52,187.0,76.01
78.3645,0.0,0.0,0.0,0.0,0.0,0.0,0.0,0.0,11.44,184.91,100.76,75.46,46.53,175.67,194.37,84.81
78.3745,0.0,0.0,0.0,0.0,0.0,0.0,0.0,0.0,11.44,182.82,96.36,77.99,48.73,180.4,201.63,93.5
78.3845,0.0,0.0,0.0,0.0,0.0,0.0,0.0,0.0,9.13,180.73,94.27,80.41,50.82,185.13,206.47,99.33
78.3945,0.0,0.0,0.0,0.0,0.0,0.0,0.0,0.0,9.13,176.55,89.87,82.94,52.91,189.86,211.42,105.16
78.4045,0.0,0.0,0.0,0.0,0.0,0.0,0.0,0.0,9.13,172.37,85.47,88.0,55.11,196.9,218.68,110.99
78.4145,0.0,0.0,0.0,0.0,0.0,0.0,0.0,0.0,9.13,168.19,78.98,90.53,55.11,199.32,221.21,116.05
78.4245,0.0,0.0,0.0,0.0,0.0,0.0,0.0,0.0,9.13,163.79,72.49,92.95,57.53,203.94,225.94,121.11
78.4345,0.0,0.0,0.0,0.0,0.0,0.0,0.0,0.0,9.13,157.3,65.89,95.48,60.06,208.67,230.78,123.64
78.4445,0.0,0.0,0.0,0.0,0.0,0.0,0.0,0.0,9.13,150.7,61.6,98.01,60.06,211.09,235.51,128.7
78.4545,0.0,0.0,0.0,0.0,0.0,0.0,0.0,0.0,9.13,146.41,55.11,100.54,62.59,215.82,237.93,131.23
78.4645,0.0,0.0,0.0,0.0,0.0,0.0,0.0,0.0,9.13,137.72,49.39,102.96,62.59,218.13,240.35,133.76
78.4745,0.0,0.0,0.0,0.0,0.0,0.0,0.0,0.0,9.13,133.32,43.67,102.96,65.12,220.55,245.19,136.29
78.4845,0.0,0.0,0.0,0.0,0.0,0.0,0.0,0.0,9.13,124.63,37.95,105.49,65.12,222.97,247.61,136.29
78.4945,0.0,0.0,0.0,0.0,0.0,0.0,0.0,0.0,9.13,118.14,34.1,108.02,67.65,225.39,249.92,138.82
78.5045,0.0,0.0,0.0,0.0,0.0,0.0,0.0,0.0,9.13,111.65,30.36,108.02,67.65,227.81,252.34,141.35
78.5145,0.0,0.0,0.0,0.0,0.0,0.0,0.0,0.0,9.13,105.27,26.51,110.55,67.65,230.34,254.76,143.88
78.5245,0.0,0.0,0.0,0.0,0.0,0.0,0.0,0.0,9.13,96.8,24.64,113.08,67.65,232.76,259.6,146.41
78.5345,0.0,0.0,0.0,0.0,0.0,0.0,0.0,0.0,9.13,90.42,20.9,113.08,67.65,235.18,262.02,148.94
78.5445,0.0,0.0,0.0,0.0,0.0,0.0,0.0,0.0,6.82,81.95,18.92,113.08,70.18,235.18,266.75,151.47
78.5545,0.0,0.0,0.0,0.0,0.0,0.0,0.0,0.0,6.82,73.48,17.05,115.5,70.18,237.6,269.17,154.0
78.5645,0.0,0.0,0.0,0.0,0.0,0.0,0.0,0.0,6.82,64.9,15.18,118.03,70.18,240.13,274.01,156.53
78.5745,0.0,0.0,0.0,0.0,0.0,0.0,0.0,0.0,6.82,54.34,13.2,118.03,70.18,242.55,276.43,161.59
78.5845,0.0,0.0,0.0,0.0,0.0,0.0,0.0,0.0,6.82,45.98,13.2,120.45,70.18,247.39,278.63,164.12
78.5945,0.0,0.0,0.0,0.0,0.0,0.0,0.0,0.0,6.82,37.62,11.33,120.45,70.18,249.92,283.25,166.76
78.6045,0.0,0.0,0.0,0.0,0.0,0.0,0.0,0.0,6.82,31.35,11.33,122.98,67.65,254.76,285.56,171.71
78.6145,0.0,0.0,0.0,0.0,0.0,0.0,0.0,0.0,4.51,22.99,9.46,125.51,67.65,257.18,287.87,174.24
78.6245,0.0,0.0,0.0,0.0,0.0,0.0,0.0,0.0,4.51,18.81,9.46,122.98,70.18,259.71,290.18,179.19
78.6345,0.0,0.0,0.0,0.0,0.0,0.0,0.0,0.0,4.51,12.54,7.59,122.98,67.65,262.13,294.8,184.25
78.6445,0.0,0.0,0.0,0.0,0.0,0.0,0.0,0.0,0.0,10.45,5.61,122.98,67.65,266.97,299.31,189.31
78.6545,0.0,0.0,0.0,0.0,0.0,0.0,0.0,0.0,0.0,6.27,5.61,120.45,65.12,266.97,301.62,194.26
78.6645,12.32,0.0,0.0,0.0,0.0,0.0,0.0,0.0,0.0,6.27,3.74,115.5,62.59,269.5,306.24,201.85
78.6745,10.34,0.0,0.0,0.0,0.0,0.0,0.0,0.0,0.0,4.18,3.74,110.55,60.06,271.92,313.17,206.8
78.6845,16.5,0.0,0.0,0.0,0.0,0.0,0.0,0.0,0.0,0.0,0.0,105.49,57.53,274.34,315.37,214.39
78.6945,20.68,0.0,0.0,0.0,0.0,0.0,0.0,0.0,0.0,0.0,0.0,100.54,52.91,276.76,319.99,221.87
78.7045,24.75,0.0,0.0,0.0,0.0,0.0,0.0,0.0,0.0,0.0,0.0,92.95,48.73,279.29,324.61,229.24
78.7145,26.84,0.0,0.0,0.0,0.0,0.0,0.0,0.0,0.0,0.0,0.0,90.53,44.44,281.71,326.92,236.28
78.7245,28.93,0.0,0.0,0.0,0.0,0.0,0.0,0.0,0.0,0.0,0.0,82.94,38.06,281.71,329.23,240.9
78.7345,41.36,0.0,0.0,0.0,0.0,0.0,0.0,0.0,0.0,0.0,0.0,75.46,31.79,286.55,331.54,250.36
78.7445,66.66,0.0,0.0,0.0,0.0,0.0,0.0,0.0,0.0,0.0,0.0,67.98,27.5,286.55,331.54,254.98
78.7545,94.93,0.0,0.0,0.0,0.0,0.0,0.0,0.0,0.0,0.0,0.0,57.97,21.12,289.08,331.54,262.02
78.7645,142.23,0.0,0.0,0.0,0.0,0.0,0.0,0.0,0.0,0.0,0.0,47.85,16.94,289.08,329.23,266.75
78.7745,166.1,35.75,0.0,0.0,0.0,0.0,0.0,0.0,0.0,0.0,0.0,35.2,10.56,286.55,324.61,271.48
78.7845,112.42,125.62,0.0,0.0,0.0,0.0,0.0,0.0,0.0,0.0,0.0,22.66,8.47,284.13,315.37,276.1
78.7945,73.15,188.21,17.71,33.44,0.0,0.0,0.0,0.0,0.0,0.0,0.0,10.01,6.27,276.76,301.62,278.52
78.8045,66.66,198.55,77.33,50.16,8.58,21.12,4.51,0.0,0.0,0.0,0.0,4.95,6.27,262.13,283.25,283.47
78.8145,60.06,202.62,101.86,54.34,17.27,38.06,11.22,6.71,0.0,0.0,0.0,0.0,8.47,235.18,252.34,286.0
78.8245,49.61,200.64,113.08,58.63,25.96,57.42,27.06,11.22,0.0,0.0,0.0,0.0,8.47,196.9,211.42,291.06
78.8345,41.36,194.37,119.68,60.72,30.36,69.19,40.59,13.53,0.0,0.0,0.0,0.0,10.56,145.75,160.49,293.59
78.8445,35.09,192.28,121.88,65.01,34.65,80.85,54.12,18.04,0.0,0.0,0.0,0.0,10.56,103.4,109.23,293.59
78.8545,33.11,198.55,124.08,69.19,39.05,90.31,65.67,18.04,0.0,0.0,0.0,0.0,10.56,65.12,54.45,278.52
78.8645,31.02,206.8,128.48,73.48,43.34,99.66,77.55,22.55,0.0,0.0,0.0,0.0,8.47,25.19,28.27,214.39
78.8745,28.93,212.96,132.88,77.66,45.54,106.7,87.01,22.55,0.0,0.0,0.0,0.0,8.47,17.6,22.11,136.29
78.8845,28.93,219.23,135.08,81.95,47.74,113.85,96.47,24.75,0.0,0.0,0.0,0.0,6.27,12.54,18.15,110.99
78.8945,28.93,227.59,137.28,86.13,49.94,121.0,103.51,27.06,0.0,0.0,0.0,0.0,4.18,10.01,14.08,105.16
78.9045,26.84,235.95,135.08,90.42,52.03,128.15,108.24,29.26,0.0,0.0,0.0,0.0,4.18,7.48,10.01,87.67
78.9145,26.84,242.22,135.08,96.8,54.23,135.41,113.08,31.57,0.0,0.0,0.0,0.0,0.0,4.95,6.05,53.02
78.9245,26.84,246.4,135.08,100.98,56.43,140.14,119.79,31.57,0.0,0.0,0.0,0.0,0.0,0.0,3.96,16.72
78.9345,26.84,248.49,135.08,103.07,58.63,144.98,124.41,33.77,0.0,0.0,0.0,0.0,0.0,0.0,0.0,5.5
78.9445,26.84,246.4,135.08,107.36,58.63,149.71,128.92,36.08,0.0,0.0,0.0,0.0,0.0,0.0,0.0,0.0
78.9545,24.75,244.31,135.08,111.65,60.72,154.55,133.43,36.08,0.0,0.0,0.0,0.0,0.0,0.0,0.0,0.0
78.9645,24.75,240.13,132.88,115.72,62.92,159.28,137.94,38.28,0.0,0.0,0.0,0.0,0.0,0.0,0.0,0.0
78.9745,24.75,235.95,130.68,117.81,65.01,161.7,140.25,40.59,0.0,0.0,0.0,0.0,0.0,0.0,0.0,0.0
78.9845,22.77,229.68,124.08,121.99,65.01,166.54,144.76,40.59,0.0,0.0,0.0,0.0,0.0,0.0,0.0,0.0
78.9945,22.77,223.41,119.68,123.97,67.21,168.96,147.07,42.79,0.0,0.0,0.0,0.0,0.0,0.0,0.0,0.0
79.0045,22.77,217.14,113.08,128.15,69.3,171.16,149.38,45.1,0.0,0.0,0.0,0.0,0.0,0.0,0.0,0.0
79.0145,20.68,208.89,106.37,132.33,69.3,173.47,151.58,45.1,0.0,0.0,0.0,0.0,0.0,0.0,0.0,0.0
79.0245,20.68,200.64,99.66,134.31,71.5,178.09,153.89,47.3,0.0,0.0,0.0,0.0,0.0,0.0,0.0,0.0
79.0345,20.68,192.28,92.95,138.49,73.59,180.4,158.4,47.3,0.0,0.0,0.0,0.0,0.0,0.0,0.0,0.0
79.0445,20.68,184.03,86.24,142.67,75.79,182.71,160.71,49.61,0.0,0.0,0.0,0.0,0.0,0.0,0.0,0.0
79.0545,18.59,175.78,79.53,144.76,77.88,187.22,162.91,49.61,0.0,0.0,0.0,0.0,0.0,0.0,0.0,0.0
79.0645,18.59,167.53,72.93,148.83,77.88,189.53,167.53,51.81,0.0,0.0,0.0,0.0,0.0,0.0,0.0,0.0
79.0745,18.59,158.62,66.22,150.92,80.08,191.84,169.84,51.81,0.0,0.0,0.0,0.0,0.0,0.0,0.0,0.0
79.0845,18.59,149.82,59.51,155.1,82.17,196.46,174.46,54.12,0.0,0.0,0.0,0.0,0.0,0.0,0.0,0.0
79.0945,16.5,141.02,53.13,159.17,84.37,198.66,179.08,56.32,0.0,0.0,0.0,0.0,0.0,0.0,0.0,0.0
79.1045,16.5,132.22,45.21,163.35,86.57,203.28,181.5,56.32,0.0,0.0,0.0,0.0,0.0,0.0,0.0,0.0
79.1145,16.5,123.42,39.27,167.53,86.57,207.9,186.12,58.63,0.0,0.0,0.0,0.0,0.0,0.0,0.0,0.0
79.1245,16.5,114.62,33.44,173.8,88.66,210.21,190.74,60.72,0.0,0.0,0.0,0.0,0.0,0.0,0.0,0.0
79.1345,16.5,106.15,27.5,178.09,90.86,217.03,195.47,62.92,0.0,0.0,0.0,0.0,0.0,0.0,0.0,0.0
79.1445,14.41,98.23,21.56,184.47,90.86,221.65,200.09,65.12,0.0,0.0,0.0,0.0,0.0,0.0,0.0,0.0
79.1545,14.41,90.31,17.71,188.65,92.95,226.27,202.4,67.32,0.0,0.0,0.0,0.0,0.0,0.0,0.0,0.0
79.1645,14.41,78.32,13.75,195.03,92.95,233.09,207.02,69.41,0.0,0.0,0.0,0.0,0.0,0.0,0.0,0.0
79.1745,14.41,68.42,11.77,201.41,92.95,240.02,209.44,71.61,0.0,0.0,0.0,0.0,0.0,0.0,0.0,0.0
79.1845,12.32,56.54,9.79,207.79,90.86,244.64,211.75,73.81,0.0,0.0,0.0,0.0,0.0,0.0,0.0,0.0
79.1945,12.32,43.34,7.81,212.08,90.86,251.57,214.06,73.81,0.0,0.0,0.0,0.0,0.0,0.0,0.0,0.0
79.2045,10.34,32.01,7.81,216.26,90.86,258.5,218.68,76.01,0.0,0.0,0.0,0.0,0.0,0.0,0.0,0.0
79.2145,8.25,22.55,5.83,220.55,88.66,263.12,220.99,78.21,0.0,0.0,0.0,0.0,0.0,0.0,0.0,0.0
79.2245,8.25,15.07,3.85,218.46,88.66,270.05,223.41,82.5,0.0,0.0,0.0,0.0,0.0,0.0,0.0,0.0
79.2345,6.16,11.22,3.85,214.17,84.37,274.67,227.92,84.7,0.0,0.0,0.0,0.0,0.0,0.0,0.0,0.0
79.2445,4.07,9.35,0.0,207.79,82.17,279.29,230.23,89.1,13.64,0.0,0.0,0.0,0.0,0.0,0.0,0.0
79.2545,4.07,7.48,0.0,201.41,77.88,285.89,232.54,95.59,15.95,0.0,0.0,0.0,0.0,0.0,0.0,0.0
79.2645,0.0,5.61,0.0,192.94,71.5,290.29,234.85,99.99,27.39,0.0,0.0,0.0,0.0,0.0,0.0,0.0
79.2745,0.0,3.74,0.0,184.47,65.01,294.69,237.16,104.28,32.01,0.0,0.0,0.0,0.0,0.0,0.0,0.0
79.2845,0.0,3.74,0.0,176.0,60.72,301.29,237.16,108.68,36.52,0.0,0.0,0.0,0.0,0.0,0.0,0.0
79.2944,0.0,0.0,0.0,169.62,54.23,305.8,237.16,113.08,54.89,0.0,0.0,0.0,0.0,0.0,0.0,0.0
79.3044,0.0,0.0,0.0,159.17,47.74,310.2,237.16,119.9,100.1,0.0,0.0,0.0,0.0,0.0,0.0,0.0
79.3144,0.0,0.0,0.0,148.83,41.25,312.4,234.85,124.52,109.67,0.0,0.0,0.0,0.0,0.0,0.0,0.0
79.3244,0.0,0.0,0.0,136.4,32.56,314.6,234.85,126.83,125.84,0.0,0.0,0.0,0.0,0.0,0.0,0.0
79.3344,0.0,0.0,0.0,119.9,23.87,314.6,232.54,133.65,171.38,10.45,5.61,0.0,0.0,0.0,0.0,0.0
79.3444,0.0,0.0,0.0,100.98,17.27,312.4,230.23,138.27,112.09,60.72,61.6,0.0,0.0,0.0,0.0,0.0
79.3544,0.0,0.0,0.0,79.75,10.78,308.0,225.61,142.78,52.58,122.54,94.27,12.54,19.03,7.48,22.11,0.0
79.3644,0.0,0.0,0.0,56.54,8.58,296.89,214.06,149.71,36.52,144.21,116.05,17.6,19.03,22.66,36.3,8.36
79.3744,0.0,0.0,0.0,29.26,8.58,274.67,190.74,158.84,29.7,144.21,127.6,20.13,23.21,35.2,52.47,8.36
79.3844,0.0,0.0,0.0,14.63,8.58,233.09,158.4,172.7,22.88,142.01,132.22,25.19,27.5,52.91,70.84,13.86
79.3944,0.0,0.0,0.0,12.54,8.58,166.54,119.79,189.31,18.26,142.01,134.53,27.72,31.79,67.54,87.67,19.47
79.4044,0.0,0.0,0.0,10.45,8.58,102.08,75.13,203.61,15.95,142.01,136.84,30.14,33.88,79.53,104.39,25.08
79.4144,0.0,0.0,0.0,8.36,8.58,59.73,33.77,210.76,15.95,146.41,143.66,32.67,38.06,89.1,120.89,30.69
79.4244,0.0,0.0,0.0,8.36,6.49,25.41,20.24,156.53,15.95,152.9,150.59,35.2,42.35,98.67,137.17,36.19
79.4344,0.0,0.0,0.0,6.27,6.49,14.74,15.73,91.19,13.64,157.3,157.52,37.73,44.44,108.24,151.14,41.8
79.4444,0.0,0.0,0.0,6.27,4.29,12.65,11.22,58.63,13.64,161.59,162.14,40.26,46.53,115.5,162.8,50.16
79.4544,0.0,0.0,0.0,4.18,4.29,8.47,9.02,27.06,13.64,165.99,164.45,42.79,48.73,120.56,174.79,58.63
79.4644,0.0,0.0,0.0,4.18,0.0,6.27,4.51,36.08,13.64,170.28,166.76,45.32,50.82,128.15,184.58,70.18
79.4744,0.0,0.0,0.0,0.0,0.0,4.18,0.0,20.24,13.64,170.28,166.76,45.32,52.91,133.21,191.84,78.98
79.4844,0.0,0.0,0.0,0.0,0.0,0.0,0.0,0.0,11.44,170.28,164.45,50.38,57.53,138.27,199.21,87.67
79.4944,0.0,0.0,0.0,0.0,0.0,0.0,0.0,0.0,11.44,168.19,164.45,50.38,57.53,140.8,209.0,96.36
79.5044,0.0,0.0,0.0,0.0,0.0,0.0,0.0,0.0,11.44,165.99,162.14,52.91,60.06,145.75,213.84,102.19
79.5144,0.0,0.0,0.0,0.0,0.0,0.0,0.0,0.0,11.44,163.79,159.83,55.44,62.59,150.81,221.21,110.99
79.5244,0.0,0.0,0.0,0.0,0.0,0.0,0.0,0.0,11.44,159.39,155.21,57.97,65.12,153.34,225.94,116.05
79.5344,0.0,0.0,0.0,0.0,0.0,0.0,0.0,0.0,11.44,155.1,150.59,60.39,67.65,158.4,230.78,123.64
79.5444,0.0,0.0,0.0,0.0,0.0,0.0,0.0,0.0,11.44,148.61,143.66,60.39,70.18,160.93,235.51,128.7
79.5544,0.0,0.0,0.0,0.0,0.0,0.0,0.0,0.0,11.44,142.01,139.15,62.92,70.18,165.99,240.35,133.76
79.5644,0.0,0.0,0.0,0.0,0.0,0.0,0.0,0.0,9.13,135.52,132.22,65.45,72.71,168.52,245.19,136.29
79.5744,0.0,0.0,0.0,0.0,0.0,0.0,0.0,0.0,11.44,129.03,122.98,67.98,75.24,171.05,247.61,138.82
79.5844,0.0,0.0,0.0,0.0,0.0,0.0,0.0,0.0,11.44,122.54,116.05,67.98,75.24,175.67,249.92,143.88
79.5944,0.0,0.0,0.0,0.0,0.0,0.0,0.0,0.0,9.13,115.94,109.45,70.4,77.77,178.09,254.76,146.41
79.6044,0.0,0.0,0.0,0.0,0.0,0.0,0.0,0.0,9.13,109.56,100.76,72.93,77.77,178.09,257.18,148.94
79.6144,0.0,0.0,0.0,0.0,0.0,0.0,0.0,0.0,9.13,103.18,94.27,72.93,80.3,182.82,262.02,151.47
79.6244,0.0,0.0,0.0,0.0,0.0,0.0,0.0,0.0,9.13,94.71,85.47,75.46,82.83,185.13,264.33,154.0
79.6344,0.0,0.0,0.0,0.0,0.0,0.0,0.0,0.0,9.13,88.33,78.98,77.99,82.83,187.44,269.17,156.53
79.6444,0.0,0.0,0.0,0.0,0.0,0.0,0.0,0.0,9.13,79.86,70.29,77.99,85.25,189.86,271.59,159.06
79.6544,0.0,0.0,0.0,0.0,0.0,0.0,0.0,0.0,9.13,73.48,63.8,80.41,85.25,192.17,276.43,161.59
79.6644,0.0,0.0,0.0,0.0,0.0,0.0,0.0,0.0,9.13,67.1,57.2,80.41,87.78,194.59,280.94,164.12
79.6744,0.0,0.0,0.0,0.0,0.0,0.0,0.0,0.0,9.13,58.63,53.13,80.41,87.78,194.59,285.56,166.76
79.6844,0.0,0.0,0.0,0.0,0.0,0.0,0.0,0.0,9.13,52.25,47.41,82.94,87.78,196.9,287.87,171.71
79.6944,0.0,0.0,0.0,0.0,0.0,0.0,0.0,0.0,9.13,45.98,41.8,82.94,90.31,201.63,292.49,174.24
79.7044,0.0,0.0,0.0,0.0,0.0,0.0,0.0,0.0,9.13,39.71,37.95,85.47,90.31,203.94,297.0,179.19
79.7144,0.0,0.0,0.0,0.0,0.0,0.0,0.0,0.0,9.13,33.44,32.23,85.47,90.31,206.36,301.62,181.72
79.7244,0.0,0.0,0.0,0.0,0.0,0.0,0.0,0.0,6.82,25.08,28.49,88.0,92.84,211.09,306.24,186.78
79.7344,0.0,0.0,0.0,0.0,0.0,0.0,0.0,0.0,6.82,18.81,22.77,88.0,92.84,213.4,310.86,189.31
79.7444,0.0,0.0,0.0,0.0,0.0,0.0,0.0,0.0,6.82,12.54,17.05,88.0,92.84,215.82,315.37,194.26
79.7544,0.0,0.0,0.0,0.0,0.0,0.0,0.0,0.0,4.51,10.45,13.2,85.47,92.84,218.13,319.99,201.85
79.7644,0.0,0.0,0.0,0.0,0.0,0.0,0.0,0.0,0.0,6.27,9.46,82.94,90.31,220.55,324.61,206.8
79.7744,0.0,0.0,0.0,0.0,0.0,0.0,0.0,0.0,0.0,4.18,7.59,77.99,90.31,220.55,331.54,214.39
79.7844,20.68,0.0,0.0,0.0,0.0,0.0,0.0,0.0,0.0,4.18,7.59,72.93,85.25,222.97,336.05,221.87
79.7944,28.93,0.0,0.0,0.0,0.0,0.0,0.0,0.0,0.0,0.0,5.61,67.98,82.83,222.97,340.56,229.24
79.8044,37.18,0.0,0.0,0.0,0.0,0.0,0.0,0.0,0.0,0.0,3.74,60.39,77.77,222.97,347.27,238.59
79.8144,43.45,0.0,0.0,0.0,0.0,0.0,0.0,0.0,0.0,0.0,3.74,55.44,70.18,222.97,349.58,247.94
79.8244,57.97,0.0,0.0,0.0,0.0,0.0,0.0,0.0,0.0,0.0,0.0,47.85,62.59,222.97,351.89,254.98
79.8344,114.4,0.0,0.0,0.0,0.0,0.0,0.0,0.0,0.0,0.0,0.0,40.26,52.91,222.97,354.09,262.02
79.8444,160.05,54.56,0.0,0.0,0.0,0.0,0.0,0.0,0.0,0.0,0.0,30.14,44.44,222.97,354.09,269.06
79.8544,105.82,147.62,0.0,0.0,0.0,0.0,0.0,0.0,0.0,0.0,0.0,22.66,35.97,220.55,349.58,273.79
79.8644,79.64,194.37,5.83,37.62,0.0,0.0,0.0,0.0,0.0,0.0,0.0,12.54,27.5,215.82,342.76,276.1
79.8744,79.64,200.64,79.53,54.34,17.27,21.12,6.71,4.51,0.0,0.0,0.0,0.0,19.03,206.36,331.54,278.52
79.8844,73.15,217.14,97.46,60.72,25.96,40.26,15.73,9.02,0.0,0.0,0.0,0.0,8.47,187.44,317.68,278.52
79.8944,57.97,225.5,104.06,69.19,32.56,59.73,29.26,13.53,0.0,0.0,0.0,0.0,6.27,158.4,290.18,280.94
79.9044,47.52,225.5,113.08,73.48,34.65,71.5,38.28,15.73,0.0,0.0,0.0,0.0,6.27,118.03,252.34,276.1
79.9144,41.36,231.77,108.57,79.75,36.85,80.85,42.79,15.73,0.0,0.0,0.0,0.0,6.27,84.26,199.21,271.48
79.9244,37.18,244.31,99.66,86.13,36.85,90.31,47.3,18.04,0.0,0.0,0.0,0.0,6.27,60.28,139.59,266.75
79.9344,35.09,254.76,95.15,94.6,36.85,99.66,49.61,20.24,0.0,0.0,0.0,0.0,6.27,32.67,82.83,259.71
79.9444,33.11,261.03,88.55,100.98,36.85,106.7,51.81,20.24,0.0,0.0,0.0,0.0,6.27,12.54,28.27,221.87
79.9544,31.02,269.39,77.33,109.45,36.85,113.85,54.12,22.55,0.0,0.0,0.0,0.0,4.18,10.01,18.15,143.88
79.9644,28.93,279.95,66.22,117.81,39.05,121.0,54.12,22.55,0.0,0.0,0.0,0.0,4.18,7.48,14.08,102.19
79.9744,26.84,290.18,53.13,126.06,39.05,128.15,56.32,22.55,0.0,0.0,0.0,0.0,0.0,4.95,12.1,81.84
79.9844,26.84,298.43,45.21,134.31,39.05,132.99,56.32,24.75,0.0,0.0,0.0,0.0,0.0,4.95,8.03,70.18
79.9944,24.75,300.52,39.27,142.67,39.05,140.14,58.63,24.75,0.0,0.0,0.0,0.0,0.0,0.0,6.05,50.16
80.0044,24.75,300.52,37.29,148.83,41.25,144.98,63.36,24.75,0.0,0.0,0.0,0.0,0.0,0.0,3.96,16.72
80.0144,22.77,300.52,35.42,157.08,41.25,152.13,65.67,27.06,0.0,0.0,0.0,0.0,0.0,0.0,0.0,0.0
80.0244,22.77,298.43,35.42,163.35,43.34,156.97,70.4,29.26,0.0,0.0,0.0,0.0,0.0,0.0,0.0,0.0
80.0344,20.68,294.36,31.46,171.71,45.54,164.12,72.82,29.26,0.0,0.0,0.0,0.0,0.0,0.0,0.0,0.0
80.0444,20.68,288.2,27.5,180.18,45.54,171.16,75.13,31.57,0.0,0.0,0.0,0.0,0.0,0.0,0.0,0.0
80.0544,20.68,281.93,21.56,188.65,47.74,178.09,77.55,31.57,0.0,0.0,0.0,0.0,0.0,0.0,0.0,0.0
80.0644,18.59,273.57,17.71,199.32,47.74,182.71,79.86,31.57,0.0,0.0,0.0,0.0,0.0,0.0,0.0,0.0
80.0744,18.59,263.12,15.73,207.79,47.74,189.53,82.28,33.77,0.0,0.0,0.0,0.0,0.0,0.0,0.0,0.0
80.0844,18.59,250.58,11.77,216.26,47.74,194.15,82.28,33.77,0.0,0.0,0.0,0.0,0.0,0.0,0.0,0.0
80.0944,16.5,240.13,11.77,224.84,47.74,198.66,84.59,36.08,0.0,0.0,0.0,0.0,0.0,0.0,0.0,0.0
80.1044,16.5,229.68,9.79,230.56,47.74,203.28,87.01,36.08,0.0,0.0,0.0,0.0,0.0,0.0,0.0,0.0
80.1144,16.5,219.23,9.79,238.15,47.74,207.9,87.01,36.08,0.0,0.0,0.0,0.0,0.0,0.0,0.0,0.0
80.1244,16.5,210.98,7.81,242.0,47.74,212.41,89.32,36.08,0.0,0.0,0.0,0.0,0.0,0.0,0.0,0.0
80.1344,14.41,200.64,7.81,247.72,47.74,214.72,89.32,38.28,0.0,0.0,0.0,0.0,0.0,0.0,0.0,0.0
80.1444,14.41,190.19,7.81,253.44,49.94,219.34,91.74,38.28,0.0,0.0,0.0,0.0,0.0,0.0,0.0,0.0
80.1544,14.41,179.85,7.81,257.29,49.94,221.65,94.05,40.59,0.0,0.0,0.0,0.0,0.0,0.0,0.0,0.0
80.1644,14.41,171.6,7.81,263.01,49.94,226.27,94.05,40.59,0.0,0.0,0.0,0.0,0.0,0.0,0.0,0.0
80.1744,14.41,160.82,7.81,266.86,49.94,228.47,96.47,40.59,0.0,0.0,0.0,0.0,0.0,0.0,0.0,0.0
80.1844,14.41,149.82,7.81,272.58,49.94,233.09,98.78,40.59,0.0,0.0,0.0,0.0,0.0,0.0,0.0,0.0
80.1944,12.32,141.02,5.83,278.52,49.94,235.4,98.78,42.79,0.0,0.0,0.0,0.0,0.0,0.0,0.0,0.0
80.2044,12.32,130.02,5.83,282.7,49.94,240.02,101.2,42.79,0.0,0.0,0.0,0.0,0.0,0.0,0.0,0.0
80.2144,12.32,119.02,5.83,289.08,49.94,244.64,103.51,42.79,0.0,0.0,0.0,0.0,0.0,0.0,0.0,0.0
80.2244,12.32,108.13,5.83,295.46,49.94,249.26,103.51,45.1,0.0,0.0,0.0,0.0,0.0,0.0,0.0,0.0
80.2344,12.32,98.23,5.83,299.75,49.94,251.57,105.93,45.1,0.0,0.0,0.0,0.0,0.0,0.0,0.0,0.0
80.2444,10.34,88.33,5.83,306.02,49.94,256.19,108.24,45.1,0.0,0.0,0.0,0.0,0.0,0.0,0.0,0.0
80.2544,10.34,76.34,5.83,312.4,49.94,263.12,110.66,47.3,0.0,0.0,0.0,0.0,0.0,0.0,0.0,0.0
80.2644,10.34,66.44,3.85,316.69,49.94,265.43,113.08,47.3,0.0,0.0,0.0,0.0,0.0,0.0,0.0,0.0
80.2744,10.34,56.54,3.85,320.87,49.94,270.05,115.28,49.61,0.0,0.0,0.0,0.0,0.0,0.0,0.0,0.0
80.2844,10.34,48.95,3.85,325.16,49.94,274.67,117.59,49.61,0.0,0.0,0.0,0.0,0.0,0.0,0.0,0.0
80.2944,8.25,37.62,3.85,329.45,49.94,279.29,119.79,51.81,0.0,0.0,0.0,0.0,0.0,0.0,0.0,0.0
80.3044,8.25,30.14,3.85,331.54,52.03,283.69,122.1,51.81,0.0,0.0,0.0,0.0,0.0,0.0,0.0,0.0
80.3144,8.25,22.55,3.85,329.45,52.03,288.09,124.41,54.12,0.0,0.0,0.0,0.0,0.0,0.0,0.0,0.0
80.3244,6.16,15.07,3.85,327.25,52.03,290.29,128.92,54.12,0.0,0.0,0.0,0.0,0.0,0.0,0.0,0.0
80.3344,6.16,13.09,0.0,318.78,52.03,294.69,133.43,58.63,0.0,0.0,0.0,0.0,0.0,0.0,0.0,0.0
80.3444,4.07,11.22,0.0,308.22,49.94,301.29,135.74,60.72,11.44,0.0,0.0,0.0,0.0,0.0,0.0,0.0
80.3544,0.0,7.48,0.0,297.55,47.74,303.49,140.25,62.92,13.64,0.0,0.0,0.0,0.0,0.0,0.0,0.0
80.3644,0.0,7.48,0.0,284.9,43.34,310.2,142.56,65.12,18.26,0.0,0.0,0.0,0.0,0.0,0.0,0.0
80.3744,0.0,5.61,0.0,274.45,41.25,314.6,147.07,69.41,22.88,0.0,0.0,0.0,0.0,0.0,0.0,0.0
80.3844,0.0,3.74,0.0,263.01,36.85,319.0,147.07,73.81,32.01,0.0,0.0,0.0,0.0,0.0,0.0,0.0
80.3944,0.0,3.74,0.0,251.57,32.56,321.2,149.38,78.21,41.14,0.0,0.0,0.0,0.0,0.0,0.0,0.0
80.4044,0.0,0.0,0.0,240.02,28.16,325.6,149.38,84.7,78.65,0.0,0.0,0.0,0.0,0.0,0.0,0.0
80.4144,0.0,0.0,0.0,226.71,23.87,327.8,151.58,89.1,123.53,0.0,0.0,0.0,0.0,0.0,0.0,0.0
80.4244,0.0,0.0,0.0,212.08,17.27,327.8,151.58,93.39,180.73,6.27,7.59,0.0,0.0,0.0,0.0,0.0
80.4344,0.0,0.0,0.0,190.85,12.98,330.11,149.38,99.99,116.71,54.34,72.49,0.0,0.0,0.0,0.0,0.0
80.4444,0.0,0.0,0.0,165.44,8.58,330.11,149.38,108.68,64.35,115.94,105.05,10.01,19.03,17.6,26.18,0.0
80.4544,0.0,0.0,0.0,136.4,6.49,325.6,142.56,117.59,59.51,135.52,122.98,12.54,25.41,32.67,44.33,5.5
80.4644,0.0,0.0,0.0,100.98,6.49,316.8,133.43,126.83,50.27,126.83,134.53,12.54,29.59,42.79,63.69,8.36
80.4744,0.0,0.0,0.0,60.72,6.49,296.89,115.28,142.78,34.32,126.83,134.53,17.6,33.88,57.97,80.41,13.86
80.4844,0.0,0.0,0.0,25.08,6.49,256.19,96.47,158.84,27.39,126.83,134.53,17.6,38.06,72.27,97.24,19.47
80.4944,0.0,0.0,0.0,16.72,8.58,175.78,70.4,177.43,22.88,129.03,136.84,22.66,40.26,79.53,113.96,25.08
80.5044,0.0,0.0,0.0,14.63,8.58,97.35,38.28,189.31,20.57,133.32,141.35,22.66,44.44,89.1,130.24,30.69
80.5144,0.0,0.0,0.0,12.54,6.49,55.11,20.24,172.7,18.26,139.92,145.97,25.19,46.53,96.25,146.52,36.19
80.5244,0.0,0.0,0.0,12.54,6.49,23.21,15.73,117.59,15.95,144.21,152.9,27.72,48.73,105.82,158.18,44.66
80.5344,0.0,0.0,0.0,10.45,4.29,14.74,11.22,76.01,18.26,148.61,155.21,30.14,52.91,110.66,167.53,53.02
80.5444,0.0,0.0,0.0,8.36,4.29,12.65,9.02,54.12,15.95,155.1,155.21,32.67,55.11,118.03,177.21,64.35
80.5544,0.0,0.0,0.0,8.36,0.0,8.47,6.71,42.79,15.95,161.59,150.59,37.73,57.53,125.62,182.16,73.15
80.5644,0.0,0.0,0.0,6.27,0.0,6.27,0.0,33.77,13.64,163.79,148.28,40.26,60.06,133.21,191.84,81.84
80.5744,0.0,0.0,0.0,4.18,0.0,4.18,0.0,15.73,13.64,165.99,143.66,42.79,62.59,138.27,199.21,90.53
80.5844,0.0,0.0,0.0,4.18,0.0,0.0,0.0,0.0,13.64,165.99,141.35,45.32,65.12,143.22,204.05,99.33
80.5944,0.0,0.0,0.0,0.0,0.0,0.0,0.0,0.0,13.64,163.79,136.84,47.85,67.65,150.81,211.42,108.02
80.6044,0.0,0.0,0.0,0.0,0.0,0.0,0.0,0.0,11.44,163.79,132.22,52.91,70.18,155.87,218.68,116.05
80.6144,0.0,0.0,0.0,0.0,0.0,0.0,0.0,0.0,11.44,159.39,125.29,55.44,72.71,160.93,223.52,121.11
80.6244,0.0,0.0,0.0,0.0,0.0,0.0,0.0,0.0,11.44,157.3,118.36,57.97,75.24,165.99,228.36,126.17
80.6344,0.0,0.0,0.0,0.0,0.0,0.0,0.0,0.0,11.44,152.9,111.65,60.39,77.77,171.05,233.2,133.76
80.6444,0.0,0.0,0.0,0.0,0.0,0.0,0.0,0.0,11.44,148.61,105.05,62.92,77.77,175.67,237.93,136.29
80.6544,0.0,0.0,0.0,0.0,0.0,0.0,0.0,0.0,11.44,144.21,96.36,65.45,80.3,180.4,242.77,141.35
80.6644,0.0,0.0,0.0,0.0,0.0,0.0,0.0,0.0,11.44,137.72,87.67,70.4,82.83,185.13,245.19,143.88
80.6744,0.0,0.0,0.0,0.0,0.0,0.0,0.0,0.0,9.13,133.32,78.98,70.4,82.83,187.44,247.61,146.41
80.6844,0.0,0.0,0.0,0.0,0.0,0.0,0.0,0.0,11.44,126.83,72.49,75.46,85.25,192.17,249.92,148.94
80.6944,0.0,0.0,0.0,0.0,0.0,0.0,0.0,0.0,9.13,122.54,63.8,75.46,87.78,194.59,254.76,151.47
80.7044,0.0,0.0,0.0,0.0,0.0,0.0,0.0,0.0,9.13,115.94,57.2,77.99,87.78,199.32,257.18,156.53
80.7143,0.0,0.0,0.0,0.0,0.0,0.0,0.0,0.0,9.13,109.56,51.26,80.41,87.78,201.63,259.6,159.06
80.7243,0.0,0.0,0.0,0.0,0.0,0.0,0.0,0.0,9.13,103.18,45.54,82.94,90.31,203.94,262.02,161.59
80.7343,0.0,0.0,0.0,0.0,0.0,0.0,0.0,0.0,9.13,96.8,39.82,82.94,90.31,206.36,264.33,164.12
80.7443,0.0,0.0,0.0,0.0,0.0,0.0,0.0,0.0,9.13,90.42,36.08,85.47,90.31,208.67,266.75,164.12
80.7543,0.0,0.0,0.0,0.0,0.0,0.0,0.0,0.0,9.13,84.04,30.36,88.0,90.31,213.4,269.17,166.76
80.7643,0.0,0.0,0.0,0.0,0.0,0.0,0.0,0.0,9.13,75.57,26.51,90.53,90.31,215.82,271.59,171.71
80.7743,0.0,0.0,0.0,0.0,0.0,0.0,0.0,0.0,9.13,69.19,20.9,90.53,90.31,218.13,274.01,171.71
80.7843,0.0,0.0,0.0,0.0,0.0,0.0,0.0,0.0,9.13,62.81,18.92,92.95,92.84,222.97,276.43,176.77
80.7943,0.0,0.0,0.0,0.0,0.0,0.0,0.0,0.0,9.13,54.34,15.18,95.48,92.84,225.39,278.63,176.77
80.8043,0.0,0.0,0.0,0.0,0.0,0.0,0.0,0.0,6.82,45.98,15.18,95.48,92.84,227.81,280.94,181.72
80.8143,0.0,0.0,0.0,0.0,0.0,0.0,0.0,0.0,6.82,37.62,13.2,98.01,92.84,232.76,285.56,184.25
80.8243,0.0,0.0,0.0,0.0,0.0,0.0,0.0,0.0,6.82,29.26,13.2,100.54,92.84,237.6,287.87,186.78
80.8343,0.0,0.0,0.0,0.0,0.0,0.0,0.0,0.0,6.82,20.9,11.33,102.96,90.31,242.55,290.18,191.73
80.8443,0.0,0.0,0.0,0.0,0.0,0.0,0.0,0.0,4.51,14.63,9.46,102.96,90.31,244.97,292.49,196.79
80.8543,0.0,0.0,0.0,0.0,0.0,0.0,0.0,0.0,4.51,10.45,7.59,102.96,87.78,249.92,294.8,201.85
80.8643,0.0,0.0,0.0,0.0,0.0,0.0,0.0,0.0,0.0,8.36,5.61,100.54,85.25,254.76,297.0,206.8
80.8743,0.0,0.0,0.0,0.0,0.0,0.0,0.0,0.0,0.0,6.27,5.61,98.01,82.83,257.18,301.62,214.39
80.8843,0.0,0.0,0.0,0.0,0.0,0.0,0.0,0.0,0.0,4.18,3.74,92.95,77.77,259.71,303.93,221.87
80.8943,12.32,0.0,0.0,0.0,0.0,0.0,0.0,0.0,0.0,0.0,0.0,88.0,72.71,264.55,306.24,226.93
80.9043,14.41,0.0,0.0,0.0,0.0,0.0,0.0,0.0,0.0,0.0,0.0,82.94,65.12,266.97,308.55,233.86
80.9143,16.5,0.0,0.0,0.0,0.0,0.0,0.0,0.0,0.0,0.0,0.0,77.99,60.06,269.5,310.86,243.32
80.9243,22.77,0.0,0.0,0.0,0.0,0.0,0.0,0.0,0.0,0.0,0.0,72.93,52.91,271.92,315.37,250.36
80.9343,24.75,0.0,0.0,0.0,0.0,0.0,0.0,0.0,0.0,0.0,0.0,65.45,46.53,274.34,317.68,254.98
80.9443,31.02,0.0,0.0,0.0,0.0,0.0,0.0,0.0,0.0,0.0,0.0,57.97,42.35,276.76,317.68,262.02
80.9543,33.11,0.0,0.0,0.0,0.0,0.0,0.0,0.0,0.0,0.0,0.0,47.85,35.97,279.29,319.99,269.06
80.9643,64.46,0.0,0.0,0.0,0.0,0.0,0.0,0.0,0.0,0.0,0.0,40.26,29.59,281.71,317.68,273.79
80.9743,97.13,0.0,0.0,0.0,0.0,0.0,0.0,0.0,0.0,0.0,0.0,30.14,23.21,281.71,317.68,278.52
80.9843,148.17,0.0,0.0,0.0,0.0,0.0,0.0,0.0,0.0,0.0,0.0,20.13,19.03,281.71,313.17,283.47
80.9943,198.44,24.42,0.0,0.0,0.0,0.0,0.0,0.0,0.0,0.0,0.0,10.01,12.65,279.29,306.24,286.0
81.0043,148.17,127.82,3.85,0.0,0.0,0.0,0.0,0.0,0.0,0.0,0.0,4.95,8.47,269.5,297.0,291.06
81.0143,92.73,175.78,66.22,37.62,0.0,4.18,0.0,0.0,0.0,0.0,0.0,0.0,6.27,252.34,283.25,293.59
81.0243,77.55,200.64,104.06,50.16,12.98,23.21,4.51,4.51,0.0,0.0,0.0,0.0,8.47,230.34,257.18,296.12
81.0343,66.66,204.71,121.88,54.34,21.67,42.35,13.53,6.71,0.0,0.0,0.0,0.0,8.47,196.9,218.68,298.65
81.0443,53.79,204.71,130.68,58.63,30.36,59.73,27.06,11.22,0.0,0.0,0.0,0.0,10.56,150.81,165.11,296.12
81.0543,45.54,206.8,135.08,62.81,34.65,73.81,40.59,13.53,0.0,0.0,0.0,0.0,10.56,103.4,109.23,293.59
81.0643,39.27,212.96,139.48,67.1,39.05,85.58,51.81,18.04,0.0,0.0,0.0,0.0,10.56,67.54,54.45,278.52
81.0743,35.09,221.32,141.68,71.28,41.25,95.04,60.94,18.04,0.0,0.0,0.0,0.0,10.56,25.19,30.25,209.33
81.0843,35.09,229.68,148.28,75.57,45.54,102.08,70.4,20.24,0.0,0.0,0.0,0.0,8.47,17.6,24.2,136.29
81.0943,33.11,233.86,152.68,77.66,47.74,109.12,79.86,22.55,0.0,0.0,0.0,0.0,8.47,12.54,20.13,110.99
81.1043,31.02,240.13,154.88,81.95,52.03,116.16,87.01,24.75,0.0,0.0,0.0,0.0,4.18,10.01,16.06,105.16
81.1143,28.93,246.4,154.88,86.13,54.23,123.42,94.05,24.75,0.0,0.0,0.0,0.0,0.0,4.95,10.01,84.81
81.1243,28.93,250.58,154.88,90.42,56.43,128.15,98.78,27.06,0.0,0.0,0.0,0.0,0.0,0.0,6.05,53.02
81.1343,28.93,254.76,152.68,94.6,58.63,135.41,105.93,29.26,0.0,0.0,0.0,0.0,0.0,0.0,3.96,16.72
81.1443,26.84,254.76,150.48,96.8,60.72,140.14,110.66,31.57,0.0,0.0,0.0,0.0,0.0,0.0,0.0,5.5
81.1543,26.84,252.67,150.48,100.98,62.92,144.98,117.59,31.57,0.0,0.0,0.0,0.0,0.0,0.0,0.0,0.0
81.1643,24.75,248.49,148.28,103.07,65.01,147.29,122.1,33.77,0.0,0.0,0.0,0.0,0.0,0.0,0.0,0.0
81.1743,24.75,242.22,146.08,107.36,67.21,152.13,126.61,36.08,0.0,0.0,0.0,0.0,0.0,0.0,0.0,0.0
81.1843,22.77,235.95,141.68,111.65,69.3,156.97,131.23,36.08,0.0,0.0,0.0,0.0,0.0,0.0,0.0,0.0
81.1943,22.77,227.59,137.28,113.63,71.5,159.28,133.43,38.28,0.0,0.0,0.0,0.0,0.0,0.0,0.0,0.0
81.2043,22.77,221.32,130.68,117.81,71.5,164.12,137.94,40.59,0.0,0.0,0.0,0.0,0.0,0.0,0.0,0.0
81.2143,20.68,215.05,126.28,121.99,73.59,166.54,142.56,40.59,0.0,0.0,0.0,0.0,0.0,0.0,0.0,0.0
81.2243,20.68,208.89,119.68,123.97,75.79,171.16,144.76,42.79,0.0,0.0,0.0,0.0,0.0,0.0,0.0,0.0
81.2343,20.68,202.62,113.08,128.15,75.79,173.47,147.07,45.1,0.0,0.0,0.0,0.0,0.0,0.0,0.0,0.0
81.2443,18.59,196.46,106.37,130.24,77.88,175.78,149.38,45.1,0.0,0.0,0.0,0.0,0.0,0.0,0.0,0.0
81.2543,18.59,188.21,101.86,134.31,80.08,178.09,151.58,47.3,0.0,0.0,0.0,0.0,0.0,0.0,0.0,0.0
81.2643,18.59,181.94,95.15,136.4,82.17,180.4,156.09,49.61,0.0,0.0,0.0,0.0,0.0,0.0,0.0,0.0
81.2743,18.59,173.69,88.55,140.58,82.17,182.71,160.71,49.61,0.0,0.0,0.0,0.0,0.0,0.0,0.0,0.0
81.2843,18.59,165.22,79.53,144.76,84.37,187.22,162.91,51.81,0.0,0.0,0.0,0.0,0.0,0.0,0.0,0.0
81.2943,16.5,156.42,72.93,146.74,86.57,189.53,167.53,54.12,0.0,0.0,0.0,0.0,0.0,0.0,0.0,0.0
81.3043,16.5,149.82,64.02,150.92,88.66,191.84,172.15,56.32,0.0,0.0,0.0,0.0,0.0,0.0,0.0,0.0
81.3143,16.5,141.02,55.11,155.1,90.86,196.46,176.77,58.63,0.0,0.0,0.0,0.0,0.0,0.0,0.0,0.0
81.3243,16.5,132.22,47.19,159.17,92.95,200.97,181.5,60.72,0.0,0.0,0.0,0.0,0.0,0.0,0.0,0.0
81.3343,16.5,125.62,39.27,163.35,95.15,203.28,186.12,62.92,0.0,0.0,0.0,0.0,0.0,0.0,0.0,0.0
81.3443,16.5,116.82,33.44,167.53,95.15,207.9,190.74,65.12,0.0,0.0,0.0,0.0,0.0,0.0,0.0,0.0
81.3543,14.41,108.13,25.52,171.71,97.24,212.41,195.47,67.32,0.0,0.0,0.0,0.0,0.0,0.0,0.0,0.0
81.3643,14.41,100.21,21.56,178.09,99.44,217.03,200.09,69.41,0.0,0.0,0.0,0.0,0.0,0.0,0.0,0.0
81.3743,14.41,92.29,15.73,182.38,99.44,221.65,204.71,71.61,0.0,0.0,0.0,0.0,0.0,0.0,0.0,0.0
81.3843,14.41,82.28,13.75,186.56,99.44,226.27,209.44,73.81,0.0,0.0,0.0,0.0,0.0,0.0,0.0,0.0
81.3943,12.32,70.4,11.77,192.94,101.53,230.78,211.75,76.01,0.0,0.0,0.0,0.0,0.0,0.0,0.0,0.0
81.4043,12.32,60.5,9.79,197.23,99.44,237.71,216.37,78.21,0.0,0.0,0.0,0.0,0.0,0.0,0.0,0.0
81.4143,12.32,48.95,7.81,201.41,99.44,240.02,218.68,80.3,0.0,0.0,0.0,0.0,0.0,0.0,0.0,0.0
81.4243,10.34,37.62,7.81,203.61,99.44,246.95,223.41,82.5,0.0,0.0,0.0,0.0,0.0,0.0,0.0,0.0
81.4343,10.34,26.29,5.83,205.7,99.44,251.57,225.61,86.9,0.0,0.0,0.0,0.0,0.0,0.0,0.0,0.0
81.4443,8.25,18.81,3.85,207.79,99.44,256.19,227.92,89.1,0.0,0.0,0.0,0.0,0.0,0.0,0.0,0.0
81.4543,6.16,13.09,3.85,205.7,97.24,260.81,232.54,93.39,27.39,0.0,0.0,0.0,0.0,0.0,0.0,0.0
81.4643,6.16,11.22,3.85,199.32,92.95,265.43,234.85,97.79,15.95,0.0,0.0,0.0,0.0,0.0,0.0,0.0
81.4743,4.07,7.48,0.0,192.94,88.66,272.36,237.16,104.28,22.88,0.0,0.0,0.0,0.0,0.0,0.0,0.0
81.4843,0.0,5.61,0.0,186.56,82.17,276.98,239.47,110.88,27.39,0.0,0.0,0.0,0.0,0.0,0.0,0.0
81.4943,0.0,5.61,0.0,178.09,77.88,281.49,241.78,115.28,36.52,0.0,0.0,0.0,0.0,0.0,0.0,0.0
81.5043,0.0,3.74,0.0,169.62,69.3,285.89,243.98,122.21,47.96,0.0,0.0,0.0,0.0,0.0,0.0,0.0
81.5143,0.0,0.0,0.0,161.26,62.92,290.29,243.98,126.83,81.07,0.0,0.0,0.0,0.0,0.0,0.0,0.0
81.5243,0.0,0.0,0.0,150.92,54.23,292.49,241.78,133.65,112.09,0.0,0.0,0.0,0.0,0.0,0.0,0.0
81.5343,0.0,0.0,0.0,138.49,47.74,294.69,241.78,138.27,150.81,0.0,3.74,0.0,0.0,0.0,0.0,0.0
81.5443,0.0,0.0,0.0,121.99,39.05,294.69,239.47,145.09,148.5,27.17,47.41,0.0,0.0,0.0,0.0,0.0
81.5543,0.0,0.0,0.0,100.98,30.36,292.49,241.78,149.71,83.38,90.42,78.98,0.0,4.18,0.0,6.05,0.0
81.5643,0.0,0.0,0.0,79.75,19.47,288.09,239.47,156.53,52.58,133.32,96.36,7.48,12.65,15.07,26.18,5.5
81.5743,0.0,0.0,0.0,54.34,12.98,276.98,234.85,163.46,45.76,139.92,107.25,10.01,16.94,25.19,40.37,8.36
81.5843,0.0,0.0,0.0,25.08,8.58,258.5,223.41,170.39,34.32,137.72,113.85,12.54,21.12,37.73,54.45,13.86
81.5943,0.0,0.0,0.0,14.63,8.58,223.96,190.74,182.16,27.39,139.92,113.85,17.6,25.41,52.91,68.42,16.72
81.6043,0.0,0.0,0.0,10.45,8.58,164.12,151.58,196.46,22.88,142.01,116.05,20.13,27.5,65.12,85.25,19.47
81.6143,0.0,0.0,0.0,10.45,8.58,97.35,94.05,208.34,20.57,146.41,120.67,22.66,29.59,77.11,99.66,22.33
81.6243,0.0,0.0,0.0,8.36,8.58,55.11,47.3,217.8,18.26,155.1,122.98,27.72,33.88,89.1,113.96,30.69
81.6343,0.0,0.0,0.0,8.36,8.58,23.21,20.24,172.7,15.95,159.39,129.91,30.14,35.97,98.67,127.93,33.44
81.6443,0.0,0.0,0.0,6.27,6.49,14.74,15.73,95.59,15.95,165.99,132.22,32.67,38.06,108.24,139.59,39.05
81.6543,0.0,0.0,0.0,6.27,4.29,12.65,13.53,58.63,13.64,172.37,134.53,35.2,40.26,120.56,151.14,44.66
81.6643,0.0,0.0,0.0,4.18,4.29,8.47,9.02,42.79,15.95,176.55,134.53,40.26,42.35,128.15,162.8,50.16
81.6743,0.0,0.0,0.0,4.18,0.0,6.27,6.71,38.28,13.64,180.73,134.53,42.79,44.44,138.27,174.79,58.63
81.6843,0.0,0.0,0.0,0.0,0.0,4.18,4.51,22.55,13.64,182.82,132.22,45.32,48.73,145.75,184.58,67.32
81.6943,0.0,0.0,0.0,0.0,0.0,0.0,0.0,0.0,11.44,182.82,127.6,50.38,50.82,153.34,194.37,78.98
81.7043,0.0,0.0,0.0,0.0,0.0,0.0,0.0,0.0,11.44,182.82,125.29,52.91,52.91,160.93,204.05,87.67
81.7143,0.0,0.0,0.0,0.0,0.0,0.0,0.0,0.0,11.44,180.73,120.67,57.97,55.11,165.99,213.84,99.33
81.7243,0.0,0.0,0.0,0.0,0.0,0.0,0.0,0.0,11.44,176.55,118.36,57.97,60.06,171.05,223.52,108.02
81.7343,0.0,0.0,0.0,0.0,0.0,0.0,0.0,0.0,11.44,170.28,113.85,60.39,62.59,178.09,230.78,116.05
81.7443,0.0,0.0,0.0,0.0,0.0,0.0,0.0,0.0,11.44,163.79,109.45,62.92,62.59,182.82,237.93,126.17
81.7543,0.0,0.0,0.0,0.0,0.0,0.0,0.0,0.0,11.44,157.3,105.05,65.45,67.65,187.44,245.19,131.23
81.7643,0.0,0.0,0.0,0.0,0.0,0.0,0.0,0.0,11.44,150.7,100.76,67.98,67.65,189.86,249.92,138.82
81.7743,0.0,0.0,0.0,0.0,0.0,0.0,0.0,0.0,11.44,144.21,94.27,70.4,70.18,192.17,257.18,141.35
81.7843,0.0,0.0,0.0,0.0,0.0,0.0,0.0,0.0,9.13,137.72,87.67,72.93,72.71,196.9,259.6,146.41
81.7943,0.0,0.0,0.0,0.0,0.0,0.0,0.0,0.0,9.13,129.03,81.18,72.93,75.24,199.32,264.33,148.94
81.8043,0.0,0.0,0.0,0.0,0.0,0.0,0.0,0.0,9.13,122.54,72.49,75.46,75.24,201.63,269.17,154.0
81.8143,0.0,0.0,0.0,0.0,0.0,0.0,0.0,0.0,9.13,113.85,63.8,77.99,77.77,203.94,271.59,156.53
81.8243,0.0,0.0,0.0,0.0,0.0,0.0,0.0,0.0,9.13,107.47,55.11,80.41,77.77,208.67,276.43,159.06
81.8343,0.0,0.0,0.0,0.0,0.0,0.0,0.0,0.0,9.13,98.89,47.41,80.41,77.77,211.09,278.63,161.59
81.8443,0.0,0.0,0.0,0.0,0.0,0.0,0.0,0.0,9.13,90.42,39.82,82.94,80.3,213.4,280.94,164.12
81.8543,0.0,0.0,0.0,0.0,0.0,0.0,0.0,0.0,9.13,79.86,34.1,85.47,80.3,213.4,285.56,169.18
81.8643,0.0,0.0,0.0,0.0,0.0,0.0,0.0,0.0,9.13,71.28,30.36,85.47,80.3,215.82,287.87,171.71
81.8743,0.0,0.0,0.0,0.0,0.0,0.0,0.0,0.0,9.13,62.81,24.64,85.47,80.3,220.55,290.18,174.24
81.8843,0.0,0.0,0.0,0.0,0.0,0.0,0.0,0.0,6.82,54.34,20.9,88.0,80.3,220.55,294.8,176.77
81.8943,0.0,0.0,0.0,0.0,0.0,0.0,0.0,0.0,6.82,45.98,17.05,88.0,80.3,225.39,297.0,179.19
81.9043,0.0,0.0,0.0,0.0,0.0,0.0,0.0,0.0,6.82,35.53,15.18,90.53,80.3,227.81,301.62,181.72
81.9143,0.0,0.0,0.0,0.0,0.0,0.0,0.0,0.0,6.82,27.17,13.2,92.95,80.3,232.76,303.93,184.25
81.9243,0.0,0.0,0.0,0.0,0.0,0.0,0.0,0.0,4.51,18.81,11.33,92.95,80.3,237.6,306.24,189.31
81.9343,0.0,0.0,0.0,0.0,0.0,0.0,0.0,0.0,4.51,12.54,9.46,92.95,77.77,240.13,310.86,194.26
81.9443,0.0,0.0,0.0,0.0,0.0,0.0,0.0,0.0,0.0,8.36,7.59,90.53,77.77,242.55,313.17,199.32
81.9543,0.0,0.0,0.0,0.0,0.0,0.0,0.0,0.0,0.0,6.27,5.61,88.0,75.24,244.97,317.68,204.27
81.9643,0.0,0.0,0.0,0.0,0.0,0.0,0.0,0.0,0.0,4.18,5.61,85.47,72.71,249.92,319.99,211.86
81.9743,0.0,0.0,0.0,0.0,0.0,0.0,0.0,0.0,0.0,0.0,3.74,80.41,67.65,249.92,322.3,216.81
81.9843,0.0,0.0,0.0,0.0,0.0,0.0,0.0,0.0,0.0,0.0,3.74,77.99,62.59,254.76,326.92,224.4
81.9943,0.0,0.0,0.0,0.0,0.0,0.0,0.0,0.0,0.0,0.0,0.0,72.93,57.53,257.18,329.23,231.55
82.0043,12.32,0.0,0.0,0.0,0.0,0.0,0.0,0.0,0.0,0.0,0.0,67.98,52.91,259.71,333.74,238.59
82.0143,10.34,0.0,0.0,0.0,0.0,0.0,0.0,0.0,0.0,0.0,0.0,62.92,48.73,262.13,338.25,245.63
82.0243,16.5,0.0,0.0,0.0,0.0,0.0,0.0,0.0,0.0,0.0,0.0,55.44,44.44,264.55,340.56,252.67
82.0343,24.75,0.0,0.0,0.0,0.0,0.0,0.0,0.0,0.0,0.0,0.0,47.85,38.06,266.97,342.76,259.71
82.0443,28.93,0.0,0.0,0.0,0.0,0.0,0.0,0.0,0.0,0.0,0.0,40.26,31.79,266.97,345.07,264.44
82.0543,37.18,0.0,0.0,0.0,0.0,0.0,0.0,0.0,0.0,0.0,0.0,32.67,27.5,269.5,345.07,271.48
82.0643,75.35,0.0,0.0,0.0,0.0,0.0,0.0,0.0,0.0,0.0,0.0,22.66,21.12,269.5,342.76,276.1
82.0743,116.38,0.0,0.0,0.0,0.0,0.0,0.0,0.0,0.0,0.0,0.0,15.07,14.74,266.97,340.56,283.47
82.0843,176.22,5.61,0.0,0.0,0.0,0.0,0.0,0.0,0.0,0.0,0.0,4.95,8.47,264.55,333.74,288.53
82.0943,152.13,98.23,3.85,4.18,0.0,0.0,0.0,0.0,0.0,0.0,0.0,0.0,6.27,254.76,324.61,293.59
82.1043,101.42,169.51,81.84,54.34,0.0,14.74,4.51,0.0,0.0,0.0,0.0,0.0,4.18,240.13,310.86,296.12
82.1143,101.42,192.28,126.28,62.81,12.98,35.97,9.02,9.02,0.0,0.0,0.0,0.0,6.27,218.13,287.87,301.18
82.1243,84.04,192.28,141.68,67.1,21.67,55.11,18.04,13.53,0.0,0.0,0.0,0.0,6.27,192.17,254.76,303.71
82.1343,68.75,190.19,148.28,73.48,25.96,69.19,29.26,15.73,0.0,0.0,0.0,0.0,6.27,155.87,213.84,303.71
82.1442,53.79,192.28,141.68,79.75,30.36,85.58,40.59,18.04,0.0,0.0,0.0,0.0,8.47,118.03,162.8,306.24
82.1542,43.45,202.62,130.68,88.33,32.56,99.66,49.61,20.24,0.0,0.0,0.0,0.0,8.47,84.26,111.65,301.18
82.1642,37.18,210.98,124.08,96.8,36.85,109.12,58.63,22.55,0.0,0.0,0.0,0.0,8.47,45.32,54.45,286.0
82.1742,33.11,208.89,124.08,103.07,41.25,121.0,68.09,24.75,0.0,0.0,0.0,0.0,6.27,17.6,26.18,216.81
82.1842,31.02,208.89,124.08,109.45,43.34,128.15,79.86,27.06,0.0,0.0,0.0,0.0,6.27,15.07,22.11,141.35
82.1942,28.93,208.89,124.08,115.72,47.74,137.72,87.01,29.26,0.0,0.0,0.0,0.0,4.18,10.01,18.15,116.05
82.2042,28.93,210.98,124.08,119.9,52.03,144.98,96.47,31.57,0.0,0.0,0.0,0.0,4.18,7.48,14.08,105.16
82.2142,26.84,212.96,119.68,126.06,54.23,149.71,103.51,31.57,0.0,0.0,0.0,0.0,0.0,4.95,10.01,84.81
82.2242,26.84,212.96,117.48,132.33,56.43,156.97,108.24,33.77,0.0,0.0,0.0,0.0,0.0,0.0,6.05,50.16
82.2342,24.75,210.98,113.08,136.4,58.63,161.7,115.28,36.08,0.0,0.0,0.0,0.0,0.0,0.0,3.96,16.72
82.2442,24.75,206.8,110.77,140.58,60.72,168.96,119.79,36.08,0.0,0.0,0.0,0.0,0.0,0.0,0.0,5.5
82.2542,22.77,202.62,108.57,146.74,65.01,173.47,126.61,38.28,0.0,0.0,0.0,0.0,0.0,0.0,0.0,0.0
82.2642,22.77,198.55,101.86,150.92,67.21,178.09,131.23,40.59,0.0,0.0,0.0,0.0,0.0,0.0,0.0,0.0
82.2742,20.68,192.28,92.95,157.08,69.3,184.91,135.74,40.59,0.0,0.0,0.0,0.0,0.0,0.0,0.0,0.0
82.2842,20.68,186.12,84.04,163.35,69.3,189.53,140.25,42.79,0.0,0.0,0.0,0.0,0.0,0.0,0.0,0.0
82.2942,18.59,177.87,70.62,171.71,71.5,194.15,142.56,45.1,0.0,0.0,0.0,0.0,0.0,0.0,0.0,0.0
82.3042,18.59,169.51,61.71,178.09,73.59,200.97,147.07,45.1,0.0,0.0,0.0,0.0,0.0,0.0,0.0,0.0
82.3142,18.59,158.62,51.15,184.47,73.59,205.59,149.38,47.3,0.0,0.0,0.0,0.0,0.0,0.0,0.0,0.0
82.3242,16.5,149.82,43.23,188.65,75.79,210.21,151.58,49.61,0.0,0.0,0.0,0.0,0.0,0.0,0.0,0.0
82.3342,16.5,141.02,37.29,195.03,75.79,212.41,156.09,49.61,0.0,0.0,0.0,0.0,0.0,0.0,0.0,0.0
82.3442,16.5,130.02,31.46,199.32,77.88,217.03,158.4,51.81,0.0,0.0,0.0,0.0,0.0,0.0,0.0,0.0
82.3542,16.5,121.22,27.5,203.61,77.88,221.65,162.91,51.81,0.0,0.0,0.0,0.0,0.0,0.0,0.0,0.0
82.3642,14.41,110.22,23.54,205.7,80.08,223.96,165.22,54.12,0.0,0.0,0.0,0.0,0.0,0.0,0.0,0.0
82.3742,14.41,102.19,19.58,209.88,80.08,226.27,169.84,54.12,0.0,0.0,0.0,0.0,0.0,0.0,0.0,0.0
82.3842,14.41,92.29,17.71,212.08,80.08,230.78,172.15,56.32,0.0,0.0,0.0,0.0,0.0,0.0,0.0,0.0
82.3942,14.41,84.37,13.75,216.26,82.17,233.09,174.46,58.63,0.0,0.0,0.0,0.0,0.0,0.0,0.0,0.0
82.4042,14.41,74.36,11.77,218.46,82.17,235.4,179.08,58.63,0.0,0.0,0.0,0.0,0.0,0.0,0.0,0.0
82.4142,12.32,64.46,9.79,220.55,82.17,240.02,181.5,60.72,0.0,0.0,0.0,0.0,0.0,0.0,0.0,0.0
82.4242,12.32,54.56,9.79,222.64,82.17,242.33,183.81,60.72,0.0,0.0,0.0,0.0,0.0,0.0,0.0,0.0
82.4342,12.32,47.08,7.81,224.84,82.17,244.64,186.12,62.92,0.0,0.0,0.0,0.0,0.0,0.0,0.0,0.0
82.4442,10.34,37.62,7.81,226.71,82.17,246.95,188.43,65.12,0.0,0.0,0.0,0.0,0.0,0.0,0.0,0.0
82.4542,10.34,30.14,5.83,228.58,82.17,251.57,193.05,65.12,0.0,0.0,0.0,0.0,0.0,0.0,0.0,0.0
82.4642,8.25,24.42,5.83,228.58,82.17,253.88,195.47,67.32,0.0,0.0,0.0,0.0,0.0,0.0,0.0,0.0
82.4742,8.25,18.81,3.85,228.58,82.17,258.5,197.78,69.41,0.0,0.0,0.0,0.0,0.0,0.0,0.0,0.0
82.4842,8.25,13.09,3.85,226.71,82.17,260.81,202.4,71.61,0.0,0.0,0.0,0.0,0.0,0.0,0.0,0.0
82.4942,6.16,11.22,3.85,222.64,80.08,263.12,204.71,73.81,0.0,0.0,0.0,0.0,0.0,0.0,0.0,0.0
82.5042,6.16,9.35,3.85,218.46,80.08,267.74,207.02,76.01,0.0,0.0,0.0,0.0,0.0,0.0,0.0,0.0
82.5142,4.07,7.48,0.0,212.08,77.88,270.05,211.75,78.21,0.0,0.0,0.0,0.0,0.0,0.0,0.0,0.0
82.5242,4.07,7.48,0.0,205.7,75.79,272.36,214.06,82.5,0.0,0.0,0.0,0.0,0.0,0.0,0.0,0.0
82.5342,0.0,5.61,0.0,199.32,71.5,276.98,218.68,86.9,0.0,0.0,0.0,0.0,0.0,0.0,0.0,0.0
82.5442,0.0,3.74,0.0,192.94,69.3,279.29,220.99,91.19,0.0,0.0,0.0,0.0,0.0,0.0,0.0,0.0
82.5542,0.0,3.74,0.0,184.47,65.01,281.49,223.41,95.59,0.0,0.0,0.0,0.0,0.0,0.0,0.0,0.0
82.5642,0.0,0.0,0.0,178.09,62.92,283.69,225.61,99.99,18.26,0.0,0.0,0.0,0.0,0.0,0.0,0.0
82.5742,0.0,0.0,0.0,169.62,58.63,285.89,227.92,104.28,20.57,0.0,0.0,0.0,0.0,0.0,0.0,0.0
82.5842,0.0,0.0,0.0,163.35,54.23,288.09,230.23,108.68,27.39,0.0,0.0,0.0,0.0,0.0,0.0,0.0
82.5942,0.0,0.0,0.0,155.1,49.94,290.29,230.23,113.08,32.01,0.0,0.0,0.0,0.0,0.0,0.0,0.0
82.6042,0.0,0.0,0.0,144.76,43.34,292.49,230.23,117.59,43.45,0.0,0.0,0.0,0.0,0.0,0.0,0.0
82.6142,0.0,0.0,0.0,136.4,39.05,294.69,227.92,122.21,54.89,0.0,0.0,0.0,0.0,0.0,0.0,0.0
82.6242,0.0,0.0,0.0,123.97,32.56,294.69,225.61,124.52,119.02,0.0,0.0,0.0,0.0,0.0,0.0,0.0
82.6342,0.0,0.0,0.0,113.63,25.96,296.89,223.41,129.03,192.39,4.18,7.59,0.0,0.0,0.0,0.0,0.0
82.6442,0.0,0.0,0.0,98.89,17.27,294.69,218.68,133.65,143.99,50.16,65.89,0.0,0.0,0.0,0.0,0.0
82.6542,0.0,0.0,0.0,81.95,10.78,292.49,214.06,138.27,73.81,120.34,96.36,10.01,16.94,7.48,20.13,0.0
82.6642,0.0,0.0,0.0,58.63,8.58,283.69,202.4,145.09,47.96,155.1,113.85,17.6,16.94,27.72,34.32,8.36
82.6742,0.0,0.0,0.0,33.44,8.58,270.05,186.12,152.02,38.83,152.9,122.98,20.13,23.21,40.26,50.38,11.11
82.6842,0.0,0.0,0.0,16.72,8.58,242.33,162.91,163.46,25.08,150.7,120.67,25.19,27.5,60.28,68.42,16.72
82.6942,0.0,0.0,0.0,12.54,8.58,189.53,128.92,177.43,18.26,152.9,116.05,30.14,31.79,74.69,85.25,19.47
82.7042,0.0,0.0,0.0,10.45,8.58,118.58,87.01,191.73,15.95,148.61,116.05,35.2,33.88,89.1,104.39,25.08
82.7142,0.0,0.0,0.0,8.36,8.58,71.5,45.1,198.88,13.64,152.9,120.67,37.73,38.06,101.09,120.89,30.69
82.7242,0.0,0.0,0.0,8.36,6.49,33.88,20.24,168.08,13.64,152.9,122.98,42.79,40.26,110.66,134.86,36.19
82.7342,0.0,0.0,0.0,6.27,6.49,16.94,15.73,102.08,11.44,155.1,127.6,45.32,44.44,120.56,148.83,44.66
82.7442,0.0,0.0,0.0,6.27,4.29,12.65,11.22,62.92,11.44,157.3,129.91,50.38,46.53,130.68,160.49,50.16
82.7542,0.0,0.0,0.0,4.18,4.29,8.47,9.02,45.1,11.44,161.59,129.91,52.91,48.73,140.8,172.37,55.77
82.7642,0.0,0.0,0.0,4.18,0.0,6.27,4.51,36.08,11.44,165.99,125.29,57.97,50.82,150.81,179.63,64.35
82.7742,0.0,0.0,0.0,0.0,0.0,4.18,0.0,22.55,11.44,168.19,120.67,60.39,52.91,158.4,187.0,73.15
82.7842,0.0,0.0,0.0,0.0,0.0,0.0,0.0,6.71,11.44,170.28,116.05,65.45,55.11,165.99,194.37,81.84
82.7942,0.0,0.0,0.0,0.0,0.0,0.0,0.0,0.0,9.13,170.28,109.45,70.4,57.53,173.36,201.63,90.53
82.8042,0.0,0.0,0.0,0.0,0.0,0.0,0.0,0.0,9.13,170.28,102.96,72.93,57.53,180.4,206.47,99.33
82.8142,0.0,0.0,0.0,0.0,0.0,0.0,0.0,0.0,9.13,168.19,96.36,77.99,60.06,185.13,211.42,105.16
82.8242,0.0,0.0,0.0,0.0,0.0,0.0,0.0,0.0,9.13,165.99,89.87,82.94,62.59,192.17,213.84,110.99
82.8342,0.0,0.0,0.0,0.0,0.0,0.0,0.0,0.0,9.13,163.79,81.18,85.47,62.59,199.32,218.68,116.05
82.8442,0.0,0.0,0.0,0.0,0.0,0.0,0.0,0.0,9.13,161.59,72.49,90.53,65.12,203.94,221.21,121.11
82.8542,0.0,0.0,0.0,0.0,0.0,0.0,0.0,0.0,9.13,157.3,63.8,95.48,65.12,208.67,223.52,123.64
82.8642,0.0,0.0,0.0,0.0,0.0,0.0,0.0,0.0,9.13,150.7,55.11,98.01,67.65,213.4,225.94,126.17
82.8742,0.0,0.0,0.0,0.0,0.0,0.0,0.0,0.0,9.13,146.41,47.41,100.54,67.65,218.13,228.36,128.7
82.8842,0.0,0.0,0.0,0.0,0.0,0.0,0.0,0.0,9.13,139.92,41.8,105.49,67.65,220.55,230.78,131.23
82.8942,0.0,0.0,0.0,0.0,0.0,0.0,0.0,0.0,9.13,135.52,36.08,105.49,67.65,225.39,230.78,133.76
82.9042,0.0,0.0,0.0,0.0,0.0,0.0,0.0,0.0,9.13,129.03,30.36,108.02,70.18,227.81,233.2,136.29
82.9142,0.0,0.0,0.0,0.0,0.0,0.0,0.0,0.0,9.13,120.34,26.51,110.55,70.18,230.34,235.51,136.29
82.9242,0.0,0.0,0.0,0.0,0.0,0.0,0.0,0.0,9.13,113.85,22.77,110.55,70.18,232.76,235.51,138.82
82.9342,0.0,0.0,0.0,0.0,0.0,0.0,0.0,0.0,6.82,109.56,18.92,113.08,70.18,235.18,235.51,138.82
82.9442,0.0,0.0,0.0,0.0,0.0,0.0,0.0,0.0,6.82,103.18,17.05,115.5,70.18,237.6,237.93,141.35
82.9542,0.0,0.0,0.0,0.0,0.0,0.0,0.0,0.0,6.82,94.71,15.18,115.5,70.18,237.6,237.93,141.35
82.9642,0.0,0.0,0.0,0.0,0.0,0.0,0.0,0.0,6.82,88.33,13.2,118.03,67.65,240.13,240.35,143.88
82.9742,0.0,0.0,0.0,0.0,0.0,0.0,0.0,0.0,6.82,84.04,13.2,120.45,70.18,242.55,240.35,143.88
82.9842,0.0,0.0,0.0,0.0,0.0,0.0,0.0,0.0,6.82,77.66,11.33,122.98,67.65,244.97,242.77,146.41
82.9942,0.0,0.0,0.0,0.0,0.0,0.0,0.0,0.0,6.82,71.28,11.33,122.98,67.65,249.92,242.77,148.94
83.0042,0.0,0.0,0.0,0.0,0.0,0.0,0.0,0.0,6.82,64.9,11.33,125.51,67.65,252.34,242.77,148.94
83.0142,0.0,0.0,0.0,0.0,0.0,0.0,0.0,0.0,6.82,60.72,9.46,127.93,67.65,254.76,242.77,151.47
83.0242,0.0,0.0,0.0,0.0,0.0,0.0,0.0,0.0,6.82,54.34,9.46,130.46,65.12,257.18,245.19,154.0
83.0342,0.0,0.0,0.0,0.0,0.0,0.0,0.0,0.0,6.82,50.16,9.46,132.88,65.12,262.13,245.19,156.53
83.0442,0.0,0.0,0.0,0.0,0.0,0.0,0.0,0.0,6.82,43.89,9.46,135.41,65.12,264.55,247.61,159.06
83.0542,0.0,0.0,0.0,0.0,0.0,0.0,0.0,0.0,6.82,37.62,9.46,137.94,65.12,266.97,249.92,161.59
83.0642,0.0,0.0,0.0,0.0,0.0,0.0,0.0,0.0,4.51,33.44,7.59,137.94,65.12,271.92,252.34,164.12
83.0742,0.0,0.0,0.0,0.0,0.0,0.0,0.0,0.0,4.51,29.26,7.59,140.36,65.12,274.34,254.76,166.76
83.0842,0.0,0.0,0.0,0.0,0.0,0.0,0.0,0.0,4.51,22.99,7.59,140.36,65.12,276.76,257.18,169.18
83.0942,0.0,0.0,0.0,0.0,0.0,0.0,0.0,0.0,0.0,18.81,7.59,140.36,65.12,279.29,259.6,174.24
83.1042,0.0,0.0,0.0,0.0,0.0,0.0,0.0,0.0,0.0,14.63,5.61,140.36,65.12,284.13,262.02,179.19
83.1142,0.0,0.0,0.0,0.0,0.0,0.0,0.0,0.0,0.0,10.45,5.61,137.94,62.59,286.55,264.33,184.25
83.1242,4.07,0.0,0.0,0.0,0.0,0.0,0.0,0.0,0.0,8.36,3.74,137.94,62.59,289.08,266.75,189.31
83.1342,6.16,0.0,0.0,0.0,0.0,0.0,0.0,0.0,0.0,6.27,3.74,132.88,60.06,293.92,269.17,196.79
83.1442,10.34,0.0,0.0,0.0,0.0,0.0,0.0,0.0,0.0,4.18,3.74,130.46,57.53,296.34,274.01,201.85
83.1542,14.41,0.0,0.0,0.0,0.0,0.0,0.0,0.0,0.0,0.0,0.0,125.51,52.91,298.87,276.43,209.33
83.1642,20.68,0.0,0.0,0.0,0.0,0.0,0.0,0.0,0.0,0.0,0.0,122.98,48.73,303.71,278.63,214.39
83.1742,26.84,0.0,0.0,0.0,0.0,0.0,0.0,0.0,0.0,0.0,0.0,115.5,44.44,306.24,280.94,221.87
83.1842,28.93,0.0,0.0,0.0,0.0,0.0,0.0,0.0,0.0,0.0,0.0,110.55,40.26,308.66,280.94,226.93
83.1942,47.52,0.0,0.0,0.0,0.0,0.0,0.0,0.0,0.0,0.0,0.0,102.96,35.97,311.08,283.25,233.86
83.2042,62.26,0.0,0.0,0.0,0.0,0.0,0.0,0.0,0.0,0.0,0.0,92.95,31.79,313.5,283.25,240.9
83.2142,77.55,0.0,0.0,0.0,0.0,0.0,0.0,0.0,0.0,0.0,0.0,85.47,25.41,316.03,285.56,247.94
83.2242,99.33,0.0,0.0,0.0,0.0,0.0,0.0,0.0,0.0,0.0,0.0,75.46,21.12,316.03,283.25,252.67
83.2342,142.23,0.0,0.0,0.0,0.0,0.0,0.0,0.0,0.0,0.0,0.0,62.92,16.94,316.03,280.94,257.4
83.2442,184.25,28.16,0.0,0.0,0.0,0.0,0.0,0.0,0.0,0.0,0.0,47.85,10.56,316.03,276.43,262.02
83.2542,154.11,102.19,13.75,0.0,0.0,0.0,0.0,0.0,0.0,0.0,0.0,35.2,8.47,313.5,269.17,264.44
83.2642,84.04,141.02,84.04,29.26,4.29,0.0,0.0,0.0,0.0,0.0,0.0,20.13,6.27,308.66,257.18,266.75
83.2742,64.46,163.02,121.88,45.98,17.27,12.65,6.71,0.0,0.0,0.0,0.0,10.01,6.27,296.34,237.93,269.06
83.2842,53.79,165.22,139.48,50.16,30.36,29.59,18.04,6.71,0.0,0.0,0.0,4.95,6.27,274.34,211.42,271.48
83.2942,45.54,156.42,150.48,52.25,36.85,42.35,33.77,9.02,0.0,0.0,0.0,4.95,8.47,235.18,174.79,276.1
83.3042,39.27,149.82,154.88,56.54,43.34,52.91,49.61,13.53,0.0,0.0,0.0,0.0,8.47,187.44,137.17,278.52
83.3142,35.09,147.62,161.48,58.63,47.74,66.77,65.67,15.73,0.0,0.0,0.0,4.95,8.47,133.21,97.24,276.1
83.3242,31.02,152.02,165.88,62.81,49.94,76.23,77.55,18.04,0.0,0.0,0.0,4.95,10.56,89.1,52.47,266.75
83.3342,31.02,158.62,172.81,67.1,54.23,85.58,89.32,20.24,0.0,0.0,0.0,4.95,10.56,47.85,30.25,221.87
83.3442,28.93,165.22,182.27,69.19,56.43,92.62,98.78,22.55,0.0,0.0,0.0,0.0,8.47,20.13,24.2,151.47
83.3542,28.93,171.6,189.42,71.28,58.63,97.35,105.93,22.55,0.0,0.0,0.0,0.0,6.27,15.07,20.13,116.05
83.3642,28.93,179.85,194.15,73.48,60.72,104.39,115.28,24.75,0.0,0.0,0.0,0.0,6.27,12.54,16.06,102.19
83.3742,28.93,186.12,198.77,75.57,62.92,109.12,122.1,27.06,0.0,0.0,0.0,0.0,4.18,10.01,12.1,99.33
83.3842,28.93,192.28,203.5,79.75,62.92,113.85,126.61,29.26,0.0,0.0,0.0,0.0,0.0,7.48,8.03,81.84
83.3942,28.93,196.46,205.92,81.95,65.01,118.58,133.43,29.26,0.0,0.0,0.0,0.0,0.0,4.95,6.05,53.02
83.4042,28.93,198.55,208.23,84.04,67.21,121.0,135.74,31.57,0.0,0.0,0.0,0.0,0.0,0.0,0.0,16.72
83.4142,28.93,200.64,210.65,86.13,69.3,123.42,140.25,31.57,0.0,0.0,0.0,0.0,0.0,0.0,0.0,5.5
83.4242,28.93,200.64,212.96,88.33,69.3,128.15,144.76,33.77,0.0,0.0,0.0,0.0,0.0,0.0,0.0,0.0
83.4342,26.84,200.64,212.96,88.33,71.5,130.57,149.38,33.77,0.0,0.0,0.0,0.0,0.0,0.0,0.0,0.0
83.4442,26.84,198.55,210.65,90.42,73.59,132.99,151.58,33.77,0.0,0.0,0.0,0.0,0.0,0.0,0.0,0.0
83.4542,26.84,194.37,208.23,94.6,73.59,135.41,156.09,36.08,0.0,0.0,0.0,0.0,0.0,0.0,0.0,0.0
83.4642,24.75,190.19,203.5,96.8,75.79,137.72,158.4,36.08,0.0,0.0,0.0,0.0,0.0,0.0,0.0,0.0
83.4742,24.75,186.12,198.77,98.89,77.88,140.14,160.71,38.28,0.0,0.0,0.0,0.0,0.0,0.0,0.0,0.0
83.4842,24.75,181.94,191.73,100.98,77.88,142.56,162.91,38.28,0.0,0.0,0.0,0.0,0.0,0.0,0.0,0.0
83.4942,22.77,175.78,187.0,105.27,80.08,144.98,165.22,40.59,0.0,0.0,0.0,0.0,0.0,0.0,0.0,0.0
83.5042,22.77,169.51,179.96,107.36,82.17,147.29,167.53,40.59,0.0,0.0,0.0,0.0,0.0,0.0,0.0,0.0
83.5142,22.77,165.22,175.23,109.45,82.17,152.13,172.15,40.59,0.0,0.0,0.0,0.0,0.0,0.0,0.0,0.0
83.5242,20.68,158.62,168.19,113.63,84.37,154.55,174.46,42.79,0.0,0.0,0.0,0.0,0.0,0.0,0.0,0.0
83.5342,20.68,154.22,163.68,115.72,86.57,154.55,176.77,42.79,0.0,0.0,0.0,0.0,0.0,0.0,0.0,0.0
83.5442,20.68,147.62,157.08,119.9,88.66,159.28,181.5,45.1,0.0,0.0,0.0,0.0,0.0,0.0,0.0,0.0
83.5542,20.68,141.02,152.68,121.99,90.86,161.7,183.81,45.1,0.0,0.0,0.0,0.0,0.0,0.0,0.0,0.0
83.5642,18.59,134.42,146.08,126.06,92.95,164.12,188.43,47.3,0.0,0.0,0.0,0.0,0.0,0.0,0.0,0.0
83.5741,18.59,127.82,139.48,130.24,95.15,168.96,190.74,47.3,0.0,0.0,0.0,0.0,0.0,0.0,0.0,0.0
83.5841,18.59,121.22,130.68,134.31,97.24,171.16,195.47,49.61,0.0,0.0,0.0,0.0,0.0,0.0,0.0,0.0
83.5941,18.59,116.82,124.08,138.49,97.24,175.78,200.09,51.81,0.0,0.0,0.0,0.0,0.0,0.0,0.0,0.0
83.6041,16.5,110.22,115.28,142.67,99.44,180.4,204.71,54.12,0.0,0.0,0.0,0.0,0.0,0.0,0.0,0.0
83.6141,16.5,104.17,108.57,146.74,101.53,184.91,209.44,56.32,0.0,0.0,0.0,0.0,0.0,0.0,0.0,0.0
83.6241,16.5,100.21,99.66,150.92,103.73,189.53,214.06,58.63,0.0,0.0,0.0,0.0,0.0,0.0,0.0,0.0
83.6341,16.5,94.27,90.75,157.08,105.82,194.15,218.68,58.63,0.0,0.0,0.0,0.0,0.0,0.0,0.0,0.0
83.6441,16.5,90.31,81.84,161.26,108.02,198.66,220.99,60.72,0.0,0.0,0.0,0.0,0.0,0.0,0.0,0.0
83.6541,16.5,86.35,70.62,167.53,110.22,203.28,225.61,62.92,0.0,0.0,0.0,0.0,0.0,0.0,0.0,0.0
83.6641,16.5,80.3,61.71,171.71,110.22,207.9,230.23,65.12,0.0,0.0,0.0,0.0,0.0,0.0,0.0,0.0
83.6741,14.41,76.34,53.13,176.0,112.31,212.41,234.85,67.32,0.0,0.0,0.0,0.0,0.0,0.0,0.0,0.0
83.6841,14.41,68.42,45.21,182.38,114.51,217.03,237.16,69.41,0.0,0.0,0.0,0.0,0.0,0.0,0.0,0.0
83.6941,14.41,62.48,37.29,186.56,114.51,221.65,241.78,71.61,0.0,0.0,0.0,0.0,0.0,0.0,0.0,0.0
83.7041,14.41,54.56,31.46,188.65,114.51,226.27,243.98,71.61,0.0,0.0,0.0,0.0,0.0,0.0,0.0,0.0
83.7141,14.41,47.08,25.52,192.94,114.51,228.47,246.29,73.81,0.0,0.0,0.0,0.0,0.0,0.0,0.0,0.0
83.7241,14.41,37.62,19.58,195.03,114.51,233.09,248.6,76.01,0.0,0.0,0.0,0.0,0.0,0.0,0.0,0.0
83.7341,12.32,28.16,15.73,199.32,114.51,237.71,248.6,76.01,13.64,0.0,0.0,0.0,0.0,0.0,0.0,0.0
83.7441,10.34,20.68,11.77,199.32,114.51,240.02,250.91,78.21,20.57,0.0,0.0,0.0,0.0,0.0,0.0,0.0
83.7541,8.25,13.09,7.81,197.23,112.31,244.64,250.91,80.3,22.88,0.0,0.0,0.0,0.0,0.0,0.0,0.0
83.7641,6.16,9.35,5.83,190.85,108.02,249.26,253.22,82.5,25.08,0.0,0.0,0.0,0.0,0.0,0.0,0.0
83.7741,4.07,7.48,3.85,182.38,103.73,251.57,253.22,86.9,34.32,0.0,0.0,0.0,0.0,0.0,0.0,0.0
83.7841,4.07,5.61,3.85,173.8,97.24,256.19,253.22,91.19,41.14,0.0,0.0,0.0,0.0,0.0,0.0,0.0
83.7941,0.0,3.74,0.0,163.35,88.66,260.81,253.22,95.59,81.07,0.0,0.0,0.0,0.0,0.0,0.0,0.0
83.8041,0.0,3.74,0.0,153.01,80.08,263.12,250.91,99.99,155.32,4.18,0.0,0.0,0.0,0.0,0.0,0.0
83.8141,0.0,0.0,0.0,140.58,71.5,267.74,248.6,104.28,148.5,64.9,18.92,0.0,0.0,0.0,0.0,0.0
83.8241,0.0,0.0,0.0,126.06,60.72,267.74,248.6,110.88,64.35,115.94,68.09,17.6,16.94,10.01,20.13,0.0
83.8341,0.0,0.0,0.0,109.45,52.03,265.43,246.29,115.28,45.76,148.61,85.47,22.66,14.74,30.14,26.18,8.36
83.8441,0.0,0.0,0.0,88.33,43.34,263.12,243.98,122.21,36.52,159.39,87.67,27.72,19.03,42.79,42.35,11.11
83.8541,0.0,0.0,0.0,67.1,30.36,253.88,243.98,126.83,25.08,163.79,87.67,32.67,23.21,62.7,52.47,13.86
83.8641,0.0,0.0,0.0,41.8,17.27,240.02,237.16,133.65,20.57,168.19,81.18,40.26,25.41,77.11,61.27,19.47
83.8741,0.0,0.0,0.0,16.72,10.78,217.03,218.68,138.27,15.95,170.28,76.78,45.32,27.5,91.41,70.84,22.33
83.8841,0.0,0.0,0.0,10.45,8.58,173.47,181.5,149.71,15.95,176.55,76.78,50.38,27.5,101.09,80.41,25.08
83.8941,0.0,0.0,0.0,8.36,8.58,116.16,128.92,161.15,13.64,182.82,76.78,52.91,29.59,110.66,87.67,27.83
83.9041,0.0,0.0,0.0,6.27,8.58,69.19,77.55,170.39,13.64,189.09,78.98,57.97,31.79,120.56,97.24,30.69
83.9141,0.0,0.0,0.0,4.18,6.49,33.88,33.77,177.43,13.64,197.45,78.98,60.39,31.79,128.15,101.97,36.19
83.9241,0.0,0.0,0.0,4.18,6.49,12.65,15.73,124.52,11.44,205.81,81.18,65.45,33.88,138.27,109.23,36.19
83.9341,0.0,0.0,0.0,4.18,6.49,10.56,13.53,67.32,11.44,214.17,78.98,70.4,35.97,145.75,113.96,41.8
83.9441,0.0,0.0,0.0,0.0,4.29,6.27,9.02,36.08,11.44,220.44,76.78,75.46,35.97,155.87,118.58,44.66
83.9541,0.0,0.0,0.0,0.0,0.0,4.18,6.71,27.06,11.44,224.62,74.69,77.99,38.06,163.46,125.62,47.41
83.9641,0.0,0.0,0.0,0.0,0.0,0.0,4.51,24.75,11.44,228.69,72.49,82.94,38.06,171.05,132.55,50.16
83.9741,0.0,0.0,0.0,0.0,0.0,0.0,0.0,13.53,11.44,230.78,72.49,85.47,40.26,178.09,139.59,53.02
83.9841,0.0,0.0,0.0,0.0,0.0,0.0,0.0,0.0,11.44,232.76,72.49,90.53,40.26,185.13,144.21,58.63
83.9941,0.0,0.0,0.0,0.0,0.0,0.0,0.0,0.0,11.44,234.85,72.49,92.95,42.35,189.86,151.14,61.49
84.0041,0.0,0.0,0.0,0.0,0.0,0.0,0.0,0.0,11.44,232.76,70.29,98.01,44.44,196.9,158.18,67.32
84.0141,0.0,0.0,0.0,0.0,0.0,0.0,0.0,0.0,11.44,230.78,70.29,98.01,46.53,201.63,162.8,73.15
84.0241,0.0,0.0,0.0,0.0,0.0,0.0,0.0,0.0,11.44,228.69,68.09,102.96,46.53,203.94,165.11,76.01
84.0341,0.0,0.0,0.0,0.0,0.0,0.0,0.0,0.0,11.44,226.71,63.8,105.49,48.73,208.67,169.95,81.84
84.0441,0.0,0.0,0.0,0.0,0.0,0.0,0.0,0.0,11.44,222.64,61.6,108.02,48.73,213.4,172.37,84.81
84.0541,0.0,0.0,0.0,0.0,0.0,0.0,0.0,0.0,9.13,220.44,57.2,108.02,50.82,215.82,177.21,87.67
84.0641,0.0,0.0,0.0,0.0,0.0,0.0,0.0,0.0,9.13,216.26,53.13,110.55,50.82,218.13,177.21,93.5
84.0741,0.0,0.0,0.0,0.0,0.0,0.0,0.0,0.0,9.13,212.08,49.39,113.08,52.91,220.55,182.16,93.5
84.0841,0.0,0.0,0.0,0.0,0.0,0.0,0.0,0.0,9.13,209.99,47.41,113.08,52.91,220.55,182.16,96.36
84.0941,0.0,0.0,0.0,0.0,0.0,0.0,0.0,0.0,9.13,205.81,43.67,115.5,52.91,222.97,182.16,96.36
84.1041,0.0,0.0,0.0,0.0,0.0,0.0,0.0,0.0,9.13,201.63,39.82,115.5,52.91,222.97,184.58,96.36
84.1141,0.0,0.0,0.0,0.0,0.0,0.0,0.0,0.0,9.13,195.36,36.08,118.03,52.91,225.39,184.58,99.33
84.1241,0.0,0.0,0.0,0.0,0.0,0.0,0.0,0.0,9.13,191.18,32.23,118.03,55.11,225.39,184.58,99.33
84.1341,0.0,0.0,0.0,0.0,0.0,0.0,0.0,0.0,9.13,182.82,30.36,120.45,55.11,225.39,187.0,102.19
84.1441,0.0,0.0,0.0,0.0,0.0,0.0,0.0,0.0,9.13,176.55,28.49,120.45,55.11,225.39,189.42,102.19
84.1541,0.0,0.0,0.0,0.0,0.0,0.0,0.0,0.0,9.13,170.28,26.51,120.45,55.11,227.81,189.42,105.16
84.1641,0.0,0.0,0.0,0.0,0.0,0.0,0.0,0.0,9.13,163.79,24.64,120.45,55.11,227.81,191.84,108.02
84.1741,0.0,0.0,0.0,0.0,0.0,0.0,0.0,0.0,9.13,157.3,22.77,120.45,57.53,227.81,194.37,110.99
84.1841,0.0,0.0,0.0,0.0,0.0,0.0,0.0,0.0,9.13,150.7,18.92,122.98,57.53,230.34,196.79,110.99
84.1941,0.0,0.0,0.0,0.0,0.0,0.0,0.0,0.0,9.13,144.21,18.92,122.98,60.06,230.34,201.63,116.05
84.2041,0.0,0.0,0.0,0.0,0.0,0.0,0.0,0.0,9.13,137.72,15.18,125.51,60.06,235.18,204.05,118.58
84.2141,0.0,0.0,0.0,0.0,0.0,0.0,0.0,0.0,9.13,129.03,15.18,127.93,60.06,235.18,209.0,121.11
84.2241,0.0,0.0,0.0,0.0,0.0,0.0,0.0,0.0,9.13,122.54,13.2,127.93,60.06,237.6,211.42,126.17
84.2341,0.0,0.0,0.0,0.0,0.0,0.0,0.0,0.0,9.13,113.85,13.2,130.46,62.59,242.55,216.26,128.7
84.2441,0.0,0.0,0.0,0.0,0.0,0.0,0.0,0.0,6.82,107.47,11.33,132.88,62.59,244.97,218.68,133.76
84.2541,0.0,0.0,0.0,0.0,0.0,0.0,0.0,0.0,9.13,98.89,11.33,135.41,62.59,249.92,223.52,138.82
84.2641,0.0,0.0,0.0,0.0,0.0,0.0,0.0,0.0,6.82,90.42,11.33,137.94,62.59,252.34,225.94,143.88
84.2741,0.0,0.0,0.0,0.0,0.0,0.0,0.0,0.0,6.82,79.86,9.46,140.36,62.59,257.18,230.78,148.94
84.2841,0.0,0.0,0.0,0.0,0.0,0.0,0.0,0.0,6.82,69.19,9.46,142.89,62.59,262.13,235.51,154.0
84.2941,0.0,0.0,0.0,0.0,0.0,0.0,0.0,0.0,6.82,56.43,9.46,145.42,62.59,264.55,240.35,159.06
84.3041,0.0,0.0,0.0,0.0,0.0,0.0,0.0,0.0,4.51,45.98,9.46,147.84,62.59,269.5,242.77,164.12
84.3141,0.0,0.0,0.0,0.0,0.0,0.0,0.0,0.0,4.51,35.53,7.59,147.84,62.59,274.34,247.61,171.71
84.3241,0.0,0.0,0.0,0.0,0.0,0.0,0.0,0.0,4.51,25.08,7.59,147.84,62.59,279.29,252.34,176.77
84.3341,12.32,0.0,0.0,0.0,0.0,0.0,0.0,0.0,0.0,16.72,5.61,145.42,62.59,284.13,257.18,184.25
84.3441,20.68,0.0,0.0,0.0,0.0,0.0,0.0,0.0,0.0,10.45,3.74,142.89,57.53,291.5,262.02,194.26
84.3541,22.77,0.0,0.0,0.0,0.0,0.0,0.0,0.0,0.0,6.27,3.74,137.94,52.91,296.34,266.75,204.27
84.3641,39.27,0.0,0.0,0.0,0.0,0.0,0.0,0.0,0.0,6.27,0.0,127.93,48.73,298.87,271.59,214.39
84.3741,57.97,0.0,0.0,0.0,0.0,0.0,0.0,0.0,0.0,4.18,0.0,120.45,42.35,303.71,276.43,226.93
84.3841,81.84,0.0,0.0,0.0,0.0,0.0,0.0,0.0,0.0,0.0,0.0,108.02,35.97,306.24,280.94,236.28
84.3941,122.32,0.0,0.0,0.0,0.0,0.0,0.0,0.0,0.0,0.0,0.0,95.48,31.79,308.66,283.25,243.32
84.4041,168.08,9.35,0.0,0.0,0.0,0.0,0.0,0.0,0.0,0.0,0.0,82.94,23.21,308.66,285.56,252.67
84.4141,154.11,80.3,0.0,0.0,0.0,0.0,0.0,0.0,0.0,0.0,0.0,67.98,16.94,308.66,285.56,259.71
84.4241,108.02,145.42,39.27,25.08,0.0,0.0,0.0,0.0,0.0,0.0,0.0,50.38,12.65,303.71,283.25,266.75
84.4341,79.64,167.53,88.55,37.62,12.98,16.94,6.71,4.51,0.0,0.0,0.0,30.14,8.47,296.34,276.43,269.06
84.4441,75.35,181.94,108.57,43.89,19.47,35.97,15.73,9.02,0.0,0.0,0.0,12.54,6.27,281.71,259.6,273.79
84.4541,64.46,181.94,119.68,45.98,28.16,50.82,27.06,11.22,0.0,0.0,0.0,4.95,6.27,244.97,228.36,278.52
84.4641,57.97,184.03,121.88,48.07,30.36,57.42,36.08,13.53,0.0,0.0,0.0,4.95,8.47,194.59,182.16,283.47
84.4741,49.61,188.21,126.28,50.16,32.56,66.77,45.1,15.73,0.0,0.0,0.0,4.95,8.47,130.68,130.24,286.0
84.4841,45.54,196.46,128.48,54.34,34.65,76.23,54.12,18.04,0.0,0.0,0.0,4.95,8.47,84.26,75.68,278.52
84.4941,43.45,206.8,135.08,56.54,36.85,85.58,60.94,18.04,0.0,0.0,0.0,4.95,8.47,40.26,28.27,236.28
84.5041,43.45,219.23,141.68,60.72,39.05,90.31,68.09,20.24,0.0,0.0,0.0,4.95,6.27,20.13,22.11,148.94
84.5141,43.45,231.77,146.08,62.81,41.25,97.35,75.13,22.55,0.0,0.0,0.0,4.95,6.27,15.07,18.15,110.99
84.5241,41.36,244.31,148.28,67.1,43.34,104.39,79.86,24.75,0.0,0.0,0.0,4.95,4.18,12.54,14.08,102.19
84.5341,41.36,254.76,148.28,73.48,43.34,111.43,87.01,27.06,0.0,0.0,0.0,0.0,0.0,7.48,10.01,90.53
84.5441,41.36,265.21,148.28,75.57,45.54,118.58,91.74,27.06,0.0,0.0,0.0,0.0,0.0,4.95,6.05,64.35
84.5541,39.27,271.48,148.28,79.75,47.74,125.73,96.47,29.26,0.0,0.0,0.0,0.0,0.0,0.0,0.0,22.33
84.5641,37.18,275.66,150.48,84.04,49.94,130.57,103.51,31.57,0.0,0.0,0.0,0.0,0.0,0.0,0.0,5.5
84.5741,37.18,275.66,152.68,86.13,54.23,135.41,110.66,33.77,0.0,0.0,0.0,0.0,0.0,0.0,0.0,0.0
84.5841,35.09,273.57,154.88,90.42,56.43,140.14,115.28,33.77,0.0,0.0,0.0,0.0,0.0,0.0,0.0,0.0
84.5941,35.09,269.39,154.88,92.51,58.63,144.98,119.79,36.08,0.0,0.0,0.0,0.0,0.0,0.0,0.0,0.0
84.6041,33.11,265.21,154.88,94.6,60.72,149.71,124.41,38.28,0.0,0.0,0.0,0.0,0.0,0.0,0.0,0.0
84.6141,31.02,258.94,152.68,98.89,60.72,152.13,128.92,38.28,0.0,0.0,0.0,0.0,0.0,0.0,0.0,0.0
84.6241,28.93,252.67,148.28,100.98,62.92,154.55,131.23,40.59,0.0,0.0,0.0,0.0,0.0,0.0,0.0,0.0
84.6341,28.93,244.31,146.08,103.07,65.01,159.28,135.74,40.59,0.0,0.0,0.0,0.0,0.0,0.0,0.0,0.0
84.6441,26.84,238.04,139.48,107.36,67.21,161.7,137.94,42.79,0.0,0.0,0.0,0.0,0.0,0.0,0.0,0.0
84.6541,26.84,233.86,135.08,109.45,67.21,164.12,140.25,42.79,0.0,0.0,0.0,0.0,0.0,0.0,0.0,0.0
84.6641,24.75,225.5,128.48,111.65,69.3,166.54,142.56,45.1,0.0,0.0,0.0,0.0,0.0,0.0,0.0,0.0
84.6741,24.75,219.23,126.28,113.63,71.5,168.96,144.76,45.1,0.0,0.0,0.0,0.0,0.0,0.0,0.0,0.0
84.6841,22.77,212.96,121.88,115.72,71.5,171.16,147.07,47.3,0.0,0.0,0.0,0.0,0.0,0.0,0.0,0.0
84.6941,22.77,206.8,117.48,117.81,73.59,173.47,149.38,47.3,0.0,0.0,0.0,0.0,0.0,0.0,0.0,0.0
84.7041,22.77,200.64,113.08,121.99,73.59,175.78,151.58,49.61,0.0,0.0,0.0,0.0,0.0,0.0,0.0,0.0
84.7141,20.68,192.28,106.37,123.97,75.79,178.09,153.89,49.61,0.0,0.0,0.0,0.0,0.0,0.0,0.0,0.0
84.7241,20.68,186.12,101.86,128.15,77.88,180.4,156.09,49.61,0.0,0.0,0.0,0.0,0.0,0.0,0.0,0.0
84.7341,20.68,177.87,95.15,130.24,77.88,182.71,158.4,51.81,0.0,0.0,0.0,0.0,0.0,0.0,0.0,0.0
84.7441,18.59,169.51,88.55,134.31,80.08,187.22,162.91,54.12,0.0,0.0,0.0,0.0,0.0,0.0,0.0,0.0
84.7541,18.59,160.82,79.53,138.49,82.17,189.53,167.53,54.12,0.0,0.0,0.0,0.0,0.0,0.0,0.0,0.0
84.7641,18.59,152.02,70.62,142.67,84.37,194.15,172.15,56.32,0.0,0.0,0.0,0.0,0.0,0.0,0.0,0.0
84.7741,18.59,143.22,64.02,148.83,86.57,198.66,176.77,58.63,0.0,0.0,0.0,0.0,0.0,0.0,0.0,0.0
84.7841,16.5,136.62,55.11,153.01,90.86,203.28,181.5,62.92,0.0,0.0,0.0,0.0,0.0,0.0,0.0,0.0
84.7941,16.5,127.82,47.19,159.17,90.86,210.21,186.12,65.12,0.0,0.0,0.0,0.0,0.0,0.0,0.0,0.0
84.8041,16.5,119.02,39.27,163.35,92.95,214.72,193.05,67.32,0.0,0.0,0.0,0.0,0.0,0.0,0.0,0.0
84.8141,16.5,110.22,33.44,169.62,95.15,221.65,197.78,69.41,0.0,0.0,0.0,0.0,0.0,0.0,0.0,0.0
84.8241,16.5,102.19,27.5,173.8,97.24,226.27,202.4,71.61,0.0,0.0,0.0,0.0,0.0,0.0,0.0,0.0
84.8341,14.41,92.29,21.56,180.18,97.24,233.09,207.02,76.01,0.0,0.0,0.0,0.0,0.0,0.0,0.0,0.0
84.8441,14.41,80.3,17.71,184.47,97.24,237.71,211.75,78.21,0.0,0.0,0.0,0.0,0.0,0.0,0.0,0.0
84.8541,14.41,66.44,13.75,190.85,97.24,244.64,216.37,80.3,0.0,0.0,0.0,0.0,0.0,0.0,0.0,0.0
84.8641,12.32,52.69,11.77,195.03,97.24,249.26,218.68,82.5,0.0,0.0,0.0,0.0,0.0,0.0,0.0,0.0
84.8741,12.32,39.49,9.79,201.41,97.24,256.19,223.41,86.9,22.88,0.0,0.0,0.0,0.0,0.0,0.0,0.0
84.8841,10.34,26.29,7.81,205.7,97.24,263.12,225.61,89.1,18.26,0.0,0.0,0.0,0.0,0.0,0.0,0.0
84.8941,8.25,16.94,5.83,207.79,95.15,270.05,227.92,91.19,22.88,0.0,0.0,0.0,0.0,0.0,0.0,0.0
84.9041,6.16,11.22,3.85,203.61,90.86,276.98,230.23,95.59,27.39,0.0,0.0,0.0,0.0,0.0,0.0,0.0
84.9141,4.07,9.35,3.85,199.32,86.57,283.69,232.54,102.08,36.52,0.0,0.0,0.0,0.0,0.0,0.0,0.0
84.9241,4.07,7.48,0.0,190.85,80.08,290.29,234.85,108.68,57.2,0.0,0.0,0.0,0.0,0.0,0.0,0.0
84.9341,0.0,5.61,0.0,180.18,71.5,294.69,239.47,115.28,104.94,0.0,0.0,0.0,0.0,0.0,0.0,0.0
84.9441,0.0,3.74,0.0,169.62,62.92,299.09,239.47,122.21,146.3,4.18,5.61,0.0,0.0,0.0,0.0,0.0
84.9541,0.0,0.0,0.0,157.08,56.43,301.29,239.47,126.83,121.22,31.35,53.13,0.0,0.0,0.0,0.0,0.0
84.9641,0.0,0.0,0.0,140.58,47.74,303.49,239.47,133.65,64.35,77.66,83.38,0.0,14.74,0.0,18.15,0.0
84.9741,0.0,0.0,0.0,119.9,39.05,301.29,241.78,140.58,47.96,111.65,94.27,12.54,14.74,10.01,28.27,5.5
84.9841,0.0,0.0,0.0,96.8,28.16,296.89,241.78,147.4,43.45,122.54,100.76,15.07,19.03,17.6,40.37,8.36
84.9941,0.0,0.0,0.0,69.19,17.27,288.09,237.16,154.33,34.32,126.83,105.05,20.13,21.12,30.14,50.38,11.11
85.004,0.0,0.0,0.0,39.71,10.78,272.36,225.61,161.15,27.39,139.92,98.56,22.66,23.21,42.79,61.27,13.86
85.014,0.0,0.0,0.0,16.72,8.58,242.33,195.47,170.39,20.57,148.61,96.36,27.72,25.41,57.97,70.84,19.47
85.024,0.0,0.0,0.0,10.45,8.58,187.22,151.58,182.16,18.26,155.1,98.56,30.14,27.5,67.54,80.41,22.33
85.034,0.0,0.0,0.0,8.36,8.58,118.58,101.2,196.46,15.95,161.59,102.96,32.67,29.59,77.11,92.4,25.08
85.044,0.0,0.0,0.0,6.27,8.58,66.77,51.81,205.92,15.95,165.99,107.25,37.73,31.79,86.68,104.39,27.83
85.054,0.0,0.0,0.0,6.27,6.49,31.79,20.24,179.85,15.95,172.37,111.65,40.26,33.88,96.25,116.27,33.44
85.064,0.0,0.0,0.0,6.27,6.49,14.74,15.73,106.48,15.95,180.73,116.05,42.79,35.97,103.4,127.93,36.19
85.074,0.0,0.0,0.0,4.18,6.49,10.56,13.53,65.12,13.64,187.0,118.36,45.32,38.06,113.08,134.86,41.8
85.084,0.0,0.0,0.0,4.18,4.29,8.47,9.02,42.79,13.64,193.27,120.67,50.38,40.26,120.56,144.21,47.41
85.094,0.0,0.0,0.0,0.0,0.0,4.18,6.71,36.08,13.64,197.45,122.98,52.91,42.35,128.15,153.56,53.02
85.104,0.0,0.0,0.0,0.0,0.0,4.18,4.51,27.06,13.64,199.54,122.98,55.44,44.44,133.21,162.8,61.49
85.114,0.0,0.0,0.0,0.0,0.0,0.0,0.0,6.71,13.64,201.63,125.29,57.97,46.53,140.8,169.95,70.18
85.124,0.0,0.0,0.0,0.0,0.0,0.0,0.0,0.0,11.44,201.63,125.29,60.39,48.73,145.75,177.21,78.98
85.134,0.0,0.0,0.0,0.0,0.0,0.0,0.0,0.0,11.44,201.63,122.98,62.92,50.82,150.81,184.58,84.81
85.144,0.0,0.0,0.0,0.0,0.0,0.0,0.0,0.0,11.44,199.54,120.67,65.45,52.91,158.4,191.84,93.5
85.154,0.0,0.0,0.0,0.0,0.0,0.0,0.0,0.0,11.44,197.45,118.36,70.4,55.11,163.46,196.79,99.33
85.164,0.0,0.0,0.0,0.0,0.0,0.0,0.0,0.0,11.44,193.27,113.85,70.4,57.53,168.52,201.63,108.02
85.174,0.0,0.0,0.0,0.0,0.0,0.0,0.0,0.0,11.44,189.09,107.25,75.46,57.53,173.36,206.47,113.52
85.184,0.0,0.0,0.0,0.0,0.0,0.0,0.0,0.0,11.44,184.91,100.76,77.99,57.53,178.09,209.0,118.58
85.194,0.0,0.0,0.0,0.0,0.0,0.0,0.0,0.0,11.44,178.64,92.07,80.41,60.06,182.82,213.84,121.11
85.204,0.0,0.0,0.0,0.0,0.0,0.0,0.0,0.0,9.13,174.46,85.47,85.47,62.59,187.44,216.26,126.17
85.214,0.0,0.0,0.0,0.0,0.0,0.0,0.0,0.0,9.13,168.19,78.98,88.0,62.59,189.86,218.68,128.7
85.224,0.0,0.0,0.0,0.0,0.0,0.0,0.0,0.0,9.13,163.79,72.49,88.0,65.12,192.17,223.52,131.23
85.234,0.0,0.0,0.0,0.0,0.0,0.0,0.0,0.0,9.13,157.3,65.89,90.53,65.12,196.9,225.94,136.29
85.244,0.0,0.0,0.0,0.0,0.0,0.0,0.0,0.0,9.13,150.7,59.4,92.95,67.65,199.32,230.78,138.82
85.254,0.0,0.0,0.0,0.0,0.0,0.0,0.0,0.0,9.13,146.41,53.13,95.48,70.18,201.63,233.2,141.35
85.264,0.0,0.0,0.0,0.0,0.0,0.0,0.0,0.0,9.13,139.92,49.39,95.48,70.18,203.94,235.51,143.88
85.274,0.0,0.0,0.0,0.0,0.0,0.0,0.0,0.0,9.13,133.32,45.54,100.54,70.18,206.36,240.35,146.41
85.284,0.0,0.0,0.0,0.0,0.0,0.0,0.0,0.0,9.13,126.83,39.82,100.54,72.71,208.67,242.77,148.94
85.294,0.0,0.0,0.0,0.0,0.0,0.0,0.0,0.0,9.13,120.34,37.95,102.96,72.71,211.09,245.19,151.47
85.304,0.0,0.0,0.0,0.0,0.0,0.0,0.0,0.0,9.13,115.94,32.23,105.49,72.71,215.82,249.92,154.0
85.314,0.0,0.0,0.0,0.0,0.0,0.0,0.0,0.0,9.13,107.47,28.49,108.02,75.24,218.13,252.34,159.06
85.324,0.0,0.0,0.0,0.0,0.0,0.0,0.0,0.0,9.13,101.09,24.64,108.02,75.24,220.55,257.18,161.59
85.334,0.0,0.0,0.0,0.0,0.0,0.0,0.0,0.0,9.13,92.51,20.9,110.55,75.24,222.97,259.6,164.12
85.344,0.0,0.0,0.0,0.0,0.0,0.0,0.0,0.0,9.13,84.04,17.05,113.08,75.24,227.81,264.33,166.76
85.354,0.0,0.0,0.0,0.0,0.0,0.0,0.0,0.0,6.82,73.48,15.18,115.5,75.24,230.34,266.75,171.71
85.364,0.0,0.0,0.0,0.0,0.0,0.0,0.0,0.0,6.82,60.72,13.2,118.03,75.24,235.18,269.17,174.24
85.374,0.0,0.0,0.0,0.0,0.0,0.0,0.0,0.0,6.82,48.07,11.33,120.45,72.71,240.13,271.59,176.77
85.384,0.0,0.0,0.0,0.0,0.0,0.0,0.0,0.0,6.82,35.53,11.33,122.98,72.71,244.97,274.01,181.72
85.394,0.0,0.0,0.0,0.0,0.0,0.0,0.0,0.0,6.82,25.08,11.33,125.51,70.18,249.92,278.63,184.25
85.404,22.77,0.0,0.0,0.0,0.0,0.0,0.0,0.0,4.51,18.81,9.46,122.98,70.18,252.34,280.94,189.31
85.414,14.41,0.0,0.0,0.0,0.0,0.0,0.0,0.0,0.0,12.54,7.59,122.98,70.18,254.76,283.25,196.79
85.424,18.59,0.0,0.0,0.0,0.0,0.0,0.0,0.0,0.0,8.36,5.61,118.03,67.65,259.71,287.87,201.85
85.434,20.68,0.0,0.0,0.0,0.0,0.0,0.0,0.0,0.0,6.27,5.61,113.08,62.59,262.13,290.18,209.33
85.444,24.75,0.0,0.0,0.0,0.0,0.0,0.0,0.0,0.0,4.18,3.74,108.02,57.53,264.55,294.8,216.81
85.454,28.93,0.0,0.0,0.0,0.0,0.0,0.0,0.0,0.0,0.0,0.0,102.96,55.11,266.97,299.31,226.93
85.464,33.11,0.0,0.0,0.0,0.0,0.0,0.0,0.0,0.0,0.0,0.0,95.48,48.73,269.5,301.62,233.86
85.474,47.52,0.0,0.0,0.0,0.0,0.0,0.0,0.0,0.0,0.0,0.0,88.0,42.35,271.92,303.93,240.9
85.484,94.93,0.0,0.0,0.0,0.0,0.0,0.0,0.0,0.0,0.0,0.0,80.41,35.97,274.34,306.24,247.94
85.494,144.21,0.0,0.0,0.0,0.0,0.0,0.0,0.0,0.0,0.0,0.0,70.4,29.59,274.34,306.24,254.98
85.504,160.05,48.95,0.0,0.0,0.0,0.0,0.0,0.0,0.0,0.0,0.0,57.97,23.21,274.34,308.55,262.02
85.514,97.13,112.42,45.21,25.08,8.58,0.0,0.0,0.0,0.0,0.0,0.0,45.32,16.94,271.92,306.24,266.75
85.524,73.15,147.62,90.75,37.62,17.27,16.94,9.02,4.51,0.0,0.0,0.0,30.14,12.65,266.97,303.93,271.48
85.534,70.95,160.82,106.37,41.8,25.96,31.79,20.24,9.02,0.0,0.0,0.0,12.54,6.27,257.18,294.8,276.1
85.544,57.97,158.62,119.68,45.98,32.56,44.44,33.77,11.22,0.0,0.0,0.0,0.0,6.27,237.6,276.43,278.52
85.554,47.52,156.42,124.08,50.16,36.85,57.42,47.3,13.53,0.0,0.0,0.0,0.0,6.27,201.63,247.61,280.94
85.564,39.27,158.62,124.08,54.34,41.25,71.5,63.36,18.04,0.0,0.0,0.0,0.0,6.27,153.34,206.47,298.65
85.574,33.11,165.22,124.08,60.72,43.34,83.27,75.13,20.24,0.0,0.0,0.0,0.0,6.27,103.4,153.56,283.47
85.584,31.02,167.53,128.48,65.01,47.74,95.04,84.59,22.55,0.0,0.0,0.0,0.0,6.27,69.85,97.24,280.94
85.594,28.93,169.51,135.08,67.1,52.03,102.08,96.47,24.75,0.0,0.0,0.0,0.0,8.47,32.67,42.35,259.71
85.604,26.84,173.69,139.48,71.28,56.43,111.43,108.24,27.06,0.0,0.0,0.0,0.0,6.27,17.6,22.11,176.77
85.614,26.84,179.85,143.88,75.57,58.63,118.58,117.59,31.57,0.0,0.0,0.0,0.0,6.27,12.54,18.15,118.58
85.624,26.84,188.21,148.28,79.75,60.72,125.73,124.41,33.77,0.0,0.0,0.0,0.0,4.18,10.01,16.06,99.33
85.634,26.84,194.37,148.28,84.04,65.01,132.99,133.43,36.08,0.0,0.0,0.0,0.0,4.18,7.48,12.1,93.5
85.644,24.75,198.55,150.48,88.33,67.21,140.14,140.25,38.28,0.0,0.0,0.0,0.0,0.0,4.95,8.03,73.15
85.654,24.75,200.64,150.48,90.42,69.3,144.98,144.76,40.59,0.0,0.0,0.0,0.0,0.0,0.0,3.96,39.05
85.664,24.75,202.62,150.48,94.6,71.5,149.71,151.58,42.79,0.0,0.0,0.0,0.0,0.0,0.0,0.0,11.11
85.674,24.75,202.62,150.48,98.89,73.59,154.55,156.09,45.1,0.0,0.0,0.0,0.0,0.0,0.0,0.0,0.0
85.684,22.77,202.62,146.08,100.98,75.79,161.7,160.71,47.3,0.0,0.0,0.0,0.0,0.0,0.0,0.0,0.0
85.694,22.77,200.64,141.68,107.36,75.79,164.12,165.22,51.81,0.0,0.0,0.0,0.0,0.0,0.0,0.0,0.0
85.704,22.77,198.55,137.28,111.65,77.88,168.96,167.53,51.81,0.0,0.0,0.0,0.0,0.0,0.0,0.0,0.0
85.714,20.68,194.37,130.68,115.72,80.08,173.47,169.84,54.12,0.0,0.0,0.0,0.0,0.0,0.0,0.0,0.0
85.724,20.68,190.19,121.88,119.9,82.17,178.09,174.46,56.32,0.0,0.0,0.0,0.0,0.0,0.0,0.0,0.0
85.734,20.68,184.03,115.28,121.99,82.17,180.4,176.77,58.63,0.0,0.0,0.0,0.0,0.0,0.0,0.0,0.0
85.744,18.59,177.87,110.77,126.06,84.37,184.91,179.08,60.72,0.0,0.0,0.0,0.0,0.0,0.0,0.0,0.0
85.754,18.59,169.51,104.06,130.24,86.57,187.22,183.81,60.72,0.0,0.0,0.0,0.0,0.0,0.0,0.0,0.0
85.764,18.59,163.02,97.46,132.33,88.66,189.53,186.12,62.92,0.0,0.0,0.0,0.0,0.0,0.0,0.0,0.0
85.774,18.59,154.22,88.55,136.4,90.86,191.84,188.43,65.12,0.0,0.0,0.0,0.0,0.0,0.0,0.0,0.0
85.784,18.59,147.62,81.84,140.58,90.86,196.46,190.74,65.12,0.0,0.0,0.0,0.0,0.0,0.0,0.0,0.0
85.794,16.5,141.02,72.93,142.67,92.95,198.66,195.47,67.32,0.0,0.0,0.0,0.0,0.0,0.0,0.0,0.0
85.804,16.5,132.22,64.02,146.74,95.15,200.97,197.78,69.41,0.0,0.0,0.0,0.0,0.0,0.0,0.0,0.0
85.814,16.5,123.42,55.11,148.83,95.15,203.28,200.09,69.41,0.0,0.0,0.0,0.0,0.0,0.0,0.0,0.0
85.824,16.5,116.82,49.17,153.01,97.24,207.9,202.4,71.61,0.0,0.0,0.0,0.0,0.0,0.0,0.0,0.0
85.834,16.5,110.22,41.25,155.1,97.24,210.21,207.02,73.81,0.0,0.0,0.0,0.0,0.0,0.0,0.0,0.0
85.844,16.5,104.17,35.42,159.17,99.44,212.41,209.44,73.81,0.0,0.0,0.0,0.0,0.0,0.0,0.0,0.0
85.854,14.41,98.23,29.48,163.35,99.44,217.03,211.75,76.01,0.0,0.0,0.0,0.0,0.0,0.0,0.0,0.0
85.864,14.41,92.29,25.52,167.53,99.44,219.34,214.06,78.21,0.0,0.0,0.0,0.0,0.0,0.0,0.0,0.0
85.874,14.41,84.37,19.58,171.71,101.53,223.96,216.37,78.21,0.0,0.0,0.0,0.0,0.0,0.0,0.0,0.0
85.884,14.41,76.34,15.73,178.09,101.53,230.78,218.68,80.3,0.0,0.0,0.0,0.0,0.0,0.0,0.0,0.0
85.894,14.41,68.42,13.75,182.38,99.44,235.4,223.41,82.5,0.0,0.0,0.0,0.0,0.0,0.0,0.0,0.0
85.904,12.32,58.52,11.77,188.65,99.44,242.33,225.61,84.7,0.0,0.0,0.0,0.0,0.0,0.0,0.0,0.0
85.914,12.32,48.95,9.79,195.03,99.44,246.95,225.61,86.9,0.0,0.0,0.0,0.0,0.0,0.0,0.0,0.0
85.924,12.32,37.62,7.81,201.41,97.24,253.88,227.92,89.1,0.0,0.0,0.0,0.0,0.0,0.0,0.0,0.0
85.934,10.34,28.16,7.81,205.7,97.24,258.5,230.23,91.19,0.0,0.0,0.0,0.0,0.0,0.0,0.0,0.0
85.944,8.25,20.68,5.83,209.88,95.15,265.43,232.54,93.39,0.0,0.0,0.0,0.0,0.0,0.0,0.0,0.0
85.954,8.25,15.07,5.83,209.88,95.15,270.05,232.54,95.59,0.0,0.0,0.0,0.0,0.0,0.0,0.0,0.0
85.964,6.16,11.22,3.85,207.79,92.95,274.67,234.85,99.99,29.7,0.0,0.0,0.0,0.0,0.0,0.0,0.0
85.974,4.07,9.35,3.85,203.61,88.66,281.49,237.16,102.08,15.95,0.0,0.0,0.0,0.0,0.0,0.0,0.0
85.984,4.07,7.48,0.0,199.32,84.37,285.89,237.16,108.68,18.26,0.0,0.0,0.0,0.0,0.0,0.0,0.0
85.994,0.0,5.61,0.0,192.94,77.88,290.29,239.47,110.88,20.57,0.0,0.0,0.0,0.0,0.0,0.0,0.0
86.004,0.0,3.74,0.0,186.56,73.59,294.69,239.47,115.28,25.08,0.0,0.0,0.0,0.0,0.0,0.0,0.0
86.014,0.0,3.74,0.0,178.09,67.21,299.09,239.47,119.9,34.32,0.0,0.0,0.0,0.0,0.0,0.0,0.0
86.024,0.0,0.0,0.0,171.71,60.72,301.29,239.47,124.52,43.45,0.0,0.0,0.0,0.0,0.0,0.0,0.0
86.034,0.0,0.0,0.0,163.35,54.23,305.8,237.16,129.03,76.23,0.0,0.0,0.0,0.0,0.0,0.0,0.0
86.044,0.0,0.0,0.0,153.01,47.74,310.2,237.16,133.65,119.02,0.0,0.0,0.0,0.0,0.0,0.0,0.0
86.054,0.0,0.0,0.0,140.58,39.05,312.4,234.85,138.27,146.3,0.0,32.23,0.0,0.0,0.0,0.0,0.0
86.064,0.0,0.0,0.0,126.06,32.56,312.4,234.85,142.78,97.79,37.62,76.78,0.0,4.18,0.0,3.96,0.0
86.074,0.0,0.0,0.0,107.36,23.87,310.2,232.54,147.4,57.2,84.04,100.76,7.48,14.74,7.48,30.25,5.5
86.084,0.0,0.0,0.0,86.13,15.18,305.8,230.23,154.33,52.58,105.27,111.65,12.54,21.12,20.13,48.4,8.36
86.094,0.0,0.0,0.0,60.72,10.78,294.69,223.41,161.15,43.45,101.09,122.98,12.54,23.21,27.72,63.69,11.11
86.104,0.0,0.0,0.0,31.35,8.58,274.67,207.02,168.08,32.01,107.47,125.29,17.6,27.5,42.79,78.1,16.72
86.114,0.0,0.0,0.0,12.54,8.58,240.02,179.08,179.85,25.08,111.65,125.29,20.13,29.59,52.91,92.4,19.47
86.124,0.0,0.0,0.0,10.45,8.58,178.09,135.74,194.04,20.57,115.94,132.22,22.66,33.88,62.7,104.39,25.08
86.134,0.0,0.0,0.0,8.36,8.58,109.12,89.32,205.92,18.26,120.34,139.15,22.66,35.97,69.85,120.89,27.83
86.144,0.0,0.0,0.0,8.36,8.58,62.15,42.79,215.49,18.26,124.63,148.28,25.19,38.06,77.11,132.55,30.69
86.154,0.0,0.0,0.0,6.27,8.58,27.5,20.24,175.12,18.26,129.03,155.21,25.19,40.26,81.84,146.52,36.19
86.164,0.0,0.0,0.0,4.18,6.49,14.74,18.04,99.99,18.26,135.52,164.45,27.72,42.35,89.1,158.18,39.05
86.174,0.0,0.0,0.0,4.18,4.29,12.65,13.53,60.72,15.95,139.92,169.07,27.72,44.44,93.83,167.53,47.41
86.184,0.0,0.0,0.0,4.18,4.29,8.47,9.02,45.1,15.95,144.21,173.69,30.14,46.53,98.67,179.63,53.02
86.194,0.0,0.0,0.0,0.0,0.0,6.27,6.71,38.28,15.95,148.61,176.11,32.67,48.73,103.4,187.0,61.49
86.204,0.0,0.0,0.0,0.0,0.0,0.0,0.0,22.55,15.95,152.9,176.11,32.67,50.82,108.24,194.37,73.15
86.214,0.0,0.0,0.0,0.0,0.0,0.0,0.0,0.0,15.95,155.1,176.11,35.2,52.91,113.08,204.05,78.98
86.224,0.0,0.0,0.0,0.0,0.0,0.0,0.0,0.0,13.64,155.1,173.69,37.73,52.91,118.03,211.42,90.53
86.234,0.0,0.0,0.0,0.0,0.0,0.0,0.0,0.0,13.64,155.1,171.38,40.26,55.11,123.09,216.26,99.33
86.244,0.0,0.0,0.0,0.0,0.0,0.0,0.0,0.0,13.64,152.9,166.76,42.79,57.53,128.15,223.52,105.16
86.254,0.0,0.0,0.0,0.0,0.0,0.0,0.0,0.0,13.64,148.61,162.14,45.32,60.06,133.21,228.36,113.52
86.264,0.0,0.0,0.0,0.0,0.0,0.0,0.0,0.0,11.44,144.21,155.21,47.85,62.59,138.27,233.2,121.11
86.274,0.0,0.0,0.0,0.0,0.0,0.0,0.0,0.0,11.44,139.92,145.97,50.38,65.12,143.22,237.93,123.64
86.284,0.0,0.0,0.0,0.0,0.0,0.0,0.0,0.0,11.44,133.32,139.15,52.91,65.12,148.28,245.19,128.7
86.294,0.0,0.0,0.0,0.0,0.0,0.0,0.0,0.0,11.44,129.03,132.22,52.91,67.65,150.81,249.92,136.29
86.304,0.0,0.0,0.0,0.0,0.0,0.0,0.0,0.0,11.44,122.54,125.29,55.44,70.18,153.34,254.76,138.82
86.314,0.0,0.0,0.0,0.0,0.0,0.0,0.0,0.0,11.44,118.14,120.67,57.97,72.71,158.4,259.6,143.88
86.324,0.0,0.0,0.0,0.0,0.0,0.0,0.0,0.0,11.44,113.85,113.85,60.39,72.71,160.93,264.33,146.41
86.334,0.0,0.0,0.0,0.0,0.0,0.0,0.0,0.0,11.44,109.56,107.25,60.39,75.24,163.46,266.75,151.47
86.344,0.0,0.0,0.0,0.0,0.0,0.0,0.0,0.0,9.13,103.18,100.76,62.92,75.24,168.52,271.59,154.0
86.354,0.0,0.0,0.0,0.0,0.0,0.0,0.0,0.0,9.13,98.89,94.27,65.45,77.77,168.52,274.01,156.53
86.364,0.0,0.0,0.0,0.0,0.0,0.0,0.0,0.0,9.13,94.71,87.67,65.45,77.77,173.36,278.63,159.06
86.374,0.0,0.0,0.0,0.0,0.0,0.0,0.0,0.0,9.13,88.33,78.98,67.98,80.3,175.67,280.94,161.59
86.384,0.0,0.0,0.0,0.0,0.0,0.0,0.0,0.0,9.13,84.04,72.49,70.4,82.83,178.09,283.25,164.12
86.394,0.0,0.0,0.0,0.0,0.0,0.0,0.0,0.0,9.13,79.86,65.89,72.93,82.83,180.4,285.56,166.76
86.404,0.0,0.0,0.0,0.0,0.0,0.0,0.0,0.0,9.13,73.48,59.4,72.93,82.83,185.13,287.87,169.18
86.414,0.0,0.0,0.0,0.0,0.0,0.0,0.0,0.0,9.13,69.19,51.26,75.46,82.83,189.86,292.49,174.24
86.424,0.0,0.0,0.0,0.0,0.0,0.0,0.0,0.0,9.13,64.9,45.54,77.99,85.25,194.59,294.8,176.77
86.4339,0.0,0.0,0.0,0.0,0.0,0.0,0.0,0.0,9.13,60.72,37.95,80.41,85.25,196.9,297.0,179.19
86.4439,0.0,0.0,0.0,0.0,0.0,0.0,0.0,0.0,9.13,54.34,32.23,85.47,85.25,203.94,299.31,181.72
86.4539,0.0,0.0,0.0,0.0,0.0,0.0,0.0,0.0,9.13,48.07,26.51,88.0,85.25,208.67,301.62,184.25
86.4639,0.0,0.0,0.0,0.0,0.0,0.0,0.0,0.0,6.82,39.71,20.9,90.53,82.83,213.4,303.93,189.31
86.4739,0.0,0.0,0.0,0.0,0.0,0.0,0.0,0.0,6.82,31.35,17.05,92.95,82.83,218.13,308.55,191.73
86.4839,0.0,0.0,0.0,0.0,0.0,0.0,0.0,0.0,6.82,22.99,15.18,95.48,82.83,222.97,310.86,196.79
86.4939,0.0,0.0,0.0,0.0,0.0,0.0,0.0,0.0,4.51,14.63,13.2,95.48,82.83,227.81,313.17,199.32
86.5039,0.0,0.0,0.0,0.0,0.0,0.0,0.0,0.0,4.51,10.45,9.46,95.48,80.3,235.18,317.68,206.8
86.5139,4.07,0.0,0.0,0.0,0.0,0.0,0.0,0.0,0.0,6.27,7.59,92.95,77.77,237.6,319.99,214.39
86.5239,10.34,0.0,0.0,0.0,0.0,0.0,0.0,0.0,0.0,4.18,5.61,90.53,72.71,240.13,324.61,219.34
86.5339,16.5,0.0,0.0,0.0,0.0,0.0,0.0,0.0,0.0,4.18,3.74,85.47,70.18,244.97,326.92,229.24
86.5439,20.68,0.0,0.0,0.0,0.0,0.0,0.0,0.0,0.0,0.0,3.74,80.41,62.59,249.92,329.23,233.86
86.5539,26.84,0.0,0.0,0.0,0.0,0.0,0.0,0.0,0.0,0.0,0.0,77.99,55.11,254.76,329.23,240.9
86.5639,35.09,0.0,0.0,0.0,0.0,0.0,0.0,0.0,0.0,0.0,0.0,72.93,48.73,257.18,329.23,247.94
86.5739,53.79,0.0,0.0,0.0,0.0,0.0,0.0,0.0,0.0,0.0,0.0,65.45,42.35,262.13,329.23,257.4
86.5839,68.75,0.0,0.0,0.0,0.0,0.0,0.0,0.0,0.0,0.0,0.0,57.97,33.88,264.55,329.23,264.44
86.5939,86.24,0.0,0.0,0.0,0.0,0.0,0.0,0.0,0.0,0.0,0.0,47.85,27.5,264.55,329.23,269.06
86.6039,118.36,0.0,0.0,0.0,0.0,0.0,0.0,0.0,0.0,0.0,0.0,37.73,21.12,264.55,326.92,276.1
86.6139,170.06,7.48,0.0,0.0,0.0,0.0,0.0,0.0,0.0,0.0,0.0,25.19,14.74,262.13,324.61,278.52
86.6239,156.09,88.33,0.0,0.0,0.0,0.0,0.0,0.0,0.0,0.0,0.0,12.54,10.56,254.76,319.99,283.47
86.6339,99.33,158.62,49.17,27.17,0.0,0.0,0.0,0.0,0.0,0.0,0.0,4.95,6.27,244.97,310.86,288.53
86.6439,68.75,181.94,101.86,43.89,12.98,16.94,6.71,4.51,0.0,0.0,0.0,0.0,6.27,225.39,294.8,293.59
86.6539,64.46,190.19,124.08,50.16,21.67,35.97,13.53,6.71,0.0,0.0,0.0,0.0,6.27,196.9,266.75,296.12
86.6639,51.7,184.03,135.08,52.25,30.36,52.91,27.06,11.22,0.0,0.0,0.0,0.0,6.27,163.46,228.36,298.65
86.6739,41.36,179.85,137.28,56.54,34.65,64.46,38.28,15.73,0.0,0.0,0.0,0.0,8.47,120.56,177.21,298.65
86.6839,35.09,179.85,139.48,60.72,39.05,76.23,51.81,18.04,0.0,0.0,0.0,0.0,8.47,86.68,120.89,296.12
86.6939,31.02,188.21,139.48,65.01,41.25,88.0,63.36,20.24,0.0,0.0,0.0,0.0,8.47,52.91,63.69,283.47
86.7039,28.93,196.46,141.68,71.28,45.54,97.35,72.82,22.55,0.0,0.0,0.0,0.0,6.27,17.6,26.18,221.87
86.7139,26.84,200.64,148.28,73.48,49.94,106.7,82.28,24.75,0.0,0.0,0.0,0.0,6.27,15.07,20.13,138.82
86.7239,26.84,204.71,150.48,77.66,52.03,113.85,91.74,27.06,0.0,0.0,0.0,0.0,6.27,12.54,18.15,113.52
86.7339,24.75,212.96,152.68,81.95,54.23,121.0,101.2,29.26,0.0,0.0,0.0,0.0,4.18,7.48,14.08,105.16
86.7439,24.75,219.23,150.48,88.33,56.43,128.15,108.24,31.57,0.0,0.0,0.0,0.0,0.0,4.95,10.01,87.67
86.7539,24.75,225.5,150.48,92.51,58.63,135.41,115.28,33.77,0.0,0.0,0.0,0.0,0.0,0.0,6.05,53.02
86.7639,24.75,231.77,148.28,96.8,60.72,142.56,119.79,36.08,0.0,0.0,0.0,0.0,0.0,0.0,0.0,16.72
86.7739,22.77,231.77,148.28,103.07,62.92,147.29,126.61,38.28,0.0,0.0,0.0,0.0,0.0,0.0,0.0,5.5
86.7839,22.77,231.77,146.08,107.36,65.01,154.55,131.23,40.59,0.0,0.0,0.0,0.0,0.0,0.0,0.0,0.0
86.7939,22.77,229.68,146.08,111.65,67.21,159.28,135.74,42.79,0.0,0.0,0.0,0.0,0.0,0.0,0.0,0.0
86.8039,22.77,225.5,143.88,115.72,69.3,164.12,140.25,45.1,0.0,0.0,0.0,0.0,0.0,0.0,0.0,0.0
86.8139,20.68,221.32,139.48,119.9,71.5,168.96,144.76,47.3,0.0,0.0,0.0,0.0,0.0,0.0,0.0,0.0
86.8239,20.68,215.05,132.88,123.97,73.59,171.16,149.38,47.3,0.0,0.0,0.0,0.0,0.0,0.0,0.0,0.0
86.8339,20.68,206.8,128.48,126.06,75.79,175.78,153.89,49.61,0.0,0.0,0.0,0.0,0.0,0.0,0.0,0.0
86.8439,18.59,200.64,121.88,130.24,77.88,178.09,156.09,51.81,0.0,0.0,0.0,0.0,0.0,0.0,0.0,0.0
86.8539,18.59,194.37,115.28,134.31,77.88,182.71,158.4,51.81,0.0,0.0,0.0,0.0,0.0,0.0,0.0,0.0
86.8639,18.59,186.12,108.57,136.4,80.08,184.91,160.71,54.12,0.0,0.0,0.0,0.0,0.0,0.0,0.0,0.0
86.8739,18.59,179.85,101.86,140.58,82.17,187.22,162.91,54.12,0.0,0.0,0.0,0.0,0.0,0.0,0.0,0.0
86.8839,18.59,171.6,97.46,142.67,82.17,189.53,165.22,56.32,0.0,0.0,0.0,0.0,0.0,0.0,0.0,0.0
86.8939,16.5,163.02,90.75,146.74,84.37,191.84,167.53,58.63,0.0,0.0,0.0,0.0,0.0,0.0,0.0,0.0
86.9039,16.5,154.22,84.04,150.92,86.57,194.15,172.15,58.63,0.0,0.0,0.0,0.0,0.0,0.0,0.0,0.0
86.9139,16.5,145.42,75.13,153.01,86.57,196.46,174.46,60.72,0.0,0.0,0.0,0.0,0.0,0.0,0.0,0.0
86.9239,16.5,138.82,66.22,157.08,88.66,198.66,176.77,60.72,0.0,0.0,0.0,0.0,0.0,0.0,0.0,0.0
86.9339,16.5,130.02,59.51,159.17,90.86,203.28,181.5,62.92,0.0,0.0,0.0,0.0,0.0,0.0,0.0,0.0
86.9439,16.5,121.22,51.15,163.35,90.86,205.59,183.81,65.12,0.0,0.0,0.0,0.0,0.0,0.0,0.0,0.0
86.9539,14.41,114.62,45.21,167.53,92.95,210.21,188.43,65.12,0.0,0.0,0.0,0.0,0.0,0.0,0.0,0.0
86.9639,14.41,106.15,37.29,171.71,92.95,212.41,190.74,67.32,0.0,0.0,0.0,0.0,0.0,0.0,0.0,0.0
86.9739,14.41,98.23,31.46,176.0,95.15,217.03,195.47,69.41,0.0,0.0,0.0,0.0,0.0,0.0,0.0,0.0
86.9839,14.41,90.31,25.52,180.18,95.15,221.65,200.09,71.61,0.0,0.0,0.0,0.0,0.0,0.0,0.0,0.0
86.9939,14.41,82.28,21.56,184.47,97.24,226.27,204.71,73.81,0.0,0.0,0.0,0.0,0.0,0.0,0.0,0.0
87.0039,12.32,74.36,17.71,188.65,97.24,230.78,207.02,76.01,0.0,0.0,0.0,0.0,0.0,0.0,0.0,0.0
87.0139,12.32,64.46,13.75,192.94,97.24,237.71,209.44,78.21,0.0,0.0,0.0,0.0,0.0,0.0,0.0,0.0
87.0239,12.32,52.69,11.77,197.23,97.24,242.33,214.06,80.3,0.0,0.0,0.0,0.0,0.0,0.0,0.0,0.0
87.0339,10.34,41.36,9.79,201.41,97.24,246.95,216.37,82.5,0.0,0.0,0.0,0.0,0.0,0.0,0.0,0.0
87.0439,10.34,32.01,7.81,205.7,97.24,251.57,220.99,84.7,0.0,0.0,0.0,0.0,0.0,0.0,0.0,0.0
87.0539,8.25,24.42,5.83,207.79,97.24,258.5,223.41,86.9,0.0,0.0,0.0,0.0,0.0,0.0,0.0,0.0
87.0639,8.25,15.07,5.83,207.79,97.24,263.12,227.92,89.1,0.0,0.0,0.0,0.0,0.0,0.0,0.0,0.0
87.0739,6.16,11.22,3.85,203.61,95.15,267.74,230.23,93.39,29.7,0.0,0.0,0.0,0.0,0.0,0.0,0.0
87.0839,4.07,9.35,3.85,199.32,90.86,272.36,232.54,97.79,18.26,0.0,0.0,0.0,0.0,0.0,0.0,0.0
87.0939,4.07,7.48,0.0,195.03,86.57,276.98,234.85,102.08,20.57,0.0,0.0,0.0,0.0,0.0,0.0,0.0
87.1039,0.0,5.61,0.0,186.56,82.17,281.49,234.85,106.48,25.08,0.0,0.0,0.0,0.0,0.0,0.0,0.0
87.1139,0.0,3.74,0.0,180.18,75.79,285.89,234.85,110.88,32.01,0.0,0.0,0.0,0.0,0.0,0.0,0.0
87.1239,0.0,3.74,0.0,171.71,69.3,288.09,234.85,115.28,43.45,0.0,0.0,0.0,0.0,0.0,0.0,0.0
87.1339,0.0,0.0,0.0,163.35,62.92,292.49,234.85,119.9,83.38,0.0,0.0,0.0,0.0,0.0,0.0,0.0
87.1439,0.0,0.0,0.0,153.01,56.43,294.69,234.85,124.52,123.53,0.0,0.0,0.0,0.0,0.0,0.0,0.0
87.1539,0.0,0.0,0.0,140.58,47.74,296.89,232.54,129.03,164.45,12.54,11.33,0.0,0.0,0.0,0.0,0.0
87.1639,0.0,0.0,0.0,126.06,41.25,296.89,232.54,133.65,97.79,58.63,68.09,0.0,0.0,0.0,0.0,0.0
87.1739,0.0,0.0,0.0,107.36,32.56,294.69,232.54,140.58,50.27,109.56,96.36,15.07,14.74,15.07,26.18,5.5
87.1839,0.0,0.0,0.0,86.13,21.67,288.09,230.23,145.09,45.76,137.72,107.25,20.13,19.03,30.14,38.28,11.11
87.1939,0.0,0.0,0.0,58.63,12.98,279.29,223.41,152.02,36.52,133.32,116.05,22.66,23.21,40.26,52.47,13.86
87.2039,0.0,0.0,0.0,31.35,8.58,260.81,207.02,158.84,27.39,139.92,113.85,25.19,25.41,57.97,63.69,16.72
87.2139,0.0,0.0,0.0,12.54,8.58,223.96,172.15,170.39,20.57,144.21,111.65,30.14,27.5,72.27,78.1,22.33
87.2239,0.0,0.0,0.0,10.45,8.58,164.12,128.92,182.16,18.26,146.41,113.85,35.2,29.59,84.26,89.98,27.83
87.2339,0.0,0.0,0.0,8.36,8.58,97.35,79.86,196.46,15.95,152.9,118.36,37.73,31.79,93.83,101.97,30.69
87.2439,0.0,0.0,0.0,6.27,8.58,52.91,36.08,201.19,15.95,161.59,120.67,42.79,33.88,103.4,113.96,36.19
87.2539,0.0,0.0,0.0,6.27,6.49,21.12,18.04,154.33,13.64,170.28,125.29,45.32,35.97,110.66,123.2,41.8
87.2639,0.0,0.0,0.0,4.18,6.49,14.74,15.73,86.9,13.64,178.64,125.29,47.85,38.06,123.09,130.24,44.66
87.2739,0.0,0.0,0.0,4.18,4.29,10.56,11.22,51.81,13.64,187.0,127.6,52.91,40.26,130.68,139.59,50.16
87.2839,0.0,0.0,0.0,4.18,4.29,6.27,6.71,36.08,11.44,191.18,127.6,57.97,42.35,140.8,146.52,53.02
87.2939,0.0,0.0,0.0,0.0,0.0,4.18,4.51,31.57,11.44,197.45,127.6,60.39,44.44,148.28,155.87,61.49
87.3039,0.0,0.0,0.0,0.0,0.0,0.0,0.0,18.04,11.44,199.54,127.6,62.92,44.44,155.87,162.8,67.32
87.3139,0.0,0.0,0.0,0.0,0.0,0.0,0.0,0.0,11.44,199.54,125.29,67.98,48.73,163.46,169.95,76.01
87.3239,0.0,0.0,0.0,0.0,0.0,0.0,0.0,0.0,11.44,201.63,122.98,70.4,48.73,168.52,177.21,84.81
87.3339,0.0,0.0,0.0,0.0,0.0,0.0,0.0,0.0,11.44,199.54,120.67,75.46,50.82,175.67,182.16,90.53
87.3439,0.0,0.0,0.0,0.0,0.0,0.0,0.0,0.0,11.44,197.45,116.05,77.99,52.91,180.4,189.42,99.33
87.3539,0.0,0.0,0.0,0.0,0.0,0.0,0.0,0.0,11.44,193.27,111.65,80.41,55.11,185.13,194.37,105.16
87.3639,0.0,0.0,0.0,0.0,0.0,0.0,0.0,0.0,9.13,189.09,105.05,82.94,57.53,189.86,199.21,113.52
87.3739,0.0,0.0,0.0,0.0,0.0,0.0,0.0,0.0,9.13,182.82,98.56,85.47,57.53,194.59,204.05,118.58
87.3839,0.0,0.0,0.0,0.0,0.0,0.0,0.0,0.0,9.13,176.55,92.07,88.0,60.06,199.32,209.0,123.64
87.3939,0.0,0.0,0.0,0.0,0.0,0.0,0.0,0.0,9.13,172.37,85.47,90.53,62.59,201.63,211.42,126.17
87.4039,0.0,0.0,0.0,0.0,0.0,0.0,0.0,0.0,9.13,165.99,78.98,92.95,62.59,203.94,216.26,131.23
87.4139,0.0,0.0,0.0,0.0,0.0,0.0,0.0,0.0,9.13,159.39,70.29,95.48,65.12,208.67,218.68,133.76
87.4239,0.0,0.0,0.0,0.0,0.0,0.0,0.0,0.0,9.13,150.7,63.8,98.01,65.12,211.09,221.21,136.29
87.4339,0.0,0.0,0.0,0.0,0.0,0.0,0.0,0.0,9.13,144.21,57.2,98.01,67.65,213.4,225.94,138.82
87.4439,0.0,0.0,0.0,0.0,0.0,0.0,0.0,0.0,9.13,137.72,53.13,100.54,67.65,213.4,228.36,141.35
87.4539,0.0,0.0,0.0,0.0,0.0,0.0,0.0,0.0,9.13,129.03,47.41,100.54,70.18,215.82,233.2,143.88
87.4639,0.0,0.0,0.0,0.0,0.0,0.0,0.0,0.0,9.13,120.34,43.67,102.96,72.71,218.13,235.51,146.41
87.4739,0.0,0.0,0.0,0.0,0.0,0.0,0.0,0.0,9.13,113.85,41.8,102.96,72.71,218.13,237.93,148.94
87.4839,0.0,0.0,0.0,0.0,0.0,0.0,0.0,0.0,9.13,107.47,37.95,102.96,72.71,220.55,242.77,151.47
87.4939,0.0,0.0,0.0,0.0,0.0,0.0,0.0,0.0,6.82,101.09,34.1,105.49,75.24,222.97,245.19,154.0
87.5039,0.0,0.0,0.0,0.0,0.0,0.0,0.0,0.0,6.82,94.71,32.23,105.49,75.24,222.97,249.92,156.53
87.5139,0.0,0.0,0.0,0.0,0.0,0.0,0.0,0.0,9.13,88.33,28.49,105.49,77.77,225.39,252.34,159.06
87.5239,0.0,0.0,0.0,0.0,0.0,0.0,0.0,0.0,6.82,79.86,26.51,108.02,77.77,227.81,257.18,164.12
87.5339,0.0,0.0,0.0,0.0,0.0,0.0,0.0,0.0,9.13,73.48,22.77,108.02,77.77,230.34,259.6,166.76
87.5439,0.0,0.0,0.0,0.0,0.0,0.0,0.0,0.0,6.82,67.1,20.9,110.55,77.77,232.76,262.02,169.18
87.5539,0.0,0.0,0.0,0.0,0.0,0.0,0.0,0.0,6.82,60.72,18.92,113.08,77.77,237.6,266.75,171.71
87.5639,0.0,0.0,0.0,0.0,0.0,0.0,0.0,0.0,6.82,52.25,15.18,113.08,77.77,240.13,269.17,176.77
87.5739,0.0,0.0,0.0,0.0,0.0,0.0,0.0,0.0,6.82,43.89,15.18,115.5,77.77,242.55,274.01,179.19
87.5839,0.0,0.0,0.0,0.0,0.0,0.0,0.0,0.0,6.82,33.44,13.2,115.5,80.3,244.97,276.43,184.25
87.5939,0.0,0.0,0.0,0.0,0.0,0.0,0.0,0.0,4.51,22.99,11.33,115.5,80.3,247.39,280.94,189.31
87.6039,0.0,0.0,0.0,0.0,0.0,0.0,0.0,0.0,4.51,14.63,9.46,113.08,77.77,249.92,285.56,194.26
87.6139,0.0,0.0,0.0,0.0,0.0,0.0,0.0,0.0,4.51,10.45,7.59,110.55,77.77,252.34,290.18,199.32
87.6239,14.41,0.0,0.0,0.0,0.0,0.0,0.0,0.0,0.0,8.36,5.61,105.49,75.24,254.76,294.8,209.33
87.6339,20.68,0.0,0.0,0.0,0.0,0.0,0.0,0.0,0.0,6.27,3.74,100.54,72.71,257.18,301.62,216.81
87.6439,24.75,0.0,0.0,0.0,0.0,0.0,0.0,0.0,0.0,4.18,3.74,92.95,67.65,257.18,306.24,226.93
87.6539,31.02,0.0,0.0,0.0,0.0,0.0,0.0,0.0,0.0,0.0,0.0,85.47,62.59,259.71,308.55,233.86
87.6639,33.11,0.0,0.0,0.0,0.0,0.0,0.0,0.0,0.0,0.0,0.0,80.41,57.53,262.13,313.17,240.9
87.6739,60.06,0.0,0.0,0.0,0.0,0.0,0.0,0.0,0.0,0.0,0.0,72.93,48.73,264.55,315.37,250.36
87.6839,90.53,0.0,0.0,0.0,0.0,0.0,0.0,0.0,0.0,0.0,0.0,65.45,42.35,264.55,315.37,254.98
87.6939,124.3,0.0,0.0,0.0,0.0,0.0,0.0,0.0,0.0,0.0,0.0,55.44,33.88,264.55,315.37,262.02
87.7039,176.22,0.0,0.0,0.0,0.0,0.0,0.0,0.0,0.0,0.0,0.0,40.26,25.41,259.71,315.37,266.75
87.7139,188.32,64.46,0.0,0.0,0.0,0.0,0.0,0.0,0.0,0.0,0.0,27.72,19.03,254.76,310.86,271.48
87.7239,128.26,171.6,7.81,16.72,0.0,0.0,0.0,0.0,0.0,0.0,0.0,12.54,12.65,242.55,303.93,273.79
87.7339,92.73,206.8,61.71,45.98,8.58,27.5,6.71,4.51,0.0,0.0,0.0,0.0,6.27,225.39,292.49,276.1
87.7439,94.93,223.41,92.95,50.16,17.27,44.44,13.53,9.02,0.0,0.0,0.0,0.0,6.27,194.59,266.75,276.1
87.7539,81.84,225.5,108.57,54.34,23.87,62.15,24.75,11.22,0.0,0.0,0.0,0.0,6.27,153.34,223.52,276.1
87.7639,73.15,229.68,115.28,58.63,28.16,73.81,33.77,15.73,0.0,0.0,0.0,0.0,6.27,108.24,165.11,273.79
87.7739,62.26,233.86,119.68,62.81,30.36,85.58,45.1,18.04,0.0,0.0,0.0,0.0,6.27,72.27,101.97,269.06
87.7839,57.97,246.4,121.88,67.1,32.56,95.04,51.81,20.24,0.0,0.0,0.0,0.0,6.27,35.2,42.35,247.94
87.7939,53.79,263.12,124.08,73.48,32.56,102.08,56.32,22.55,0.0,0.0,0.0,0.0,6.27,15.07,20.13,161.59
87.8039,53.79,277.75,124.08,77.66,34.65,109.12,60.94,24.75,0.0,0.0,0.0,0.0,4.18,12.54,16.06,105.16
87.8139,51.7,292.27,121.88,84.04,34.65,118.58,65.67,24.75,0.0,0.0,0.0,0.0,4.18,7.48,12.1,87.67
87.8239,49.61,302.61,119.68,88.33,36.85,125.73,68.09,27.06,0.0,0.0,0.0,0.0,0.0,7.48,10.01,81.84
87.8339,47.52,312.95,115.28,94.6,36.85,130.57,72.82,29.26,0.0,0.0,0.0,0.0,0.0,0.0,6.05,61.49
87.8439,45.54,321.2,110.77,100.98,39.05,137.72,75.13,29.26,0.0,0.0,0.0,0.0,0.0,0.0,0.0,30.69
87.8539,43.45,327.36,106.37,105.27,39.05,142.56,77.55,31.57,0.0,0.0,0.0,0.0,0.0,0.0,0.0,5.5
87.8638,41.36,329.45,101.86,109.45,39.05,144.98,79.86,31.57,0.0,0.0,0.0,0.0,0.0,0.0,0.0,0.0
87.8738,39.27,329.45,99.66,113.63,41.25,149.71,82.28,33.77,0.0,0.0,0.0,0.0,0.0,0.0,0.0,0.0
87.8838,39.27,327.36,99.66,117.81,41.25,152.13,84.59,33.77,0.0,0.0,0.0,0.0,0.0,0.0,0.0,0.0
87.8938,37.18,321.2,97.46,119.9,43.34,156.97,87.01,36.08,0.0,0.0,0.0,0.0,0.0,0.0,0.0,0.0
87.9038,35.09,317.02,95.15,123.97,43.34,159.28,89.32,36.08,0.0,0.0,0.0,0.0,0.0,0.0,0.0,0.0
87.9138,33.11,310.86,92.95,126.06,45.54,161.7,91.74,36.08,0.0,0.0,0.0,0.0,0.0,0.0,0.0,0.0
87.9238,33.11,304.7,86.24,130.24,45.54,164.12,94.05,38.28,0.0,0.0,0.0,0.0,0.0,0.0,0.0,0.0
87.9338,31.02,296.45,79.53,132.33,47.74,166.54,94.05,38.28,0.0,0.0,0.0,0.0,0.0,0.0,0.0,0.0
87.9438,28.93,290.18,70.62,136.4,47.74,168.96,96.47,38.28,0.0,0.0,0.0,0.0,0.0,0.0,0.0,0.0
87.9538,26.84,284.02,61.71,140.58,47.74,171.16,96.47,38.28,0.0,0.0,0.0,0.0,0.0,0.0,0.0,0.0
87.9638,26.84,275.66,53.13,144.76,49.94,173.47,98.78,40.59,0.0,0.0,0.0,0.0,0.0,0.0,0.0,0.0
87.9738,24.75,267.3,47.19,148.83,49.94,175.78,101.2,40.59,0.0,0.0,0.0,0.0,0.0,0.0,0.0,0.0
87.9838,24.75,258.94,41.25,153.01,52.03,180.4,101.2,40.59,0.0,0.0,0.0,0.0,0.0,0.0,0.0,0.0
87.9938,22.77,250.58,35.42,157.08,52.03,182.71,103.51,42.79,0.0,0.0,0.0,0.0,0.0,0.0,0.0,0.0
88.0038,22.77,242.22,31.46,161.26,54.23,184.91,105.93,42.79,0.0,0.0,0.0,0.0,0.0,0.0,0.0,0.0
88.0138,20.68,233.86,27.5,167.53,54.23,189.53,108.24,45.1,0.0,0.0,0.0,0.0,0.0,0.0,0.0,0.0
88.0238,20.68,225.5,23.54,171.71,56.43,191.84,113.08,45.1,0.0,0.0,0.0,0.0,0.0,0.0,0.0,0.0
88.0338,18.59,215.05,19.58,178.09,58.63,196.46,115.28,47.3,0.0,0.0,0.0,0.0,0.0,0.0,0.0,0.0
88.0438,18.59,204.71,17.71,184.47,58.63,200.97,119.79,49.61,0.0,0.0,0.0,0.0,0.0,0.0,0.0,0.0
88.0538,18.59,194.37,15.73,188.65,60.72,205.59,122.1,51.81,0.0,0.0,0.0,0.0,0.0,0.0,0.0,0.0
88.0638,16.5,186.12,13.75,195.03,60.72,212.41,124.41,51.81,0.0,0.0,0.0,0.0,0.0,0.0,0.0,0.0
88.0738,16.5,175.78,11.77,203.61,60.72,217.03,128.92,54.12,0.0,0.0,0.0,0.0,0.0,0.0,0.0,0.0
88.0838,16.5,167.53,9.79,209.88,62.92,223.96,131.23,56.32,0.0,0.0,0.0,0.0,0.0,0.0,0.0,0.0
88.0938,14.41,156.42,9.79,218.46,62.92,228.47,133.43,56.32,0.0,0.0,0.0,0.0,0.0,0.0,0.0,0.0
88.1038,14.41,145.42,7.81,224.84,62.92,235.4,137.94,58.63,0.0,0.0,0.0,0.0,0.0,0.0,0.0,0.0
88.1138,14.41,132.22,7.81,232.43,62.92,240.02,140.25,60.72,0.0,0.0,0.0,0.0,0.0,0.0,0.0,0.0
88.1238,14.41,121.22,7.81,238.15,62.92,246.95,142.56,62.92,0.0,0.0,0.0,0.0,0.0,0.0,0.0,0.0
88.1338,12.32,108.13,5.83,242.0,62.92,251.57,147.07,65.12,0.0,0.0,0.0,0.0,0.0,0.0,0.0,0.0
88.1438,12.32,94.27,5.83,247.72,62.92,256.19,149.38,67.32,0.0,0.0,0.0,0.0,0.0,0.0,0.0,0.0
88.1538,12.32,82.28,5.83,253.44,62.92,263.12,151.58,67.32,0.0,0.0,0.0,0.0,0.0,0.0,0.0,0.0
88.1638,10.34,68.42,5.83,257.29,62.92,267.74,151.58,69.41,0.0,0.0,0.0,0.0,0.0,0.0,0.0,0.0
88.1738,10.34,56.54,5.83,261.14,60.72,272.36,153.89,71.61,18.26,0.0,0.0,0.0,0.0,0.0,0.0,0.0
88.1838,10.34,41.36,3.85,264.88,60.72,276.98,156.09,71.61,27.39,0.0,0.0,0.0,0.0,0.0,0.0,0.0
88.1938,8.25,30.14,3.85,264.88,60.72,281.49,158.4,73.81,29.7,0.0,0.0,0.0,0.0,0.0,0.0,0.0
88.2038,6.16,18.81,3.85,263.01,60.72,283.69,160.71,76.01,34.32,0.0,0.0,0.0,0.0,0.0,0.0,0.0
88.2138,4.07,13.09,0.0,257.29,58.63,290.29,165.22,80.3,50.27,0.0,0.0,0.0,0.0,0.0,0.0,0.0
88.2238,4.07,9.35,0.0,247.72,54.23,294.69,167.53,84.7,102.52,0.0,17.05,0.0,0.0,0.0,0.0,0.0
88.2338,0.0,7.48,0.0,236.28,49.94,299.09,169.84,89.1,116.71,16.72,53.13,0.0,0.0,0.0,0.0,0.0
88.2438,0.0,5.61,0.0,220.55,43.34,301.29,172.15,93.39,73.81,62.81,78.98,0.0,10.56,0.0,12.1,0.0
88.2538,0.0,3.74,0.0,203.61,36.85,303.49,172.15,99.99,52.58,92.51,94.27,10.01,12.65,10.01,24.2,5.5
88.2638,0.0,3.74,0.0,184.47,32.56,303.49,174.46,106.48,47.96,109.56,100.76,12.54,16.94,17.6,36.3,8.36
88.2738,0.0,0.0,0.0,161.26,23.87,303.49,174.46,115.28,41.14,109.56,107.25,15.07,21.12,25.19,48.4,11.11
88.2838,0.0,0.0,0.0,132.33,17.27,299.09,174.46,124.52,32.01,118.14,107.25,17.6,23.21,37.73,58.85,13.86
88.2938,0.0,0.0,0.0,103.07,10.78,292.49,169.84,131.34,25.08,124.63,107.25,20.13,25.41,50.38,70.84,16.72
88.3038,0.0,0.0,0.0,71.28,6.49,279.29,158.4,140.58,22.88,129.03,109.45,22.66,29.59,57.97,82.83,19.47
88.3138,0.0,0.0,0.0,37.62,6.49,260.81,133.43,152.02,20.57,131.23,113.85,25.19,31.79,67.54,94.82,22.33
88.3238,0.0,0.0,0.0,16.72,6.49,217.03,98.78,163.46,18.26,131.23,118.36,27.72,35.97,74.69,109.23,27.83
88.3338,0.0,0.0,0.0,12.54,6.49,132.99,63.36,177.43,18.26,129.03,125.29,27.72,38.06,81.84,123.2,30.69
88.3438,0.0,0.0,0.0,10.45,6.49,80.85,27.06,182.16,18.26,131.23,129.91,30.14,40.26,89.1,134.86,36.19
88.3538,0.0,0.0,0.0,8.36,6.49,42.35,18.04,154.33,15.95,135.52,139.15,32.67,42.35,93.83,148.83,41.8
88.3638,0.0,0.0,0.0,8.36,4.29,16.94,13.53,104.28,15.95,137.72,143.66,32.67,44.44,98.67,160.49,44.66
88.3738,0.0,0.0,0.0,6.27,4.29,10.56,9.02,67.32,15.95,142.01,148.28,35.2,46.53,105.82,169.95,50.16
88.3838,0.0,0.0,0.0,6.27,0.0,8.47,6.71,49.61,15.95,146.41,150.59,37.73,48.73,110.66,179.63,58.63
88.3938,0.0,0.0,0.0,4.18,0.0,6.27,4.51,38.28,15.95,150.7,152.9,40.26,50.82,118.03,187.0,67.32
88.4038,0.0,0.0,0.0,4.18,0.0,4.18,0.0,29.26,15.95,152.9,152.9,40.26,52.91,123.09,196.79,76.01
88.4138,0.0,0.0,0.0,0.0,0.0,0.0,0.0,11.22,15.95,155.1,152.9,45.32,55.11,128.15,204.05,84.81
88.4238,0.0,0.0,0.0,0.0,0.0,0.0,0.0,0.0,15.95,157.3,152.9,45.32,57.53,133.21,206.47,93.5
88.4338,0.0,0.0,0.0,0.0,0.0,0.0,0.0,0.0,15.95,157.3,152.9,47.85,60.06,138.27,218.68,102.19
88.4438,0.0,0.0,0.0,0.0,0.0,0.0,0.0,0.0,13.64,155.1,150.59,50.38,60.06,143.22,225.94,108.02
88.4538,0.0,0.0,0.0,0.0,0.0,0.0,0.0,0.0,13.64,152.9,150.59,52.91,62.59,145.75,230.78,116.05
88.4638,0.0,0.0,0.0,0.0,0.0,0.0,0.0,0.0,13.64,148.61,145.97,52.91,65.12,150.81,237.93,121.11
88.4738,0.0,0.0,0.0,0.0,0.0,0.0,0.0,0.0,13.64,142.01,143.66,55.44,67.65,153.34,242.77,126.17
88.4838,0.0,0.0,0.0,0.0,0.0,0.0,0.0,0.0,13.64,137.72,136.84,55.44,67.65,155.87,247.61,131.23
88.4938,0.0,0.0,0.0,0.0,0.0,0.0,0.0,0.0,13.64,135.52,132.22,57.97,70.18,160.93,252.34,136.29
88.5038,0.0,0.0,0.0,0.0,0.0,0.0,0.0,0.0,13.64,131.23,127.6,60.39,72.71,163.46,257.18,141.35
88.5138,0.0,0.0,0.0,0.0,0.0,0.0,0.0,0.0,13.64,126.83,122.98,60.39,72.71,165.99,259.6,143.88
88.5238,0.0,0.0,0.0,0.0,0.0,0.0,0.0,0.0,11.44,122.54,116.05,62.92,75.24,168.52,264.33,146.41
88.5338,0.0,0.0,0.0,0.0,0.0,0.0,0.0,0.0,13.64,115.94,111.65,62.92,75.24,171.05,266.75,148.94
88.5438,0.0,0.0,0.0,0.0,0.0,0.0,0.0,0.0,11.44,111.65,105.05,65.45,77.77,173.36,269.17,154.0
88.5538,0.0,0.0,0.0,0.0,0.0,0.0,0.0,0.0,11.44,105.27,98.56,67.98,77.77,175.67,274.01,154.0
88.5638,0.0,0.0,0.0,0.0,0.0,0.0,0.0,0.0,11.44,98.89,89.87,67.98,80.3,178.09,276.43,159.06
88.5738,0.0,0.0,0.0,0.0,0.0,0.0,0.0,0.0,11.44,92.51,83.38,70.4,80.3,180.4,280.94,161.59
88.5838,0.0,0.0,0.0,0.0,0.0,0.0,0.0,0.0,11.44,86.13,74.69,70.4,82.83,182.82,283.25,164.12
88.5938,0.0,0.0,0.0,0.0,0.0,0.0,0.0,0.0,11.44,79.86,68.09,72.93,82.83,185.13,287.87,166.76
88.6038,0.0,0.0,0.0,0.0,0.0,0.0,0.0,0.0,11.44,73.48,59.4,75.46,85.25,187.44,292.49,169.18
88.6138,0.0,0.0,0.0,0.0,0.0,0.0,0.0,0.0,11.44,67.1,53.13,77.99,85.25,192.17,294.8,174.24
88.6238,0.0,0.0,0.0,0.0,0.0,0.0,0.0,0.0,9.13,58.63,47.41,77.99,85.25,194.59,299.31,176.77
88.6338,0.0,0.0,0.0,0.0,0.0,0.0,0.0,0.0,9.13,52.25,39.82,80.41,87.78,199.32,303.93,181.72
88.6438,0.0,0.0,0.0,0.0,0.0,0.0,0.0,0.0,9.13,43.89,34.1,82.94,87.78,203.94,308.55,184.25
88.6538,0.0,0.0,0.0,0.0,0.0,0.0,0.0,0.0,9.13,35.53,28.49,85.47,87.78,208.67,313.17,189.31
88.6638,0.0,0.0,0.0,0.0,0.0,0.0,0.0,0.0,9.13,27.17,24.64,85.47,87.78,213.4,319.99,194.26
88.6738,0.0,0.0,0.0,0.0,0.0,0.0,0.0,0.0,6.82,16.72,18.92,88.0,87.78,218.13,324.61,199.32
88.6838,0.0,0.0,0.0,0.0,0.0,0.0,0.0,0.0,4.51,12.54,15.18,88.0,87.78,220.55,329.23,204.27
88.6938,0.0,0.0,0.0,0.0,0.0,0.0,0.0,0.0,4.51,8.36,11.33,88.0,87.78,225.39,333.74,211.86
88.7038,4.07,0.0,0.0,0.0,0.0,0.0,0.0,0.0,0.0,6.27,9.46,85.47,85.25,227.81,338.25,216.81
88.7138,12.32,0.0,0.0,0.0,0.0,0.0,0.0,0.0,0.0,4.18,7.59,80.41,82.83,230.34,342.76,224.4
88.7238,18.59,0.0,0.0,0.0,0.0,0.0,0.0,0.0,0.0,0.0,5.61,77.99,77.77,232.76,345.07,231.55
88.7338,22.77,0.0,0.0,0.0,0.0,0.0,0.0,0.0,0.0,0.0,3.74,72.93,72.71,235.18,347.27,236.28
88.7438,24.75,0.0,0.0,0.0,0.0,0.0,0.0,0.0,0.0,0.0,3.74,70.4,67.65,237.6,349.58,243.32
88.7538,31.02,0.0,0.0,0.0,0.0,0.0,0.0,0.0,0.0,0.0,0.0,62.92,60.06,237.6,349.58,247.94
88.7638,33.11,0.0,0.0,0.0,0.0,0.0,0.0,0.0,0.0,0.0,0.0,57.97,52.91,242.55,349.58,254.98
88.7738,62.26,0.0,0.0,0.0,0.0,0.0,0.0,0.0,0.0,0.0,0.0,52.91,46.53,242.55,351.89,262.02
88.7838,84.04,0.0,0.0,0.0,0.0,0.0,0.0,0.0,0.0,0.0,0.0,42.79,38.06,242.55,351.89,266.75
88.7938,112.42,0.0,0.0,0.0,0.0,0.0,0.0,0.0,0.0,0.0,0.0,32.67,31.79,242.55,349.58,271.48
88.8038,160.05,0.0,0.0,0.0,0.0,0.0,0.0,0.0,0.0,0.0,0.0,22.66,25.41,237.6,347.27,278.52
88.8138,208.56,24.42,0.0,0.0,0.0,0.0,0.0,0.0,0.0,0.0,0.0,10.01,16.94,230.34,345.07,283.47
88.8238,186.34,112.42,5.83,0.0,0.0,0.0,0.0,0.0,0.0,0.0,0.0,0.0,10.56,218.13,340.56,288.53
88.8338,122.32,175.78,70.62,20.9,0.0,0.0,0.0,0.0,0.0,0.0,0.0,0.0,6.27,199.32,329.23,293.59
88.8438,90.53,215.05,101.86,37.62,8.58,10.56,4.51,0.0,0.0,0.0,0.0,0.0,4.18,173.36,310.86,296.12
88.8538,79.64,225.5,117.48,45.98,19.47,27.5,9.02,4.51,0.0,0.0,0.0,0.0,4.18,140.8,280.94,298.65
88.8638,64.46,221.32,126.28,52.25,25.96,44.44,20.24,9.02,0.0,0.0,0.0,0.0,6.27,105.82,235.51,298.65
88.8738,53.79,223.41,128.48,56.54,30.36,55.11,29.26,11.22,0.0,0.0,0.0,0.0,6.27,79.53,179.63,298.65
88.8838,47.52,227.59,130.68,60.72,34.65,69.19,38.28,13.53,0.0,0.0,0.0,0.0,6.27,52.91,123.2,298.65
88.8938,43.45,233.86,132.88,65.01,36.85,78.54,47.3,15.73,0.0,0.0,0.0,0.0,6.27,22.66,61.27,286.0
88.9038,39.27,242.22,132.88,69.19,41.25,85.58,56.32,18.04,0.0,0.0,0.0,0.0,6.27,15.07,24.2,219.34
88.9138,37.18,248.49,135.08,73.48,43.34,95.04,63.36,20.24,0.0,0.0,0.0,0.0,6.27,10.01,18.15,143.88
88.9238,35.09,254.76,135.08,77.66,45.54,102.08,70.4,20.24,0.0,0.0,0.0,0.0,4.18,7.48,16.06,118.58
88.9338,33.11,263.12,130.68,84.04,47.74,111.43,75.13,22.55,0.0,0.0,0.0,0.0,0.0,7.48,12.1,105.16
88.9438,33.11,271.48,130.68,88.33,49.94,118.58,82.28,24.75,0.0,0.0,0.0,0.0,0.0,4.95,8.03,81.84
88.9538,31.02,277.75,130.68,92.51,52.03,125.73,87.01,27.06,0.0,0.0,0.0,0.0,0.0,0.0,6.05,44.66
88.9638,31.02,279.95,130.68,96.8,54.23,130.57,91.74,29.26,0.0,0.0,0.0,0.0,0.0,0.0,0.0,11.11
88.9738,31.02,279.95,132.88,100.98,56.43,137.72,98.78,29.26,0.0,0.0,0.0,0.0,0.0,0.0,0.0,0.0
88.9838,28.93,277.75,132.88,103.07,58.63,142.56,103.51,31.57,0.0,0.0,0.0,0.0,0.0,0.0,0.0,0.0
88.9938,28.93,275.66,132.88,107.36,60.72,147.29,108.24,33.77,0.0,0.0,0.0,0.0,0.0,0.0,0.0,0.0
89.0038,26.84,271.48,130.68,111.65,62.92,152.13,113.08,33.77,0.0,0.0,0.0,0.0,0.0,0.0,0.0,0.0
89.0138,26.84,267.3,126.28,115.72,62.92,156.97,117.59,36.08,0.0,0.0,0.0,0.0,0.0,0.0,0.0,0.0
89.0238,26.84,261.03,121.88,119.9,65.01,161.7,119.79,36.08,0.0,0.0,0.0,0.0,0.0,0.0,0.0,0.0
89.0338,24.75,252.67,115.28,123.97,67.21,166.54,124.41,38.28,0.0,0.0,0.0,0.0,0.0,0.0,0.0,0.0
89.0438,24.75,246.4,108.57,130.24,69.3,168.96,128.92,38.28,0.0,0.0,0.0,0.0,0.0,0.0,0.0,0.0
89.0538,22.77,238.04,101.86,134.31,71.5,173.47,133.43,40.59,0.0,0.0,0.0,0.0,0.0,0.0,0.0,0.0
89.0638,22.77,227.59,92.95,140.58,73.59,178.09,135.74,42.79,0.0,0.0,0.0,0.0,0.0,0.0,0.0,0.0
89.0738,22.77,217.14,86.24,144.76,73.59,182.71,140.25,42.79,0.0,0.0,0.0,0.0,0.0,0.0,0.0,0.0
89.0838,20.68,208.89,77.33,148.83,75.79,187.22,144.76,45.1,0.0,0.0,0.0,0.0,0.0,0.0,0.0,0.0
89.0938,20.68,198.55,68.42,155.1,77.88,191.84,149.38,47.3,0.0,0.0,0.0,0.0,0.0,0.0,0.0,0.0
89.1038,20.68,188.21,59.51,159.17,80.08,196.46,153.89,49.61,0.0,0.0,0.0,0.0,0.0,0.0,0.0,0.0
89.1138,18.59,177.87,51.15,163.35,82.17,200.97,158.4,51.81,0.0,0.0,0.0,0.0,0.0,0.0,0.0,0.0
89.1238,18.59,167.53,43.23,169.62,84.37,205.59,162.91,54.12,0.0,0.0,0.0,0.0,0.0,0.0,0.0,0.0
89.1338,18.59,156.42,35.42,173.8,86.57,210.21,167.53,54.12,0.0,0.0,0.0,0.0,0.0,0.0,0.0,0.0
89.1438,16.5,145.42,29.48,178.09,86.57,214.72,172.15,56.32,0.0,0.0,0.0,0.0,0.0,0.0,0.0,0.0
89.1538,16.5,132.22,21.56,182.38,88.66,219.34,176.77,58.63,0.0,0.0,0.0,0.0,0.0,0.0,0.0,0.0
89.1638,16.5,119.02,17.71,188.65,88.66,223.96,179.08,60.72,0.0,0.0,0.0,0.0,0.0,0.0,0.0,0.0
89.1738,14.41,104.17,13.75,195.03,88.66,230.78,183.81,62.92,0.0,0.0,0.0,0.0,0.0,0.0,0.0,0.0
89.1838,14.41,92.29,11.77,199.32,88.66,235.4,186.12,65.12,0.0,0.0,0.0,0.0,0.0,0.0,0.0,0.0
89.1938,14.41,78.32,9.79,205.7,86.57,242.33,188.43,67.32,0.0,0.0,0.0,0.0,0.0,0.0,0.0,0.0
89.2038,12.32,64.46,7.81,214.17,86.57,249.26,193.05,67.32,0.0,0.0,0.0,0.0,0.0,0.0,0.0,0.0
89.2138,12.32,50.82,7.81,218.46,86.57,256.19,195.47,69.41,0.0,0.0,0.0,0.0,0.0,0.0,0.0,0.0
89.2238,10.34,39.49,5.83,222.64,84.37,263.12,197.78,71.61,0.0,0.0,0.0,0.0,0.0,0.0,0.0,0.0
89.2338,10.34,28.16,5.83,226.71,84.37,267.74,202.4,73.81,0.0,0.0,0.0,0.0,0.0,0.0,0.0,0.0
89.2438,8.25,20.68,5.83,226.71,84.37,274.67,207.02,76.01,0.0,0.0,0.0,0.0,0.0,0.0,0.0,0.0
89.2538,6.16,15.07,3.85,222.64,84.37,281.49,211.75,80.3,0.0,0.0,0.0,0.0,0.0,0.0,0.0,0.0
89.2638,4.07,11.22,3.85,216.26,80.08,285.89,216.37,84.7,0.0,0.0,0.0,0.0,0.0,0.0,0.0,0.0
89.2738,4.07,9.35,0.0,207.79,77.88,292.49,220.99,91.19,0.0,0.0,0.0,0.0,0.0,0.0,0.0,0.0
89.2838,0.0,7.48,0.0,199.32,73.59,296.89,225.61,97.79,0.0,0.0,0.0,0.0,0.0,0.0,0.0,0.0
89.2937,0.0,5.61,0.0,190.85,69.3,301.29,230.23,102.08,0.0,0.0,0.0,0.0,0.0,0.0,0.0,0.0
89.3037,0.0,3.74,0.0,182.38,65.01,305.8,232.54,108.68,0.0,0.0,0.0,0.0,0.0,0.0,0.0,0.0
89.3137,0.0,3.74,0.0,176.0,58.63,310.2,234.85,113.08,0.0,0.0,0.0,0.0,0.0,0.0,0.0,0.0
89.3237,0.0,3.74,0.0,169.62,54.23,314.6,234.85,119.9,15.95,0.0,0.0,0.0,0.0,0.0,0.0,0.0
89.3337,0.0,0.0,0.0,161.26,47.74,321.2,234.85,124.52,29.7,0.0,0.0,0.0,0.0,0.0,0.0,0.0
89.3437,0.0,0.0,0.0,153.01,41.25,325.6,234.85,129.03,54.89,0.0,0.0,0.0,0.0,0.0,0.0,0.0
89.3537,0.0,0.0,0.0,142.67,34.65,330.11,232.54,133.65,100.1,0.0,0.0,0.0,0.0,0.0,0.0,0.0
89.3637,0.0,0.0,0.0,128.15,25.96,332.42,232.54,138.27,114.51,0.0,0.0,0.0,0.0,0.0,0.0,0.0
89.3737,0.0,0.0,0.0,111.65,17.27,334.73,230.23,142.78,132.66,0.0,0.0,0.0,0.0,0.0,0.0,0.0
89.3837,0.0,0.0,0.0,92.51,12.98,330.11,227.92,149.71,178.42,0.0,0.0,0.0,0.0,0.0,0.0,0.0
89.3937,0.0,0.0,0.0,69.19,8.58,323.4,223.41,156.53,234.41,29.26,7.59,0.0,0.0,0.0,0.0,0.0
89.4037,0.0,0.0,0.0,41.8,8.58,312.4,211.75,165.77,148.5,105.27,81.18,0.0,0.0,0.0,0.0,0.0
89.4137,0.0,0.0,0.0,18.81,8.58,285.89,188.43,177.43,83.38,163.79,125.29,12.54,8.47,22.66,40.37,11.11
89.4237,0.0,0.0,0.0,12.54,8.58,233.09,149.38,191.73,78.65,176.55,145.97,17.6,14.74,35.2,58.85,16.72
89.4337,0.0,0.0,0.0,10.45,8.58,156.97,101.2,208.34,66.66,176.55,157.52,20.13,16.94,47.85,75.68,19.47
89.4437,0.0,0.0,0.0,10.45,8.58,95.04,47.3,224.95,54.89,184.91,157.52,22.66,21.12,60.28,89.98,25.08
89.4537,0.0,0.0,0.0,8.36,8.58,46.53,22.55,198.88,43.45,197.45,152.9,25.19,23.21,74.69,104.39,30.69
89.4637,0.0,0.0,0.0,6.27,6.49,19.03,18.04,119.9,36.52,212.08,152.9,32.67,25.41,86.68,116.27,36.19
89.4737,0.0,0.0,0.0,6.27,6.49,14.74,15.73,73.81,32.01,226.71,152.9,35.2,27.5,98.67,127.93,41.8
89.4837,0.0,0.0,0.0,4.18,4.29,10.56,11.22,51.81,29.7,236.83,152.9,40.26,29.59,108.24,139.59,50.16
89.4937,0.0,0.0,0.0,4.18,0.0,6.27,6.71,45.1,27.39,244.97,150.59,45.32,31.79,118.03,148.83,58.63
89.5037,0.0,0.0,0.0,0.0,0.0,4.18,4.51,27.06,25.08,251.13,148.28,50.38,33.88,128.15,155.87,64.35
89.5137,0.0,0.0,0.0,0.0,0.0,0.0,0.0,4.51,22.88,253.22,141.35,52.91,35.97,135.74,162.8,73.15
89.5237,0.0,0.0,0.0,0.0,0.0,0.0,0.0,0.0,20.57,255.2,134.53,57.97,38.06,143.22,167.53,78.98
89.5337,0.0,0.0,0.0,0.0,0.0,0.0,0.0,0.0,20.57,251.13,127.6,60.39,40.26,148.28,174.79,84.81
89.5437,0.0,0.0,0.0,0.0,0.0,0.0,0.0,0.0,18.26,247.06,118.36,65.45,40.26,155.87,179.63,90.53
89.5537,0.0,0.0,0.0,0.0,0.0,0.0,0.0,0.0,18.26,242.99,111.65,67.98,42.35,160.93,184.58,93.5
89.5637,0.0,0.0,0.0,0.0,0.0,0.0,0.0,0.0,15.95,234.85,105.05,70.4,44.44,165.99,189.42,99.33
89.5737,0.0,0.0,0.0,0.0,0.0,0.0,0.0,0.0,15.95,228.69,98.56,72.93,44.44,168.52,194.37,105.16
89.5837,0.0,0.0,0.0,0.0,0.0,0.0,0.0,0.0,15.95,222.64,89.87,75.46,46.53,173.36,196.79,108.02
89.5937,0.0,0.0,0.0,0.0,0.0,0.0,0.0,0.0,15.95,214.17,81.18,77.99,46.53,178.09,199.21,110.99
89.6037,0.0,0.0,0.0,0.0,0.0,0.0,0.0,0.0,13.64,207.9,74.69,80.41,48.73,180.4,201.63,110.99
89.6137,0.0,0.0,0.0,0.0,0.0,0.0,0.0,0.0,13.64,199.54,65.89,82.94,48.73,182.82,204.05,113.52
89.6237,0.0,0.0,0.0,0.0,0.0,0.0,0.0,0.0,13.64,193.27,59.4,85.47,50.82,185.13,209.0,116.05
89.6337,0.0,0.0,0.0,0.0,0.0,0.0,0.0,0.0,13.64,184.91,53.13,88.0,52.91,187.44,211.42,118.58
89.6437,0.0,0.0,0.0,0.0,0.0,0.0,0.0,0.0,13.64,178.64,51.26,88.0,52.91,189.86,216.26,121.11
89.6537,0.0,0.0,0.0,0.0,0.0,0.0,0.0,0.0,13.64,172.37,47.41,90.53,55.11,192.17,218.68,123.64
89.6637,0.0,0.0,0.0,0.0,0.0,0.0,0.0,0.0,11.44,165.99,43.67,90.53,55.11,194.59,223.52,126.17
89.6737,0.0,0.0,0.0,0.0,0.0,0.0,0.0,0.0,13.64,159.39,41.8,92.95,57.53,196.9,225.94,128.7
89.6837,0.0,0.0,0.0,0.0,0.0,0.0,0.0,0.0,11.44,152.9,39.82,95.48,57.53,196.9,230.78,131.23
89.6937,0.0,0.0,0.0,0.0,0.0,0.0,0.0,0.0,11.44,146.41,37.95,95.48,60.06,199.32,235.51,133.76
89.7037,0.0,0.0,0.0,0.0,0.0,0.0,0.0,0.0,11.44,142.01,36.08,95.48,60.06,201.63,240.35,136.29
89.7137,0.0,0.0,0.0,0.0,0.0,0.0,0.0,0.0,11.44,137.72,34.1,98.01,62.59,203.94,242.77,138.82
89.7237,0.0,0.0,0.0,0.0,0.0,0.0,0.0,0.0,11.44,131.23,32.23,100.54,65.12,206.36,247.61,141.35
89.7337,0.0,0.0,0.0,0.0,0.0,0.0,0.0,0.0,11.44,126.83,30.36,100.54,65.12,208.67,249.92,146.41
89.7437,0.0,0.0,0.0,0.0,0.0,0.0,0.0,0.0,11.44,120.34,28.49,102.96,65.12,211.09,254.76,148.94
89.7537,0.0,0.0,0.0,0.0,0.0,0.0,0.0,0.0,11.44,113.85,24.64,105.49,67.65,213.4,259.6,151.47
89.7637,0.0,0.0,0.0,0.0,0.0,0.0,0.0,0.0,11.44,107.47,22.77,105.49,67.65,215.82,262.02,154.0
89.7737,0.0,0.0,0.0,0.0,0.0,0.0,0.0,0.0,9.13,101.09,18.92,108.02,67.65,220.55,264.33,159.06
89.7837,0.0,0.0,0.0,0.0,0.0,0.0,0.0,0.0,9.13,92.51,17.05,110.55,67.65,222.97,269.17,161.59
89.7937,0.0,0.0,0.0,0.0,0.0,0.0,0.0,0.0,9.13,84.04,15.18,113.08,67.65,227.81,271.59,166.76
89.8037,0.0,0.0,0.0,0.0,0.0,0.0,0.0,0.0,9.13,73.48,13.2,115.5,67.65,232.76,276.43,169.18
89.8137,0.0,0.0,0.0,0.0,0.0,0.0,0.0,0.0,9.13,62.81,13.2,118.03,67.65,237.6,280.94,174.24
89.8237,0.0,0.0,0.0,0.0,0.0,0.0,0.0,0.0,9.13,50.16,11.33,120.45,67.65,242.55,285.56,179.19
89.8337,0.0,0.0,0.0,0.0,0.0,0.0,0.0,0.0,6.82,37.62,11.33,122.98,67.65,244.97,287.87,181.72
89.8437,4.07,0.0,0.0,0.0,0.0,0.0,0.0,0.0,6.82,29.26,9.46,122.98,67.65,249.92,292.49,189.31
89.8537,6.16,0.0,0.0,0.0,0.0,0.0,0.0,0.0,4.51,20.9,7.59,122.98,67.65,254.76,297.0,194.26
89.8637,10.34,0.0,0.0,0.0,0.0,0.0,0.0,0.0,4.51,14.63,7.59,120.45,65.12,259.71,301.62,201.85
89.8737,20.68,0.0,0.0,0.0,0.0,0.0,0.0,0.0,0.0,8.36,5.61,115.5,62.59,262.13,306.24,209.33
89.8837,28.93,0.0,0.0,0.0,0.0,0.0,0.0,0.0,0.0,6.27,3.74,110.55,57.53,264.55,310.86,216.81
89.8937,37.18,0.0,0.0,0.0,0.0,0.0,0.0,0.0,0.0,4.18,3.74,105.49,52.91,269.5,315.37,224.4
89.9037,60.06,0.0,0.0,0.0,0.0,0.0,0.0,0.0,0.0,4.18,0.0,98.01,48.73,269.5,319.99,231.55
89.9137,77.55,0.0,0.0,0.0,0.0,0.0,0.0,0.0,0.0,0.0,0.0,90.53,42.35,274.34,322.3,238.59
89.9237,86.24,0.0,0.0,0.0,0.0,0.0,0.0,0.0,0.0,0.0,0.0,82.94,35.97,274.34,324.61,245.63
89.9337,105.82,0.0,0.0,0.0,0.0,0.0,0.0,0.0,0.0,0.0,0.0,72.93,29.59,274.34,326.92,252.67
89.9437,144.21,0.0,0.0,0.0,0.0,0.0,0.0,0.0,0.0,0.0,0.0,60.39,23.21,274.34,326.92,259.71
89.9537,198.44,15.07,0.0,0.0,0.0,0.0,0.0,0.0,0.0,0.0,0.0,47.85,19.03,271.92,326.92,264.44
89.9637,182.27,94.27,0.0,0.0,0.0,0.0,0.0,0.0,0.0,0.0,0.0,32.67,12.65,269.5,319.99,266.75
89.9737,142.23,171.6,9.79,12.54,0.0,0.0,0.0,0.0,0.0,0.0,0.0,17.6,8.47,264.55,310.86,271.48
89.9837,99.33,196.46,64.02,45.98,0.0,6.27,0.0,0.0,0.0,0.0,0.0,7.48,6.27,252.34,292.49,273.79
89.9937,86.24,212.96,90.75,60.72,12.98,19.03,4.51,4.51,0.0,0.0,0.0,0.0,6.27,227.81,266.75,278.52
90.0037,73.15,219.23,101.86,67.1,23.87,38.06,11.22,6.71,0.0,0.0,0.0,0.0,6.27,194.59,230.78,280.94
90.0137,64.46,217.14,110.77,71.28,28.16,50.82,20.24,9.02,0.0,0.0,0.0,0.0,8.47,153.34,187.0,283.47
90.0237,57.97,219.23,115.28,75.57,32.56,62.15,29.26,13.53,0.0,0.0,0.0,0.0,8.47,113.08,134.86,286.0
90.0337,53.79,223.41,119.68,77.66,36.85,71.5,38.28,15.73,0.0,0.0,0.0,0.0,8.47,77.11,82.83,278.52
90.0437,51.7,231.77,126.28,81.95,39.05,80.85,47.3,18.04,0.0,0.0,0.0,0.0,8.47,40.26,34.32,252.67
90.0537,51.7,240.13,130.68,84.04,43.34,85.58,54.12,18.04,0.0,0.0,0.0,0.0,6.27,17.6,24.2,166.76
90.0637,49.61,250.58,135.08,88.33,45.54,90.31,60.94,20.24,0.0,0.0,0.0,0.0,6.27,15.07,20.13,116.05
90.0737,49.61,258.94,137.28,92.51,47.74,97.35,65.67,20.24,0.0,0.0,0.0,0.0,4.18,12.54,16.06,102.19
90.0837,49.61,269.39,137.28,96.8,49.94,102.08,70.4,22.55,0.0,0.0,0.0,0.0,4.18,7.48,12.1,99.33
90.0937,49.61,277.75,137.28,100.98,49.94,109.12,75.13,22.55,0.0,0.0,0.0,0.0,0.0,4.95,8.03,76.01
90.1037,47.52,284.02,137.28,107.36,52.03,113.85,79.86,24.75,0.0,0.0,0.0,0.0,0.0,0.0,6.05,44.66
90.1137,47.52,290.18,137.28,111.65,52.03,118.58,84.59,27.06,0.0,0.0,0.0,0.0,0.0,0.0,0.0,16.72
90.1237,45.54,292.27,137.28,115.72,54.23,123.42,87.01,27.06,0.0,0.0,0.0,0.0,0.0,0.0,0.0,5.5
90.1337,43.45,292.27,135.08,121.99,56.43,128.15,91.74,29.26,0.0,0.0,0.0,0.0,0.0,0.0,0.0,0.0
90.1437,43.45,290.18,135.08,126.06,58.63,132.99,96.47,29.26,0.0,0.0,0.0,0.0,0.0,0.0,0.0,0.0
90.1537,41.36,286.11,132.88,130.24,60.72,137.72,98.78,31.57,0.0,0.0,0.0,0.0,0.0,0.0,0.0,0.0
90.1637,39.27,281.93,130.68,134.31,60.72,142.56,103.51,31.57,0.0,0.0,0.0,0.0,0.0,0.0,0.0,0.0
90.1737,37.18,275.66,126.28,138.49,62.92,144.98,105.93,33.77,0.0,0.0,0.0,0.0,0.0,0.0,0.0,0.0
90.1837,35.09,271.48,121.88,144.76,62.92,149.71,108.24,33.77,0.0,0.0,0.0,0.0,0.0,0.0,0.0,0.0
90.1937,35.09,265.21,115.28,148.83,65.01,152.13,110.66,33.77,0.0,0.0,0.0,0.0,0.0,0.0,0.0,0.0
90.2037,33.11,261.03,106.37,155.1,65.01,156.97,110.66,36.08,0.0,0.0,0.0,0.0,0.0,0.0,0.0,0.0
90.2137,31.02,254.76,99.66,159.17,67.21,159.28,113.08,36.08,0.0,0.0,0.0,0.0,0.0,0.0,0.0,0.0
90.2237,28.93,248.49,92.95,163.35,67.21,161.7,115.28,36.08,0.0,0.0,0.0,0.0,0.0,0.0,0.0,0.0
90.2337,28.93,242.22,86.24,169.62,67.21,166.54,115.28,38.28,0.0,0.0,0.0,0.0,0.0,0.0,0.0,0.0
90.2437,28.93,235.95,79.53,173.8,69.3,168.96,117.59,38.28,0.0,0.0,0.0,0.0,0.0,0.0,0.0,0.0
90.2537,26.84,229.68,70.62,180.18,69.3,171.16,119.79,38.28,0.0,0.0,0.0,0.0,0.0,0.0,0.0,0.0
90.2637,26.84,223.41,64.02,186.56,71.5,175.78,119.79,38.28,0.0,0.0,0.0,0.0,0.0,0.0,0.0,0.0
90.2737,24.75,217.14,55.11,190.85,71.5,178.09,122.1,40.59,0.0,0.0,0.0,0.0,0.0,0.0,0.0,0.0
90.2837,24.75,208.89,49.17,197.23,71.5,182.71,124.41,40.59,0.0,0.0,0.0,0.0,0.0,0.0,0.0,0.0
90.2937,22.77,200.64,43.23,203.61,73.59,187.22,126.61,40.59,0.0,0.0,0.0,0.0,0.0,0.0,0.0,0.0
90.3037,22.77,194.37,39.27,209.88,75.79,189.53,128.92,42.79,0.0,0.0,0.0,0.0,0.0,0.0,0.0,0.0
90.3137,22.77,184.03,33.44,216.26,75.79,194.15,133.43,42.79,0.0,0.0,0.0,0.0,0.0,0.0,0.0,0.0
90.3237,22.77,175.78,29.48,220.55,77.88,198.66,135.74,45.1,0.0,0.0,0.0,0.0,0.0,0.0,0.0,0.0
90.3337,20.68,167.53,25.52,226.71,77.88,203.28,137.94,45.1,0.0,0.0,0.0,0.0,0.0,0.0,0.0,0.0
90.3437,20.68,158.62,23.54,234.3,77.88,210.21,140.25,45.1,0.0,0.0,0.0,0.0,0.0,0.0,0.0,0.0
90.3537,20.68,149.82,19.58,238.15,80.08,214.72,142.56,47.3,0.0,0.0,0.0,0.0,0.0,0.0,0.0,0.0
90.3637,18.59,141.02,17.71,245.85,80.08,219.34,144.76,47.3,0.0,0.0,0.0,0.0,0.0,0.0,0.0,0.0
90.3737,18.59,130.02,15.73,251.57,80.08,223.96,147.07,49.61,0.0,0.0,0.0,0.0,0.0,0.0,0.0,0.0
90.3837,18.59,119.02,13.75,257.29,80.08,230.78,149.38,49.61,0.0,0.0,0.0,0.0,0.0,0.0,0.0,0.0
90.3937,16.5,108.13,11.77,264.88,80.08,235.4,151.58,49.61,0.0,0.0,0.0,0.0,0.0,0.0,0.0,0.0
90.4037,16.5,96.25,11.77,270.6,80.08,242.33,153.89,51.81,0.0,0.0,0.0,0.0,0.0,0.0,0.0,0.0
90.4137,16.5,82.28,9.79,276.43,80.08,246.95,156.09,51.81,0.0,0.0,0.0,0.0,0.0,0.0,0.0,0.0
90.4237,14.41,68.42,9.79,280.61,80.08,253.88,160.71,54.12,0.0,0.0,0.0,0.0,0.0,0.0,0.0,0.0
90.4337,12.32,54.56,7.81,284.9,80.08,260.81,162.91,54.12,29.7,0.0,0.0,0.0,0.0,0.0,0.0,0.0
90.4437,12.32,41.36,5.83,289.08,80.08,267.74,167.53,56.32,15.95,0.0,0.0,0.0,0.0,0.0,0.0,0.0
90.4537,10.34,28.16,5.83,289.08,80.08,274.67,169.84,56.32,22.88,0.0,0.0,0.0,0.0,0.0,0.0,0.0
90.4637,8.25,18.81,5.83,282.7,77.88,279.29,174.46,58.63,27.39,0.0,0.0,0.0,0.0,0.0,0.0,0.0
90.4737,6.16,13.09,3.85,272.58,75.79,285.89,181.5,60.72,34.32,0.0,0.0,0.0,0.0,0.0,0.0,0.0
90.4837,4.07,11.22,0.0,259.16,71.5,292.49,186.12,65.12,43.45,0.0,0.0,0.0,0.0,0.0,0.0,0.0
90.4937,0.0,7.48,0.0,245.85,67.21,299.09,190.74,69.41,66.66,0.0,0.0,0.0,0.0,0.0,0.0,0.0
90.5037,0.0,5.61,0.0,232.43,60.72,305.8,193.05,76.01,97.79,0.0,0.0,0.0,0.0,0.0,0.0,0.0
90.5137,0.0,3.74,0.0,218.46,54.23,310.2,195.47,82.5,134.86,0.0,3.74,0.0,0.0,0.0,0.0,0.0
90.5237,0.0,3.74,0.0,201.41,49.94,312.4,200.09,86.9,150.81,12.54,37.95,0.0,0.0,0.0,0.0,0.0
90.5337,0.0,0.0,0.0,184.47,41.25,312.4,200.09,93.39,85.8,58.63,78.98,0.0,4.18,0.0,0.0,0.0
90.5437,0.0,0.0,0.0,163.35,34.65,312.4,200.09,99.99,57.2,98.89,100.76,12.54,12.65,12.54,22.11,5.5
90.5537,0.0,0.0,0.0,140.58,25.96,310.2,200.09,106.48,47.96,109.56,109.45,15.07,19.03,22.66,40.37,8.36
90.5637,0.0,0.0,0.0,113.63,17.27,305.8,197.78,113.08,38.83,105.27,120.67,17.6,23.21,35.2,56.54,11.11
90.5737,0.0,0.0,0.0,84.04,10.78,292.49,188.43,122.21,27.39,111.65,122.98,22.66,27.5,50.38,73.26,16.72
90.5837,0.0,0.0,0.0,52.25,8.58,274.67,172.15,131.34,22.88,113.85,125.29,22.66,29.59,62.7,89.98,22.33
90.5937,0.0,0.0,0.0,22.99,6.49,242.33,144.76,145.09,20.57,115.94,129.91,25.19,33.88,69.85,101.97,25.08
90.6037,0.0,0.0,0.0,14.63,6.49,180.4,105.93,156.53,20.57,122.54,134.53,27.72,35.97,79.53,116.27,30.69
90.6137,0.0,0.0,0.0,12.54,6.49,111.43,60.94,168.08,18.26,126.83,139.15,30.14,38.06,86.68,127.93,36.19
90.6237,0.0,0.0,0.0,10.45,6.49,66.77,27.06,165.77,18.26,135.52,143.66,32.67,40.26,93.83,137.17,41.8
90.6337,0.0,0.0,0.0,8.36,6.49,29.59,15.73,129.03,18.26,142.01,145.97,35.2,42.35,101.09,146.52,47.41
90.6437,0.0,0.0,0.0,8.36,4.29,12.65,11.22,86.9,18.26,150.7,148.28,40.26,44.44,108.24,155.87,53.02
90.6537,0.0,0.0,0.0,6.27,4.29,10.56,9.02,58.63,15.95,157.3,148.28,42.79,46.53,115.5,162.8,61.49
90.6637,0.0,0.0,0.0,6.27,0.0,6.27,6.71,42.79,15.95,163.79,145.97,45.32,48.73,123.09,169.95,70.18
90.6737,0.0,0.0,0.0,4.18,0.0,4.18,4.51,33.77,15.95,165.99,145.97,50.38,50.82,130.68,177.21,78.98
90.6837,0.0,0.0,0.0,4.18,0.0,0.0,0.0,20.24,15.95,168.19,145.97,52.91,52.91,138.27,187.0,87.67
90.6937,0.0,0.0,0.0,0.0,0.0,0.0,0.0,0.0,15.95,172.37,143.66,55.44,55.11,143.22,194.37,96.36
90.7037,0.0,0.0,0.0,0.0,0.0,0.0,0.0,0.0,13.64,172.37,141.35,57.97,57.53,148.28,201.63,105.16
90.7137,0.0,0.0,0.0,0.0,0.0,0.0,0.0,0.0,13.64,170.28,139.15,60.39,60.06,155.87,206.47,113.52
90.7236,0.0,0.0,0.0,0.0,0.0,0.0,0.0,0.0,13.64,170.28,136.84,62.92,62.59,160.93,213.84,118.58
90.7336,0.0,0.0,0.0,0.0,0.0,0.0,0.0,0.0,13.64,165.99,132.22,65.45,65.12,163.46,221.21,123.64
90.7436,0.0,0.0,0.0,0.0,0.0,0.0,0.0,0.0,13.64,163.79,127.6,67.98,67.65,171.05,225.94,128.7
90.7536,0.0,0.0,0.0,0.0,0.0,0.0,0.0,0.0,13.64,159.39,120.67,72.93,70.18,175.67,230.78,133.76
90.7636,0.0,0.0,0.0,0.0,0.0,0.0,0.0,0.0,13.64,155.1,113.85,75.46,72.71,178.09,235.51,138.82
90.7736,0.0,0.0,0.0,0.0,0.0,0.0,0.0,0.0,13.64,150.7,107.25,77.99,72.71,182.82,237.93,141.35
90.7836,0.0,0.0,0.0,0.0,0.0,0.0,0.0,0.0,13.64,146.41,98.56,77.99,75.24,185.13,242.77,146.41
90.7936,0.0,0.0,0.0,0.0,0.0,0.0,0.0,0.0,11.44,142.01,92.07,82.94,75.24,189.86,247.61,146.41
90.8036,0.0,0.0,0.0,0.0,0.0,0.0,0.0,0.0,11.44,137.72,85.47,82.94,77.77,192.17,249.92,148.94
90.8136,0.0,0.0,0.0,0.0,0.0,0.0,0.0,0.0,11.44,133.32,70.29,85.47,77.77,196.9,252.34,154.0
90.8236,0.0,0.0,0.0,0.0,0.0,0.0,0.0,0.0,11.44,124.63,68.09,88.0,80.3,196.9,257.18,154.0
90.8336,0.0,0.0,0.0,0.0,0.0,0.0,0.0,0.0,11.44,118.14,63.8,88.0,82.83,199.32,259.6,159.06
90.8436,0.0,0.0,0.0,0.0,0.0,0.0,0.0,0.0,11.44,111.65,57.2,90.53,82.83,201.63,262.02,161.59
90.8536,0.0,0.0,0.0,0.0,0.0,0.0,0.0,0.0,11.44,105.27,51.26,90.53,82.83,203.94,264.33,161.59
90.8636,0.0,0.0,0.0,0.0,0.0,0.0,0.0,0.0,11.44,98.89,47.41,92.95,85.25,206.36,269.17,166.76
90.8736,0.0,0.0,0.0,0.0,0.0,0.0,0.0,0.0,11.44,90.42,41.8,92.95,85.25,208.67,274.01,169.18
90.8836,0.0,0.0,0.0,0.0,0.0,0.0,0.0,0.0,11.44,84.04,37.95,95.48,85.25,211.09,276.43,171.71
90.8936,0.0,0.0,0.0,0.0,0.0,0.0,0.0,0.0,11.44,77.66,32.23,95.48,85.25,213.4,278.63,174.24
90.9036,0.0,0.0,0.0,0.0,0.0,0.0,0.0,0.0,9.13,71.28,28.49,98.01,87.78,218.13,283.25,176.77
90.9136,0.0,0.0,0.0,0.0,0.0,0.0,0.0,0.0,9.13,62.81,22.77,100.54,87.78,220.55,285.56,179.19
90.9236,0.0,0.0,0.0,0.0,0.0,0.0,0.0,0.0,9.13,54.34,20.9,102.96,85.25,225.39,287.87,181.72
90.9336,0.0,0.0,0.0,0.0,0.0,0.0,0.0,0.0,9.13,43.89,17.05,105.49,85.25,230.34,292.49,186.78
90.9436,0.0,0.0,0.0,0.0,0.0,0.0,0.0,0.0,9.13,33.44,15.18,108.02,85.25,235.18,297.0,189.31
90.9536,0.0,0.0,0.0,0.0,0.0,0.0,0.0,0.0,6.82,22.99,13.2,110.55,85.25,240.13,299.31,194.26
90.9636,0.0,0.0,0.0,0.0,0.0,0.0,0.0,0.0,6.82,16.72,9.46,108.02,82.83,244.97,303.93,199.32
90.9736,0.0,0.0,0.0,0.0,0.0,0.0,0.0,0.0,4.51,10.45,7.59,105.49,82.83,247.39,306.24,206.8
90.9836,0.0,0.0,0.0,0.0,0.0,0.0,0.0,0.0,0.0,8.36,5.61,102.96,77.77,249.92,310.86,211.86
90.9936,8.25,0.0,0.0,0.0,0.0,0.0,0.0,0.0,0.0,6.27,5.61,98.01,72.71,252.34,313.17,219.34
91.0036,14.41,0.0,0.0,0.0,0.0,0.0,0.0,0.0,0.0,4.18,3.74,92.95,70.18,254.76,317.68,226.93
91.0136,20.68,0.0,0.0,0.0,0.0,0.0,0.0,0.0,0.0,0.0,0.0,85.47,62.59,257.18,319.99,233.86
91.0236,24.75,0.0,0.0,0.0,0.0,0.0,0.0,0.0,0.0,0.0,0.0,82.94,57.53,259.71,322.3,240.9
91.0336,31.02,0.0,0.0,0.0,0.0,0.0,0.0,0.0,0.0,0.0,0.0,75.46,50.82,262.13,326.92,247.94
91.0436,37.18,0.0,0.0,0.0,0.0,0.0,0.0,0.0,0.0,0.0,0.0,67.98,44.44,264.55,326.92,254.98
91.0536,41.36,0.0,0.0,0.0,0.0,0.0,0.0,0.0,0.0,0.0,0.0,62.92,38.06,266.97,329.23,262.02
91.0636,70.95,0.0,0.0,0.0,0.0,0.0,0.0,0.0,0.0,0.0,0.0,52.91,31.79,271.92,329.23,269.06
91.0736,108.02,0.0,0.0,0.0,0.0,0.0,0.0,0.0,0.0,0.0,0.0,42.79,25.41,269.5,329.23,276.1
91.0836,150.15,0.0,0.0,0.0,0.0,0.0,0.0,0.0,0.0,0.0,0.0,32.67,19.03,269.5,326.92,280.94
91.0936,200.53,16.94,0.0,0.0,0.0,0.0,0.0,0.0,0.0,0.0,0.0,20.13,12.65,266.97,322.3,286.0
91.1036,152.13,116.82,0.0,0.0,0.0,0.0,0.0,0.0,0.0,0.0,0.0,7.48,8.47,259.71,315.37,288.53
91.1136,108.02,181.94,41.25,6.27,0.0,0.0,0.0,0.0,0.0,0.0,0.0,0.0,6.27,242.55,301.62,293.59
91.1236,55.88,196.46,119.68,22.99,0.0,25.41,11.22,0.0,0.0,0.0,0.0,0.0,6.27,218.13,280.94,298.65
91.1336,53.79,202.62,157.08,25.08,0.0,31.79,27.06,9.02,0.0,0.0,0.0,0.0,6.27,187.44,247.61,298.65
91.1436,45.54,198.55,168.19,27.17,0.0,40.26,47.3,15.73,0.0,0.0,0.0,0.0,6.27,143.22,199.21,301.18
91.1536,39.27,192.28,175.23,29.26,0.0,46.53,63.36,22.55,0.0,0.0,0.0,0.0,8.47,103.4,139.59,298.65
91.1636,35.09,196.46,172.81,33.44,6.49,55.11,79.86,31.57,0.0,0.0,0.0,0.0,8.47,67.54,82.83,293.59
91.1736,31.02,206.8,170.5,39.71,8.58,64.46,91.74,36.08,0.0,0.0,0.0,0.0,8.47,27.72,30.25,252.67
91.1836,28.93,212.96,168.19,43.89,12.98,73.81,103.51,45.1,0.0,0.0,0.0,0.0,6.27,15.07,24.2,156.53
91.1936,26.84,219.23,168.19,48.07,15.18,80.85,113.08,51.81,0.0,0.0,0.0,0.0,6.27,12.54,18.15,116.05
91.2036,26.84,227.59,165.88,54.34,19.47,88.0,122.1,56.32,0.0,0.0,0.0,0.0,4.18,10.01,14.08,105.16
91.2136,24.75,233.86,163.68,58.63,21.67,95.04,128.92,62.92,0.0,0.0,0.0,0.0,0.0,4.95,10.01,90.53
91.2236,24.75,242.22,157.08,65.01,23.87,102.08,133.43,65.12,0.0,0.0,0.0,0.0,0.0,0.0,6.05,58.63
91.2336,24.75,246.4,150.48,69.19,25.96,106.7,137.94,69.41,0.0,0.0,0.0,0.0,0.0,0.0,3.96,19.47
91.2436,22.77,248.49,143.88,75.57,28.16,113.85,142.56,73.81,0.0,0.0,0.0,0.0,0.0,0.0,0.0,5.5
91.2536,22.77,248.49,139.48,79.75,30.36,118.58,147.07,76.01,0.0,0.0,0.0,0.0,0.0,0.0,0.0,0.0
91.2636,22.77,244.31,132.88,84.04,32.56,123.42,151.58,80.3,0.0,0.0,0.0,0.0,0.0,0.0,0.0,0.0
91.2736,20.68,240.13,128.48,88.33,34.65,128.15,156.09,82.5,0.0,0.0,0.0,0.0,0.0,0.0,0.0,0.0
91.2836,20.68,233.86,119.68,92.51,36.85,130.57,160.71,84.7,0.0,0.0,0.0,0.0,0.0,0.0,0.0,0.0
91.2936,20.68,227.59,110.77,98.89,39.05,135.41,162.91,86.9,0.0,0.0,0.0,0.0,0.0,0.0,0.0,0.0
91.3036,20.68,221.32,99.66,103.07,39.05,140.14,165.22,89.1,0.0,0.0,0.0,0.0,0.0,0.0,0.0,0.0
91.3136,20.68,215.05,88.55,107.36,41.25,142.56,167.53,89.1,0.0,0.0,0.0,0.0,0.0,0.0,0.0,0.0
91.3236,18.59,208.89,77.33,111.65,43.34,147.29,169.84,89.1,0.0,0.0,0.0,0.0,0.0,0.0,0.0,0.0
91.3336,18.59,200.64,68.42,117.81,45.54,149.71,172.15,91.19,0.0,0.0,0.0,0.0,0.0,0.0,0.0,0.0
91.3436,18.59,192.28,57.31,121.99,47.74,154.55,174.46,91.19,0.0,0.0,0.0,0.0,0.0,0.0,0.0,0.0
91.3536,18.59,186.12,51.15,126.06,47.74,156.97,179.08,93.39,0.0,0.0,0.0,0.0,0.0,0.0,0.0,0.0
91.3636,18.59,177.87,43.23,130.24,49.94,161.7,181.5,95.59,0.0,0.0,0.0,0.0,0.0,0.0,0.0,0.0
91.3736,16.5,169.51,37.29,134.31,52.03,164.12,186.12,95.59,0.0,0.0,0.0,0.0,0.0,0.0,0.0,0.0
91.3836,16.5,160.82,31.46,140.58,54.23,168.96,190.74,97.79,0.0,0.0,0.0,0.0,0.0,0.0,0.0,0.0
91.3936,16.5,152.02,27.5,144.76,54.23,173.47,193.05,99.99,0.0,0.0,0.0,0.0,0.0,0.0,0.0,0.0
91.4036,16.5,143.22,21.56,150.92,56.43,178.09,197.78,102.08,0.0,0.0,0.0,0.0,0.0,0.0,0.0,0.0
91.4136,14.41,132.22,17.71,155.1,58.63,180.4,202.4,104.28,0.0,0.0,0.0,0.0,0.0,0.0,0.0,0.0
91.4236,14.41,123.42,15.73,161.26,58.63,187.22,204.71,106.48,0.0,0.0,0.0,0.0,0.0,0.0,0.0,0.0
91.4336,14.41,112.42,11.77,167.53,58.63,191.84,209.44,106.48,0.0,0.0,0.0,0.0,0.0,0.0,0.0,0.0
91.4436,14.41,102.19,11.77,173.8,60.72,196.46,211.75,110.88,0.0,0.0,0.0,0.0,0.0,0.0,0.0,0.0
91.4536,14.41,90.31,9.79,180.18,60.72,203.28,216.37,110.88,0.0,0.0,0.0,0.0,0.0,0.0,0.0,0.0
91.4636,14.41,80.3,9.79,184.47,60.72,207.9,218.68,113.08,0.0,0.0,0.0,0.0,0.0,0.0,0.0,0.0
91.4736,12.32,68.42,7.81,190.85,60.72,214.72,223.41,115.28,0.0,0.0,0.0,0.0,0.0,0.0,0.0,0.0
91.4836,12.32,58.52,7.81,197.23,60.72,219.34,225.61,115.28,0.0,0.0,0.0,0.0,0.0,0.0,0.0,0.0
91.4936,12.32,48.95,7.81,201.41,60.72,223.96,230.23,117.59,0.0,0.0,0.0,0.0,0.0,0.0,0.0,0.0
91.5036,10.34,39.49,5.83,205.7,62.92,228.47,232.54,117.59,0.0,0.0,0.0,0.0,0.0,0.0,0.0,0.0
91.5136,8.25,32.01,5.83,207.79,62.92,230.78,237.16,119.9,0.0,0.0,0.0,0.0,0.0,0.0,0.0,0.0
91.5236,8.25,22.55,3.85,207.79,67.21,235.4,241.78,122.21,0.0,0.0,0.0,0.0,0.0,0.0,0.0,0.0
91.5336,6.16,15.07,3.85,207.79,67.21,237.71,243.98,124.52,0.0,0.0,0.0,0.0,0.0,0.0,0.0,0.0
91.5436,6.16,13.09,3.85,203.61,65.01,242.33,248.6,126.83,15.95,0.0,0.0,0.0,0.0,0.0,0.0,0.0
91.5536,4.07,9.35,0.0,199.32,65.01,244.64,250.91,129.03,20.57,0.0,0.0,0.0,0.0,0.0,0.0,0.0
91.5636,4.07,7.48,0.0,190.85,62.92,249.26,255.53,133.65,25.08,0.0,0.0,0.0,0.0,0.0,0.0,0.0
91.5736,0.0,5.61,0.0,182.38,58.63,251.57,257.84,135.96,32.01,0.0,0.0,0.0,0.0,0.0,0.0,0.0
91.5836,0.0,5.61,0.0,173.8,56.43,256.19,260.15,140.58,41.14,0.0,0.0,0.0,0.0,0.0,0.0,0.0
91.5936,0.0,3.74,0.0,165.44,52.03,258.5,260.15,142.78,54.89,0.0,0.0,0.0,0.0,0.0,0.0,0.0
91.6036,0.0,0.0,0.0,157.08,45.54,263.12,260.15,145.09,97.79,0.0,0.0,0.0,0.0,0.0,0.0,0.0
91.6136,0.0,0.0,0.0,146.74,39.05,265.43,260.15,147.4,121.22,0.0,0.0,0.0,0.0,0.0,0.0,0.0
91.6236,0.0,0.0,0.0,136.4,30.36,270.05,257.84,149.71,169.07,4.18,5.61,0.0,0.0,0.0,0.0,0.0
91.6336,0.0,0.0,0.0,121.99,21.67,270.05,255.53,152.02,134.86,31.35,55.11,0.0,0.0,0.0,0.0,0.0
91.6436,0.0,0.0,0.0,103.07,15.18,270.05,248.6,154.33,92.95,79.86,83.38,15.07,14.74,15.07,26.18,5.5
91.6536,0.0,0.0,0.0,81.95,10.78,265.43,234.85,158.84,85.8,101.09,92.07,17.6,21.12,30.14,44.33,8.36
91.6636,0.0,0.0,0.0,56.54,10.78,256.19,211.75,165.77,69.08,96.8,102.96,20.13,25.41,40.26,63.69,13.86
91.6736,0.0,0.0,0.0,29.26,10.78,233.09,186.12,175.12,50.27,101.09,107.25,22.66,29.59,57.97,80.41,19.47
91.6836,0.0,0.0,0.0,14.63,10.78,187.22,149.38,189.31,38.83,103.18,111.65,25.19,31.79,69.85,97.24,22.33
91.6936,0.0,0.0,0.0,12.54,10.78,128.15,108.24,205.92,34.32,103.18,118.36,27.72,35.97,81.84,113.96,27.83
91.7036,0.0,0.0,0.0,10.45,10.78,88.0,65.67,224.95,29.7,107.47,125.29,27.72,40.26,89.1,127.93,33.44
91.7136,0.0,0.0,0.0,10.45,8.58,52.91,29.26,217.8,27.39,111.65,132.22,30.14,42.35,98.67,141.9,39.05
91.7236,0.0,0.0,0.0,8.36,8.58,27.5,20.24,152.02,27.39,115.94,139.15,32.67,44.44,108.24,155.87,44.66
91.7336,0.0,0.0,0.0,8.36,6.49,14.74,18.04,93.39,25.08,120.34,141.35,35.2,46.53,115.5,167.53,50.16
91.7436,0.0,0.0,0.0,6.27,6.49,12.65,13.53,62.92,25.08,126.83,143.66,37.73,50.82,123.09,179.63,58.63
91.7536,0.0,0.0,0.0,6.27,4.29,8.47,11.22,49.61,22.88,133.32,143.66,40.26,52.91,130.68,189.42,67.32
91.7636,0.0,0.0,0.0,4.18,0.0,6.27,6.71,40.59,22.88,137.72,143.66,42.79,55.11,138.27,199.21,78.98
91.7736,0.0,0.0,0.0,0.0,0.0,4.18,4.51,24.75,20.57,139.92,141.35,47.85,57.53,145.75,206.47,87.67
91.7836,0.0,0.0,0.0,0.0,0.0,0.0,0.0,4.51,20.57,142.01,139.15,50.38,60.06,153.34,213.84,93.5
91.7936,0.0,0.0,0.0,0.0,0.0,0.0,0.0,0.0,18.26,144.21,136.84,52.91,62.59,158.4,221.21,102.19
91.8036,0.0,0.0,0.0,0.0,0.0,0.0,0.0,0.0,18.26,144.21,136.84,55.44,65.12,165.99,228.36,110.99
91.8136,0.0,0.0,0.0,0.0,0.0,0.0,0.0,0.0,18.26,142.01,132.22,57.97,67.65,171.05,233.2,116.05
91.8236,0.0,0.0,0.0,0.0,0.0,0.0,0.0,0.0,18.26,139.92,125.29,60.39,70.18,175.67,240.35,121.11
91.8336,0.0,0.0,0.0,0.0,0.0,0.0,0.0,0.0,15.95,135.52,120.67,62.92,72.71,180.4,245.19,126.17
91.8436,0.0,0.0,0.0,0.0,0.0,0.0,0.0,0.0,15.95,131.23,113.85,65.45,75.24,182.82,249.92,131.23
91.8536,0.0,0.0,0.0,0.0,0.0,0.0,0.0,0.0,15.95,124.63,107.25,67.98,75.24,187.44,254.76,133.76
91.8636,0.0,0.0,0.0,0.0,0.0,0.0,0.0,0.0,13.64,118.14,98.56,70.4,77.77,192.17,257.18,136.29
91.8736,0.0,0.0,0.0,0.0,0.0,0.0,0.0,0.0,13.64,111.65,92.07,72.93,80.3,194.59,262.02,138.82
91.8836,0.0,0.0,0.0,0.0,0.0,0.0,0.0,0.0,13.64,107.47,85.47,75.46,82.83,196.9,264.33,143.88
91.8936,0.0,0.0,0.0,0.0,0.0,0.0,0.0,0.0,13.64,101.09,76.78,75.46,82.83,199.32,269.17,146.41
91.9036,0.0,0.0,0.0,0.0,0.0,0.0,0.0,0.0,13.64,94.71,70.29,77.99,85.25,203.94,271.59,148.94
91.9136,0.0,0.0,0.0,0.0,0.0,0.0,0.0,0.0,11.44,88.33,63.8,80.41,85.25,206.36,274.01,151.47
91.9236,0.0,0.0,0.0,0.0,0.0,0.0,0.0,0.0,13.64,84.04,57.2,80.41,85.25,208.67,276.43,151.47
91.9336,0.0,0.0,0.0,0.0,0.0,0.0,0.0,0.0,11.44,77.66,49.39,82.94,87.78,213.4,280.94,156.53
91.9436,0.0,0.0,0.0,0.0,0.0,0.0,0.0,0.0,11.44,71.28,45.54,85.47,87.78,215.82,283.25,159.06
91.9536,0.0,0.0,0.0,0.0,0.0,0.0,0.0,0.0,11.44,62.81,39.82,85.47,87.78,218.13,287.87,161.59
91.9636,0.0,0.0,0.0,0.0,0.0,0.0,0.0,0.0,11.44,56.43,34.1,88.0,90.31,220.55,290.18,161.59
91.9736,0.0,0.0,0.0,0.0,0.0,0.0,0.0,0.0,11.44,50.16,30.36,88.0,90.31,222.97,294.8,166.76
91.9836,0.0,0.0,0.0,0.0,0.0,0.0,0.0,0.0,11.44,43.89,24.64,90.53,90.31,227.81,299.31,169.18
91.9936,0.0,0.0,0.0,0.0,0.0,0.0,0.0,0.0,11.44,37.62,20.9,90.53,90.31,230.34,301.62,171.71
92.0036,0.0,0.0,0.0,0.0,0.0,0.0,0.0,0.0,9.13,29.26,17.05,92.95,90.31,235.18,306.24,174.24
92.0136,0.0,0.0,0.0,0.0,0.0,0.0,0.0,0.0,9.13,20.9,15.18,95.48,90.31,237.6,308.55,176.77
92.0236,0.0,0.0,0.0,0.0,0.0,0.0,0.0,0.0,6.82,14.63,11.33,95.48,87.78,244.97,310.86,181.72
92.0336,0.0,0.0,0.0,0.0,0.0,0.0,0.0,0.0,6.82,10.45,9.46,92.95,87.78,247.39,315.37,186.78
92.0436,0.0,0.0,0.0,0.0,0.0,0.0,0.0,0.0,0.0,6.27,7.59,90.53,82.83,252.34,317.68,191.73
92.0536,0.0,0.0,0.0,0.0,0.0,0.0,0.0,0.0,0.0,4.18,5.61,88.0,80.3,254.76,319.99,199.32
92.0636,0.0,0.0,0.0,0.0,0.0,0.0,0.0,0.0,0.0,0.0,3.74,82.94,75.24,257.18,324.61,204.27
92.0736,0.0,0.0,0.0,0.0,0.0,0.0,0.0,0.0,0.0,0.0,3.74,80.41,70.18,259.71,326.92,211.86
92.0836,12.32,0.0,0.0,0.0,0.0,0.0,0.0,0.0,0.0,0.0,0.0,75.46,62.59,262.13,329.23,219.34
92.0936,16.5,0.0,0.0,0.0,0.0,0.0,0.0,0.0,0.0,0.0,0.0,70.4,57.53,264.55,331.54,226.93
92.1036,22.77,0.0,0.0,0.0,0.0,0.0,0.0,0.0,0.0,0.0,0.0,62.92,50.82,266.97,331.54,231.55
92.1136,28.93,0.0,0.0,0.0,0.0,0.0,0.0,0.0,0.0,0.0,0.0,57.97,46.53,266.97,333.74,238.59
92.1236,33.11,0.0,0.0,0.0,0.0,0.0,0.0,0.0,0.0,0.0,0.0,50.38,40.26,269.5,336.05,245.63
92.1336,37.18,0.0,0.0,0.0,0.0,0.0,0.0,0.0,0.0,0.0,0.0,42.79,33.88,269.5,338.25,252.67
92.1435,60.06,0.0,0.0,0.0,0.0,0.0,0.0,0.0,0.0,0.0,0.0,35.2,27.5,269.5,338.25,259.71
92.1535,108.02,0.0,0.0,0.0,0.0,0.0,0.0,0.0,0.0,0.0,0.0,25.19,21.12,269.5,336.05,266.75
92.1635,158.07,0.0,0.0,0.0,0.0,0.0,0.0,0.0,0.0,0.0,0.0,17.6,16.94,269.5,331.54,271.48
92.1735,166.1,66.44,0.0,0.0,0.0,0.0,0.0,0.0,0.0,0.0,0.0,7.48,10.56,264.55,324.61,276.1
92.1835,99.33,167.53,0.0,0.0,0.0,0.0,0.0,0.0,0.0,0.0,0.0,0.0,6.27,254.76,315.37,283.47
92.1935,70.95,223.41,7.81,31.35,0.0,0.0,0.0,0.0,0.0,0.0,0.0,0.0,6.27,237.6,301.62,288.53
92.2035,68.75,219.23,90.75,52.25,10.78,25.41,6.71,4.51,0.0,0.0,0.0,0.0,6.27,213.4,280.94,293.59
92.2135,62.26,221.32,119.68,58.63,19.47,44.44,15.73,9.02,0.0,0.0,0.0,0.0,6.27,187.44,249.92,298.65
92.2235,47.52,221.32,128.48,65.01,28.16,69.19,31.57,15.73,0.0,0.0,0.0,0.0,6.27,150.81,209.0,301.18
92.2335,39.27,212.96,135.08,69.19,32.56,85.58,47.3,20.24,0.0,0.0,0.0,0.0,6.27,115.5,160.49,306.24
92.2435,35.09,215.05,135.08,75.57,36.85,99.66,58.63,22.55,0.0,0.0,0.0,0.0,8.47,84.26,111.65,308.77
92.2535,31.02,221.32,128.48,84.04,41.25,111.43,70.4,27.06,0.0,0.0,0.0,0.0,8.47,52.91,58.85,303.71
92.2635,28.93,223.41,126.28,90.42,43.34,123.42,79.86,31.57,0.0,0.0,0.0,0.0,6.27,20.13,28.27,250.36
92.2735,26.84,223.41,124.08,96.8,47.74,132.99,89.32,33.77,0.0,0.0,0.0,0.0,6.27,15.07,22.11,151.47
92.2835,26.84,227.59,119.68,103.07,49.94,142.56,96.47,36.08,0.0,0.0,0.0,0.0,4.18,10.01,18.15,113.52
92.2935,24.75,233.86,110.77,111.65,52.03,152.13,103.51,38.28,0.0,0.0,0.0,0.0,4.18,10.01,14.08,99.33
92.3035,24.75,235.95,101.86,119.9,54.23,161.7,108.24,40.59,0.0,0.0,0.0,0.0,0.0,4.95,10.01,84.81
92.3135,22.77,240.13,92.95,128.15,56.43,168.96,115.28,42.79,0.0,0.0,0.0,0.0,0.0,0.0,6.05,50.16
92.3235,22.77,240.13,84.04,136.4,58.63,175.78,119.79,47.3,0.0,0.0,0.0,0.0,0.0,0.0,3.96,16.72
92.3335,22.77,238.04,79.53,142.67,60.72,180.4,124.41,49.61,0.0,0.0,0.0,0.0,0.0,0.0,0.0,5.5
92.3435,22.77,233.86,75.13,148.83,62.92,187.22,128.92,51.81,0.0,0.0,0.0,0.0,0.0,0.0,0.0,0.0
92.3535,20.68,229.68,68.42,155.1,65.01,191.84,133.43,54.12,0.0,0.0,0.0,0.0,0.0,0.0,0.0,0.0
92.3635,20.68,223.41,61.71,161.26,67.21,196.46,137.94,56.32,0.0,0.0,0.0,0.0,0.0,0.0,0.0,0.0
92.3735,20.68,215.05,53.13,165.44,69.3,200.97,142.56,58.63,0.0,0.0,0.0,0.0,0.0,0.0,0.0,0.0
92.3835,20.68,206.8,45.21,173.8,71.5,205.59,147.07,62.92,0.0,0.0,0.0,0.0,0.0,0.0,0.0,0.0
92.3935,18.59,196.46,37.29,178.09,71.5,212.41,149.38,62.92,0.0,0.0,0.0,0.0,0.0,0.0,0.0,0.0
92.4035,18.59,184.03,31.46,184.47,73.59,217.03,153.89,65.12,0.0,0.0,0.0,0.0,0.0,0.0,0.0,0.0
92.4135,18.59,173.69,25.52,188.65,75.79,221.65,158.4,67.32,0.0,0.0,0.0,0.0,0.0,0.0,0.0,0.0
92.4235,16.5,160.82,21.56,195.03,75.79,226.27,160.71,71.61,0.0,0.0,0.0,0.0,0.0,0.0,0.0,0.0
92.4335,16.5,149.82,17.71,199.32,77.88,228.47,165.22,73.81,0.0,0.0,0.0,0.0,0.0,0.0,0.0,0.0
92.4435,16.5,136.62,15.73,203.61,80.08,233.09,169.84,76.01,0.0,0.0,0.0,0.0,0.0,0.0,0.0,0.0
92.4535,16.5,125.62,13.75,207.79,80.08,237.71,172.15,78.21,0.0,0.0,0.0,0.0,0.0,0.0,0.0,0.0
92.4635,14.41,112.42,11.77,212.08,80.08,240.02,176.77,80.3,0.0,0.0,0.0,0.0,0.0,0.0,0.0,0.0
92.4735,14.41,102.19,9.79,214.17,80.08,244.64,179.08,82.5,0.0,0.0,0.0,0.0,0.0,0.0,0.0,0.0
92.4835,14.41,90.31,9.79,218.46,82.17,249.26,183.81,84.7,0.0,0.0,0.0,0.0,0.0,0.0,0.0,0.0
92.4935,14.41,80.3,7.81,222.64,82.17,251.57,186.12,86.9,0.0,0.0,0.0,0.0,0.0,0.0,0.0,0.0
92.5035,12.32,68.42,7.81,224.84,82.17,256.19,188.43,89.1,0.0,0.0,0.0,0.0,0.0,0.0,0.0,0.0
92.5135,12.32,58.52,7.81,228.58,82.17,260.81,193.05,91.19,0.0,0.0,0.0,0.0,0.0,0.0,0.0,0.0
92.5235,12.32,48.95,5.83,230.56,82.17,263.12,195.47,93.39,0.0,0.0,0.0,0.0,0.0,0.0,0.0,0.0
92.5335,10.34,39.49,5.83,232.43,82.17,267.74,197.78,97.79,0.0,0.0,0.0,0.0,0.0,0.0,0.0,0.0
92.5435,10.34,32.01,5.83,232.43,82.17,272.36,200.09,99.99,0.0,0.0,0.0,0.0,0.0,0.0,0.0,0.0
92.5535,8.25,24.42,3.85,232.43,82.17,276.98,204.71,102.08,0.0,0.0,0.0,0.0,0.0,0.0,0.0,0.0
92.5635,8.25,16.94,3.85,232.43,82.17,279.29,207.02,104.28,0.0,0.0,0.0,0.0,0.0,0.0,0.0,0.0
92.5735,6.16,13.09,3.85,228.58,82.17,283.69,211.75,108.68,0.0,0.0,0.0,0.0,0.0,0.0,0.0,0.0
92.5835,6.16,11.22,0.0,222.64,80.08,285.89,214.06,113.08,0.0,0.0,0.0,0.0,0.0,0.0,0.0,0.0
92.5935,4.07,9.35,0.0,216.26,77.88,290.29,216.37,115.28,0.0,0.0,0.0,0.0,0.0,0.0,0.0,0.0
92.6035,4.07,7.48,0.0,207.79,73.59,292.49,218.68,119.9,0.0,0.0,0.0,0.0,0.0,0.0,0.0,0.0
92.6135,0.0,5.61,0.0,199.32,71.5,294.69,220.99,124.52,0.0,0.0,0.0,0.0,0.0,0.0,0.0,0.0
92.6235,0.0,3.74,0.0,190.85,69.3,296.89,223.41,129.03,0.0,0.0,0.0,0.0,0.0,0.0,0.0,0.0
92.6335,0.0,3.74,0.0,184.47,65.01,299.09,227.92,133.65,22.88,0.0,0.0,0.0,0.0,0.0,0.0,0.0
92.6435,0.0,0.0,0.0,176.0,62.92,301.29,227.92,138.27,18.26,0.0,0.0,0.0,0.0,0.0,0.0,0.0
92.6535,0.0,0.0,0.0,167.53,58.63,301.29,230.23,142.78,22.88,0.0,0.0,0.0,0.0,0.0,0.0,0.0
92.6635,0.0,0.0,0.0,159.17,54.23,303.49,232.54,147.4,29.7,0.0,0.0,0.0,0.0,0.0,0.0,0.0
92.6735,0.0,0.0,0.0,150.92,49.94,305.8,232.54,149.71,41.14,0.0,0.0,0.0,0.0,0.0,0.0,0.0
92.6835,0.0,0.0,0.0,140.58,43.34,308.0,232.54,154.33,50.27,0.0,0.0,0.0,0.0,0.0,0.0,0.0
92.6935,0.0,0.0,0.0,130.24,39.05,310.2,230.23,156.53,64.35,0.0,0.0,0.0,0.0,0.0,0.0,0.0
92.7035,0.0,0.0,0.0,117.81,30.36,312.4,230.23,161.15,121.22,0.0,0.0,0.0,0.0,0.0,0.0,0.0
92.7135,0.0,0.0,0.0,103.07,23.87,312.4,225.61,163.46,166.76,8.36,41.8,0.0,0.0,0.0,0.0,0.0
92.7235,0.0,0.0,0.0,88.33,15.18,310.2,220.99,168.08,88.22,60.72,100.76,7.48,21.12,4.95,42.35,8.36
92.7335,0.0,0.0,0.0,67.1,10.78,303.49,214.06,172.7,66.66,103.18,132.22,17.6,14.74,30.14,48.4,13.86
92.7435,0.0,0.0,0.0,41.8,8.58,292.49,202.4,179.85,54.89,113.85,143.66,20.13,23.21,42.79,75.68,19.47
92.7535,0.0,0.0,0.0,18.81,8.58,265.43,176.77,189.31,38.83,111.65,145.97,22.66,27.5,62.7,97.24,22.33
92.7635,0.0,0.0,0.0,12.54,8.58,212.41,140.25,201.19,27.39,118.14,141.35,30.14,31.79,81.84,120.89,30.69
92.7735,0.0,0.0,0.0,10.45,8.58,130.57,94.05,215.49,20.57,118.14,141.35,32.67,35.97,96.25,146.52,39.05
92.7835,0.0,0.0,0.0,8.36,8.58,71.5,51.81,224.95,18.26,122.54,141.35,37.73,40.26,108.24,167.53,47.41
92.7935,0.0,0.0,0.0,8.36,6.49,31.79,22.55,184.58,15.95,126.83,143.66,42.79,44.44,120.56,184.58,58.63
92.8035,0.0,0.0,0.0,6.27,6.49,16.94,18.04,102.08,15.95,129.03,145.97,45.32,46.53,128.15,196.79,70.18
92.8135,0.0,0.0,0.0,6.27,4.29,14.74,13.53,60.72,15.95,131.23,143.66,47.85,50.82,138.27,209.0,81.84
92.8235,0.0,0.0,0.0,4.18,0.0,10.56,9.02,40.59,13.64,133.32,139.15,52.91,50.82,145.75,218.68,93.5
92.8335,0.0,0.0,0.0,4.18,0.0,6.27,6.71,36.08,13.64,137.72,134.53,57.97,55.11,153.34,225.94,102.19
92.8435,0.0,0.0,0.0,0.0,0.0,4.18,4.51,20.24,13.64,137.72,127.6,60.39,57.53,160.93,235.51,110.99
92.8535,0.0,0.0,0.0,0.0,0.0,0.0,0.0,0.0,13.64,137.72,120.67,62.92,60.06,168.52,242.77,121.11
92.8635,0.0,0.0,0.0,0.0,0.0,0.0,0.0,0.0,11.44,135.52,111.65,67.98,62.59,173.36,247.61,126.17
92.8735,0.0,0.0,0.0,0.0,0.0,0.0,0.0,0.0,11.44,135.52,105.05,70.4,62.59,180.4,254.76,133.76
92.8835,0.0,0.0,0.0,0.0,0.0,0.0,0.0,0.0,11.44,131.23,96.36,72.93,65.12,185.13,259.6,138.82
92.8935,0.0,0.0,0.0,0.0,0.0,0.0,0.0,0.0,11.44,126.83,89.87,77.99,67.65,189.86,266.75,143.88
92.9035,0.0,0.0,0.0,0.0,0.0,0.0,0.0,0.0,11.44,120.34,81.18,80.41,70.18,194.59,271.59,148.94
92.9135,0.0,0.0,0.0,0.0,0.0,0.0,0.0,0.0,11.44,111.65,72.49,82.94,70.18,199.32,276.43,154.0
92.9235,0.0,0.0,0.0,0.0,0.0,0.0,0.0,0.0,11.44,105.27,63.8,85.47,72.71,203.94,278.63,159.06
92.9335,0.0,0.0,0.0,0.0,0.0,0.0,0.0,0.0,9.13,98.89,55.11,88.0,72.71,206.36,283.25,161.59
92.9435,0.0,0.0,0.0,0.0,0.0,0.0,0.0,0.0,9.13,90.42,47.41,90.53,75.24,211.09,285.56,164.12
92.9535,0.0,0.0,0.0,0.0,0.0,0.0,0.0,0.0,9.13,84.04,39.82,90.53,75.24,213.4,290.18,166.76
92.9635,0.0,0.0,0.0,0.0,0.0,0.0,0.0,0.0,9.13,75.57,34.1,92.95,75.24,215.82,292.49,169.18
92.9735,0.0,0.0,0.0,0.0,0.0,0.0,0.0,0.0,9.13,67.1,30.36,95.48,75.24,218.13,297.0,171.71
92.9835,0.0,0.0,0.0,0.0,0.0,0.0,0.0,0.0,9.13,60.72,26.51,95.48,75.24,220.55,297.0,174.24
92.9935,0.0,0.0,0.0,0.0,0.0,0.0,0.0,0.0,9.13,52.25,22.77,98.01,75.24,222.97,299.31,176.77
93.0035,0.0,0.0,0.0,0.0,0.0,0.0,0.0,0.0,9.13,45.98,18.92,98.01,75.24,225.39,301.62,176.77
93.0135,0.0,0.0,0.0,0.0,0.0,0.0,0.0,0.0,9.13,37.62,17.05,98.01,75.24,227.81,303.93,179.19
93.0235,0.0,0.0,0.0,0.0,0.0,0.0,0.0,0.0,6.82,31.35,15.18,100.54,75.24,230.34,306.24,181.72
93.0335,0.0,0.0,0.0,0.0,0.0,0.0,0.0,0.0,6.82,22.99,13.2,100.54,75.24,232.76,308.55,184.25
93.0435,0.0,0.0,0.0,0.0,0.0,0.0,0.0,0.0,6.82,18.81,11.33,100.54,75.24,235.18,310.86,186.78
93.0535,0.0,0.0,0.0,0.0,0.0,0.0,0.0,0.0,4.51,12.54,9.46,100.54,72.71,235.18,315.37,189.31
93.0635,0.0,0.0,0.0,0.0,0.0,0.0,0.0,0.0,4.51,10.45,7.59,98.01,72.71,237.6,317.68,194.26
93.0735,0.0,0.0,0.0,0.0,0.0,0.0,0.0,0.0,0.0,6.27,5.61,95.48,70.18,240.13,319.99,199.32
93.0835,0.0,0.0,0.0,0.0,0.0,0.0,0.0,0.0,0.0,4.18,5.61,92.95,67.65,242.55,322.3,204.27
93.0935,0.0,0.0,0.0,0.0,0.0,0.0,0.0,0.0,0.0,0.0,3.74,88.0,65.12,244.97,324.61,209.33
93.1035,0.0,0.0,0.0,0.0,0.0,0.0,0.0,0.0,0.0,0.0,3.74,85.47,62.59,247.39,329.23,214.39
93.1135,0.0,0.0,0.0,0.0,0.0,0.0,0.0,0.0,0.0,0.0,0.0,80.41,57.53,249.92,331.54,219.34
93.1235,0.0,0.0,0.0,0.0,0.0,0.0,0.0,0.0,0.0,0.0,0.0,77.99,52.91,249.92,333.74,226.93
93.1335,0.0,0.0,0.0,0.0,0.0,0.0,0.0,0.0,0.0,0.0,0.0,72.93,48.73,252.34,333.74,231.55
93.1435,22.77,0.0,0.0,0.0,0.0,0.0,0.0,0.0,0.0,0.0,0.0,67.98,44.44,254.76,336.05,238.59
93.1535,16.5,0.0,0.0,0.0,0.0,0.0,0.0,0.0,0.0,0.0,0.0,62.92,40.26,257.18,338.25,245.63
93.1635,22.77,0.0,0.0,0.0,0.0,0.0,0.0,0.0,0.0,0.0,0.0,57.97,35.97,259.71,340.56,252.67
93.1735,28.93,0.0,0.0,0.0,0.0,0.0,0.0,0.0,0.0,0.0,0.0,50.38,29.59,262.13,342.76,259.71
93.1835,33.11,0.0,0.0,0.0,0.0,0.0,0.0,0.0,0.0,0.0,0.0,42.79,25.41,264.55,342.76,264.44
93.1935,37.18,0.0,0.0,0.0,0.0,0.0,0.0,0.0,0.0,0.0,0.0,35.2,19.03,264.55,342.76,271.48
93.2035,49.61,0.0,0.0,0.0,0.0,0.0,0.0,0.0,0.0,0.0,0.0,27.72,14.74,264.55,340.56,276.1
93.2135,101.42,0.0,0.0,0.0,0.0,0.0,0.0,0.0,0.0,0.0,0.0,17.6,10.56,264.55,333.74,280.94
93.2235,158.07,15.07,0.0,0.0,0.0,0.0,0.0,0.0,0.0,0.0,0.0,10.01,6.27,262.13,329.23,283.47
93.2335,122.32,106.15,3.85,4.18,0.0,0.0,0.0,0.0,0.0,0.0,0.0,0.0,6.27,254.76,317.68,288.53
93.2435,79.64,143.22,72.93,35.53,15.18,27.5,11.22,6.71,0.0,0.0,0.0,0.0,6.27,242.55,301.62,291.06
93.2535,81.84,165.22,124.08,41.8,25.96,46.53,27.06,13.53,0.0,0.0,0.0,0.0,6.27,218.13,278.63,293.59
93.2635,66.66,167.53,143.88,45.98,32.56,64.46,47.3,18.04,0.0,0.0,0.0,0.0,6.27,187.44,242.77,293.59
93.2735,51.7,163.02,150.48,50.16,36.85,83.27,65.67,22.55,0.0,0.0,0.0,0.0,6.27,148.28,196.79,296.12
93.2835,41.36,163.02,148.28,56.54,41.25,99.66,79.86,27.06,0.0,0.0,0.0,0.0,8.47,105.82,141.9,293.59
93.2935,35.09,171.6,141.68,62.81,45.54,116.16,94.05,29.26,0.0,0.0,0.0,0.0,8.47,69.85,85.25,283.47
93.3035,33.11,175.78,141.68,69.19,49.94,128.15,105.93,33.77,0.0,0.0,0.0,0.0,8.47,30.14,32.23,247.94
93.3135,31.02,179.85,141.68,73.48,54.23,137.72,117.59,36.08,0.0,0.0,0.0,0.0,6.27,17.6,24.2,156.53
93.3235,28.93,184.03,141.68,79.75,56.43,147.29,126.61,40.59,0.0,0.0,0.0,0.0,6.27,12.54,20.13,116.05
93.3335,26.84,190.19,139.48,86.13,60.72,156.97,133.43,42.79,0.0,0.0,0.0,0.0,4.18,10.01,16.06,105.16
93.3435,26.84,196.46,135.08,92.51,62.92,164.12,140.25,47.3,0.0,0.0,0.0,0.0,0.0,4.95,10.01,90.53
93.3535,24.75,202.62,128.48,98.89,65.01,171.16,147.07,49.61,0.0,0.0,0.0,0.0,0.0,4.95,6.05,58.63
93.3635,24.75,204.71,121.88,105.27,67.21,178.09,151.58,51.81,0.0,0.0,0.0,0.0,0.0,0.0,3.96,19.47
93.3735,24.75,206.8,115.28,111.65,69.3,184.91,156.09,54.12,0.0,0.0,0.0,0.0,0.0,0.0,0.0,5.5
93.3835,22.77,204.71,108.57,117.81,71.5,189.53,160.71,56.32,0.0,0.0,0.0,0.0,0.0,0.0,0.0,0.0
93.3935,22.77,200.64,99.66,121.99,73.59,194.15,162.91,60.72,0.0,0.0,0.0,0.0,0.0,0.0,0.0,0.0
93.4035,22.77,196.46,90.75,128.15,73.59,198.66,167.53,60.72,0.0,0.0,0.0,0.0,0.0,0.0,0.0,0.0
93.4135,22.77,190.19,81.84,132.33,75.79,203.28,169.84,62.92,0.0,0.0,0.0,0.0,0.0,0.0,0.0,0.0
93.4235,20.68,181.94,70.62,138.49,77.88,207.9,172.15,65.12,0.0,0.0,0.0,0.0,0.0,0.0,0.0,0.0
93.4335,20.68,173.69,61.71,142.67,80.08,210.21,174.46,67.32,0.0,0.0,0.0,0.0,0.0,0.0,0.0,0.0
93.4435,20.68,165.22,53.13,146.74,80.08,214.72,179.08,67.32,0.0,0.0,0.0,0.0,0.0,0.0,0.0,0.0
93.4535,18.59,154.22,47.19,150.92,82.17,217.03,181.5,69.41,0.0,0.0,0.0,0.0,0.0,0.0,0.0,0.0
93.4635,18.59,145.42,39.27,155.1,82.17,219.34,183.81,69.41,0.0,0.0,0.0,0.0,0.0,0.0,0.0,0.0
93.4735,18.59,134.42,33.44,159.17,84.37,223.96,186.12,71.61,0.0,0.0,0.0,0.0,0.0,0.0,0.0,0.0
93.4835,18.59,123.42,27.5,163.35,84.37,226.27,188.43,71.61,0.0,0.0,0.0,0.0,0.0,0.0,0.0,0.0
93.4935,16.5,112.42,23.54,165.44,84.37,228.47,190.74,73.81,0.0,0.0,0.0,0.0,0.0,0.0,0.0,0.0
93.5035,16.5,102.19,19.58,169.62,84.37,233.09,193.05,76.01,0.0,0.0,0.0,0.0,0.0,0.0,0.0,0.0
93.5135,16.5,92.29,15.73,171.71,86.57,235.4,195.47,78.21,0.0,0.0,0.0,0.0,0.0,0.0,0.0,0.0
93.5235,14.41,82.28,13.75,173.8,86.57,237.71,200.09,78.21,0.0,0.0,0.0,0.0,0.0,0.0,0.0,0.0
93.5335,14.41,72.38,11.77,176.0,86.57,242.33,202.4,80.3,0.0,0.0,0.0,0.0,0.0,0.0,0.0,0.0
93.5435,14.41,64.46,9.79,178.09,86.57,244.64,204.71,82.5,0.0,0.0,0.0,0.0,0.0,0.0,0.0,0.0
93.5535,14.41,56.54,9.79,182.38,86.57,246.95,207.02,82.5,0.0,0.0,0.0,0.0,0.0,0.0,0.0,0.0
93.5635,12.32,48.95,7.81,184.47,86.57,251.57,209.44,84.7,0.0,0.0,0.0,0.0,0.0,0.0,0.0,0.0
93.5734,12.32,41.36,7.81,186.56,86.57,253.88,211.75,86.9,0.0,0.0,0.0,0.0,0.0,0.0,0.0,0.0
93.5834,12.32,33.88,5.83,188.65,86.57,258.5,214.06,89.1,0.0,0.0,0.0,0.0,0.0,0.0,0.0,0.0
93.5934,10.34,28.16,5.83,190.85,86.57,260.81,216.37,91.19,0.0,0.0,0.0,0.0,0.0,0.0,0.0,0.0
93.6034,10.34,22.55,5.83,192.94,86.57,265.43,218.68,91.19,0.0,0.0,0.0,0.0,0.0,0.0,0.0,0.0
93.6134,8.25,16.94,5.83,192.94,86.57,270.05,223.41,93.39,0.0,0.0,0.0,0.0,0.0,0.0,0.0,0.0
93.6234,8.25,13.09,3.85,190.85,84.37,272.36,225.61,97.79,0.0,0.0,0.0,0.0,0.0,0.0,0.0,0.0
93.6334,6.16,11.22,3.85,186.56,84.37,276.98,227.92,102.08,0.0,0.0,0.0,0.0,0.0,0.0,0.0,0.0
93.6434,4.07,9.35,0.0,182.38,80.08,279.29,232.54,106.48,0.0,0.0,0.0,0.0,0.0,0.0,0.0,0.0
93.6534,4.07,7.48,0.0,176.0,77.88,283.69,234.85,108.68,0.0,0.0,0.0,0.0,0.0,0.0,0.0,0.0
93.6634,0.0,5.61,0.0,169.62,75.79,285.89,237.16,113.08,22.88,0.0,0.0,0.0,0.0,0.0,0.0,0.0
93.6734,0.0,5.61,0.0,163.35,71.5,288.09,239.47,117.59,25.08,0.0,0.0,0.0,0.0,0.0,0.0,0.0
93.6834,0.0,3.74,0.0,155.1,67.21,290.29,239.47,122.21,29.7,0.0,0.0,0.0,0.0,0.0,0.0,0.0
93.6934,0.0,0.0,0.0,148.83,62.92,292.49,241.78,126.83,36.52,0.0,0.0,0.0,0.0,0.0,0.0,0.0
93.7034,0.0,0.0,0.0,140.58,58.63,294.69,241.78,131.34,45.76,0.0,0.0,0.0,0.0,0.0,0.0,0.0
93.7134,0.0,0.0,0.0,132.33,52.03,296.89,241.78,135.96,57.2,0.0,0.0,0.0,0.0,0.0,0.0,0.0
93.7234,0.0,0.0,0.0,121.99,47.74,299.09,241.78,140.58,88.22,0.0,3.74,0.0,0.0,0.0,0.0,0.0
93.7334,0.0,0.0,0.0,113.63,41.25,301.29,241.78,145.09,137.17,0.0,28.49,0.0,0.0,0.0,0.0,0.0
93.7434,0.0,0.0,0.0,100.98,34.65,301.29,239.47,147.4,90.53,22.99,76.78,0.0,4.18,0.0,6.05,0.0
93.7534,0.0,0.0,0.0,86.13,25.96,301.29,237.16,152.02,54.89,56.43,98.56,7.48,16.94,12.54,36.3,8.36
93.7634,0.0,0.0,0.0,71.28,17.27,299.09,232.54,154.33,43.45,79.86,102.96,15.07,21.12,30.14,56.54,11.11
93.7734,0.0,0.0,0.0,52.25,10.78,292.49,225.61,161.15,32.01,73.48,113.85,15.07,25.41,42.79,80.41,16.72
93.7834,0.0,0.0,0.0,31.35,8.58,279.29,214.06,165.77,22.88,71.28,113.85,20.13,29.59,60.28,99.66,25.08
93.7934,0.0,0.0,0.0,14.63,8.58,253.88,193.05,175.12,20.57,71.28,116.05,22.66,33.88,74.69,123.2,30.69
93.8034,0.0,0.0,0.0,10.45,6.49,212.41,160.71,189.31,18.26,69.19,120.67,25.19,38.06,84.26,141.9,36.19
93.8134,0.0,0.0,0.0,8.36,8.58,152.13,119.79,201.19,15.95,71.28,122.98,27.72,42.35,93.83,160.49,47.41
93.8234,0.0,0.0,0.0,8.36,8.58,92.62,75.13,213.07,15.95,73.48,127.6,30.14,44.44,103.4,177.21,58.63
93.8334,0.0,0.0,0.0,6.27,8.58,50.82,33.77,208.34,13.64,75.57,132.22,32.67,48.73,110.66,189.42,70.18
93.8434,0.0,0.0,0.0,6.27,6.49,21.12,20.24,142.78,13.64,77.66,134.53,35.2,50.82,118.03,201.63,81.84
93.8534,0.0,0.0,0.0,4.18,4.29,14.74,15.73,80.3,13.64,79.86,134.53,37.73,52.91,123.09,211.42,96.36
93.8634,0.0,0.0,0.0,4.18,4.29,10.56,11.22,51.81,13.64,84.04,136.84,40.26,55.11,130.68,221.21,105.16
93.8734,0.0,0.0,0.0,0.0,0.0,8.47,9.02,38.28,13.64,86.13,134.53,42.79,57.53,138.27,230.78,116.05
93.8834,0.0,0.0,0.0,0.0,0.0,4.18,4.51,33.77,13.64,90.42,132.22,47.85,62.59,145.75,237.93,123.64
93.8934,0.0,0.0,0.0,0.0,0.0,0.0,0.0,18.04,13.64,92.51,129.91,50.38,65.12,150.81,247.61,131.23
93.9034,0.0,0.0,0.0,0.0,0.0,0.0,0.0,0.0,11.44,92.51,127.6,52.91,67.65,155.87,254.76,138.82
93.9134,0.0,0.0,0.0,0.0,0.0,0.0,0.0,0.0,11.44,92.51,125.29,55.44,70.18,160.93,262.02,146.41
93.9234,0.0,0.0,0.0,0.0,0.0,0.0,0.0,0.0,11.44,92.51,122.98,57.97,70.18,168.52,266.75,151.47
93.9334,0.0,0.0,0.0,0.0,0.0,0.0,0.0,0.0,11.44,90.42,118.36,60.39,75.24,171.05,274.01,159.06
93.9434,0.0,0.0,0.0,0.0,0.0,0.0,0.0,0.0,11.44,88.33,116.05,62.92,75.24,175.67,278.63,164.12
93.9534,0.0,0.0,0.0,0.0,0.0,0.0,0.0,0.0,11.44,84.04,109.45,62.92,77.77,180.4,283.25,166.76
93.9634,0.0,0.0,0.0,0.0,0.0,0.0,0.0,0.0,11.44,81.95,102.96,67.98,77.77,182.82,287.87,171.71
93.9734,0.0,0.0,0.0,0.0,0.0,0.0,0.0,0.0,11.44,77.66,96.36,67.98,80.3,187.44,290.18,174.24
93.9834,0.0,0.0,0.0,0.0,0.0,0.0,0.0,0.0,11.44,73.48,89.87,70.4,80.3,192.17,292.49,176.77
93.9934,0.0,0.0,0.0,0.0,0.0,0.0,0.0,0.0,11.44,69.19,81.18,72.93,82.83,194.59,297.0,179.19
94.0034,0.0,0.0,0.0,0.0,0.0,0.0,0.0,0.0,11.44,64.9,74.69,75.46,82.83,196.9,299.31,181.72
94.0134,0.0,0.0,0.0,0.0,0.0,0.0,0.0,0.0,11.44,60.72,68.09,75.46,82.83,199.32,301.62,184.25
94.0234,0.0,0.0,0.0,0.0,0.0,0.0,0.0,0.0,9.13,56.43,61.6,77.99,82.83,201.63,301.62,186.78
94.0334,0.0,0.0,0.0,0.0,0.0,0.0,0.0,0.0,9.13,52.25,53.13,77.99,85.25,203.94,303.93,186.78
94.0434,0.0,0.0,0.0,0.0,0.0,0.0,0.0,0.0,9.13,48.07,47.41,80.41,85.25,206.36,306.24,189.31
94.0534,0.0,0.0,0.0,0.0,0.0,0.0,0.0,0.0,9.13,43.89,41.8,80.41,85.25,206.36,308.55,189.31
94.0634,0.0,0.0,0.0,0.0,0.0,0.0,0.0,0.0,9.13,37.62,37.95,82.94,85.25,211.09,310.86,191.73
94.0734,0.0,0.0,0.0,0.0,0.0,0.0,0.0,0.0,9.13,33.44,32.23,82.94,85.25,213.4,310.86,194.26
94.0834,0.0,0.0,0.0,0.0,0.0,0.0,0.0,0.0,9.13,29.26,28.49,85.47,85.25,213.4,315.37,196.79
94.0934,0.0,0.0,0.0,0.0,0.0,0.0,0.0,0.0,9.13,25.08,24.64,85.47,82.83,215.82,315.37,196.79
94.1034,0.0,0.0,0.0,0.0,0.0,0.0,0.0,0.0,9.13,20.9,20.9,85.47,85.25,218.13,319.99,199.32
94.1134,0.0,0.0,0.0,0.0,0.0,0.0,0.0,0.0,6.82,16.72,18.92,88.0,85.25,222.97,322.3,201.85
94.1234,0.0,0.0,0.0,0.0,0.0,0.0,0.0,0.0,6.82,12.54,15.18,88.0,85.25,225.39,324.61,204.27
94.1334,0.0,0.0,0.0,0.0,0.0,0.0,0.0,0.0,4.51,8.36,11.33,88.0,82.83,227.81,326.92,206.8
94.1434,0.0,0.0,0.0,0.0,0.0,0.0,0.0,0.0,4.51,6.27,9.46,88.0,80.3,230.34,329.23,211.86
94.1534,0.0,0.0,0.0,0.0,0.0,0.0,0.0,0.0,0.0,4.18,7.59,85.47,80.3,235.18,331.54,216.81
94.1634,0.0,0.0,0.0,0.0,0.0,0.0,0.0,0.0,0.0,0.0,5.61,82.94,75.24,237.6,333.74,221.87
94.1734,0.0,0.0,0.0,0.0,0.0,0.0,0.0,0.0,0.0,0.0,3.74,80.41,72.71,240.13,336.05,226.93
94.1834,0.0,0.0,0.0,0.0,0.0,0.0,0.0,0.0,0.0,0.0,3.74,77.99,70.18,244.97,338.25,231.55
94.1934,0.0,0.0,0.0,0.0,0.0,0.0,0.0,0.0,0.0,0.0,3.74,75.46,65.12,247.39,340.56,238.59
94.2034,10.34,0.0,0.0,0.0,0.0,0.0,0.0,0.0,0.0,0.0,0.0,70.4,60.06,249.92,342.76,243.32
94.2134,14.41,0.0,0.0,0.0,0.0,0.0,0.0,0.0,0.0,0.0,0.0,67.98,55.11,252.34,345.07,247.94
94.2234,20.68,0.0,0.0,0.0,0.0,0.0,0.0,0.0,0.0,0.0,0.0,62.92,50.82,254.76,347.27,254.98
94.2334,24.75,0.0,0.0,0.0,0.0,0.0,0.0,0.0,0.0,0.0,0.0,57.97,44.44,257.18,349.58,259.71
94.2434,31.02,0.0,0.0,0.0,0.0,0.0,0.0,0.0,0.0,0.0,0.0,50.38,40.26,257.18,349.58,266.75
94.2534,37.18,0.0,0.0,0.0,0.0,0.0,0.0,0.0,0.0,0.0,0.0,45.32,33.88,259.71,351.89,271.48
94.2634,43.45,0.0,0.0,0.0,0.0,0.0,0.0,0.0,0.0,0.0,0.0,37.73,29.59,262.13,351.89,278.52
94.2734,75.35,0.0,0.0,0.0,0.0,0.0,0.0,0.0,0.0,0.0,0.0,30.14,23.21,264.55,349.58,283.47
94.2834,97.13,0.0,0.0,0.0,0.0,0.0,0.0,0.0,0.0,0.0,0.0,22.66,19.03,264.55,345.07,288.53
94.2934,140.25,0.0,0.0,0.0,0.0,0.0,0.0,0.0,0.0,0.0,0.0,12.54,12.65,264.55,342.76,293.59
94.3034,174.13,28.16,0.0,0.0,0.0,0.0,0.0,0.0,0.0,0.0,0.0,4.95,8.47,257.18,333.74,298.65
94.3134,128.26,119.02,0.0,22.99,0.0,0.0,0.0,0.0,0.0,0.0,0.0,0.0,6.27,247.39,322.3,303.71
94.3234,116.38,147.62,57.31,52.25,19.47,19.03,9.02,6.71,0.0,0.0,0.0,0.0,6.27,232.76,306.24,308.77
94.3334,122.32,160.82,104.06,56.54,36.85,40.26,20.24,11.22,0.0,0.0,0.0,0.0,6.27,208.67,278.63,313.83
94.3434,110.22,165.22,124.08,58.63,43.34,57.42,38.28,15.73,0.0,0.0,0.0,0.0,6.27,178.09,237.93,316.36
94.3534,97.13,163.02,132.88,60.72,47.74,69.19,51.81,18.04,0.0,0.0,0.0,0.0,8.47,138.27,182.16,318.89
94.3634,86.24,160.82,139.48,65.01,52.03,80.85,68.09,20.24,0.0,0.0,0.0,0.0,8.47,101.09,127.93,321.42
94.3734,77.55,167.53,139.48,69.19,56.43,92.62,79.86,24.75,0.0,0.0,0.0,0.0,8.47,65.12,66.11,311.3
94.3834,70.95,177.87,139.48,75.57,58.63,102.08,89.32,24.75,0.0,0.0,0.0,0.0,8.47,22.66,30.25,247.94
94.3934,68.75,186.12,141.68,81.95,62.92,111.43,101.2,29.26,0.0,0.0,0.0,0.0,6.27,15.07,24.2,151.47
94.4034,64.46,194.37,143.88,86.13,65.01,121.0,108.24,31.57,0.0,0.0,0.0,0.0,6.27,12.54,20.13,121.11
94.4134,62.26,204.71,143.88,92.51,67.21,128.15,115.28,33.77,0.0,0.0,0.0,0.0,4.18,10.01,16.06,116.05
94.4234,62.26,215.05,143.88,96.8,69.3,135.41,122.1,36.08,0.0,0.0,0.0,0.0,0.0,4.95,12.1,90.53
94.4334,60.06,223.41,143.88,100.98,71.5,140.14,126.61,38.28,0.0,0.0,0.0,0.0,0.0,0.0,8.03,50.16
94.4434,60.06,227.59,143.88,105.27,73.59,147.29,133.43,40.59,0.0,0.0,0.0,0.0,0.0,0.0,3.96,16.72
94.4534,60.06,231.77,146.08,109.45,75.79,152.13,137.94,40.59,0.0,0.0,0.0,0.0,0.0,0.0,0.0,0.0
94.4634,57.97,231.77,146.08,113.63,77.88,154.55,142.56,42.79,0.0,0.0,0.0,0.0,0.0,0.0,0.0,5.5
94.4734,55.88,229.68,146.08,115.72,77.88,159.28,147.07,45.1,0.0,0.0,0.0,0.0,0.0,0.0,0.0,0.0
94.4834,55.88,223.41,146.08,117.81,80.08,161.7,151.58,47.3,0.0,0.0,0.0,0.0,0.0,0.0,0.0,0.0
94.4934,53.79,219.23,143.88,117.81,82.17,164.12,153.89,47.3,0.0,0.0,0.0,0.0,0.0,0.0,0.0,0.0
94.5034,51.7,210.98,143.88,119.9,84.37,166.54,158.4,49.61,0.0,0.0,0.0,0.0,0.0,0.0,0.0,0.0
94.5134,49.61,204.71,141.68,121.99,86.57,168.96,162.91,51.81,0.0,0.0,0.0,0.0,0.0,0.0,0.0,0.0
94.5234,47.52,196.46,137.28,121.99,86.57,171.16,165.22,54.12,0.0,0.0,0.0,0.0,0.0,0.0,0.0,0.0
94.5334,45.54,190.19,132.88,123.97,88.66,173.47,167.53,54.12,0.0,0.0,0.0,0.0,0.0,0.0,0.0,0.0
94.5434,43.45,181.94,128.48,126.06,88.66,173.47,169.84,56.32,0.0,0.0,0.0,0.0,0.0,0.0,0.0,0.0
94.5534,41.36,173.69,126.28,128.15,90.86,175.78,172.15,56.32,0.0,0.0,0.0,0.0,0.0,0.0,0.0,0.0
94.5634,41.36,165.22,121.88,128.15,92.95,178.09,176.77,58.63,0.0,0.0,0.0,0.0,0.0,0.0,0.0,0.0
94.5734,39.27,158.62,119.68,128.15,95.15,178.09,179.08,58.63,0.0,0.0,0.0,0.0,0.0,0.0,0.0,0.0
94.5834,37.18,152.02,117.48,130.24,95.15,178.09,181.5,60.72,0.0,0.0,0.0,0.0,0.0,0.0,0.0,0.0
94.5934,37.18,145.42,115.28,130.24,97.24,180.4,183.81,60.72,0.0,0.0,0.0,0.0,0.0,0.0,0.0,0.0
94.6034,35.09,138.82,113.08,132.33,99.44,180.4,186.12,60.72,0.0,0.0,0.0,0.0,0.0,0.0,0.0,0.0
94.6134,35.09,132.22,108.57,134.31,99.44,182.71,188.43,62.92,0.0,0.0,0.0,0.0,0.0,0.0,0.0,0.0
94.6234,33.11,125.62,104.06,136.4,101.53,184.91,190.74,62.92,0.0,0.0,0.0,0.0,0.0,0.0,0.0,0.0
94.6334,31.02,119.02,99.66,138.49,101.53,187.22,193.05,65.12,0.0,0.0,0.0,0.0,0.0,0.0,0.0,0.0
94.6434,31.02,112.42,92.95,140.58,103.73,189.53,195.47,65.12,0.0,0.0,0.0,0.0,0.0,0.0,0.0,0.0
94.6534,28.93,106.15,86.24,144.76,105.82,194.15,200.09,67.32,0.0,0.0,0.0,0.0,0.0,0.0,0.0,0.0
94.6634,26.84,102.19,79.53,148.83,108.02,196.46,204.71,69.41,0.0,0.0,0.0,0.0,0.0,0.0,0.0,0.0
94.6734,26.84,96.25,72.93,150.92,110.22,200.97,209.44,71.61,0.0,0.0,0.0,0.0,0.0,0.0,0.0,0.0
94.6834,24.75,90.31,66.22,155.1,112.31,205.59,214.06,73.81,0.0,0.0,0.0,0.0,0.0,0.0,0.0,0.0
94.6934,24.75,82.28,57.31,161.26,112.31,210.21,218.68,76.01,0.0,0.0,0.0,0.0,0.0,0.0,0.0,0.0
94.7034,22.77,76.34,47.19,165.44,114.51,217.03,223.41,78.21,0.0,0.0,0.0,0.0,0.0,0.0,0.0,0.0
94.7134,22.77,68.42,39.27,169.62,116.71,221.65,227.92,82.5,0.0,0.0,0.0,0.0,0.0,0.0,0.0,0.0
94.7234,20.68,60.5,31.46,173.8,116.71,226.27,232.54,84.7,0.0,0.0,0.0,0.0,0.0,0.0,0.0,0.0
94.7334,20.68,52.69,23.54,178.09,116.71,233.09,234.85,86.9,0.0,0.0,0.0,0.0,0.0,0.0,0.0,0.0
94.7434,18.59,43.34,17.71,182.38,116.71,237.71,237.16,89.1,0.0,0.0,0.0,0.0,0.0,0.0,0.0,0.0
94.7534,16.5,33.88,13.75,186.56,116.71,242.33,239.47,91.19,0.0,0.0,0.0,0.0,0.0,0.0,0.0,0.0
94.7634,14.41,26.29,11.77,188.65,114.51,246.95,241.78,93.39,18.26,0.0,0.0,0.0,0.0,0.0,0.0,0.0
94.7734,12.32,18.81,9.79,188.65,114.51,251.57,241.78,95.59,18.26,0.0,0.0,0.0,0.0,0.0,0.0,0.0
94.7834,10.34,13.09,7.81,186.56,112.31,253.88,243.98,97.79,27.39,0.0,0.0,0.0,0.0,0.0,0.0,0.0
94.7934,8.25,11.22,5.83,180.18,108.02,258.5,243.98,102.08,36.52,0.0,0.0,0.0,0.0,0.0,0.0,0.0
94.8034,6.16,7.48,3.85,171.71,103.73,260.81,246.29,106.48,43.45,0.0,0.0,0.0,0.0,0.0,0.0,0.0
94.8134,4.07,5.61,0.0,163.35,97.24,265.43,246.29,110.88,61.93,0.0,0.0,0.0,0.0,0.0,0.0,0.0
94.8234,0.0,3.74,0.0,153.01,90.86,267.74,248.6,117.59,109.67,0.0,0.0,0.0,0.0,0.0,0.0,0.0
94.8334,0.0,3.74,0.0,142.67,82.17,270.05,248.6,122.21,148.5,0.0,0.0,0.0,0.0,0.0,0.0,0.0
94.8434,0.0,0.0,0.0,132.33,73.59,272.36,248.6,129.03,192.39,16.72,15.18,0.0,0.0,0.0,0.0,0.0
94.8534,0.0,0.0,0.0,117.81,67.21,270.05,246.29,133.65,125.84,73.48,68.09,0.0,0.0,0.0,0.0,0.0
94.8634,0.0,0.0,0.0,103.07,58.63,267.74,248.6,138.27,78.65,122.54,94.27,10.01,12.65,7.48,20.13,5.5
94.8734,0.0,0.0,0.0,81.95,49.94,263.12,248.6,145.09,64.35,133.32,107.25,12.54,16.94,17.6,34.32,11.11
94.8834,0.0,0.0,0.0,60.72,39.05,253.88,248.6,152.02,52.58,129.03,113.85,15.07,21.12,27.72,48.4,13.86
94.8934,0.0,0.0,0.0,37.62,25.96,240.02,248.6,156.53,38.83,129.03,118.36,17.6,23.21,37.73,61.27,16.72
94.9034,0.0,0.0,0.0,16.72,15.18,219.34,241.78,163.46,32.01,133.32,118.36,20.13,25.41,47.85,70.84,19.47
94.9134,0.0,0.0,0.0,8.36,8.58,184.91,218.68,170.39,27.39,135.52,120.67,22.66,27.5,57.97,80.41,22.33
94.9234,0.0,0.0,0.0,6.27,8.58,135.41,176.77,179.85,25.08,139.92,125.29,22.66,29.59,65.12,89.98,25.08
94.9334,0.0,0.0,0.0,4.18,8.58,85.58,126.61,189.31,22.88,148.61,127.6,25.19,31.79,72.27,99.66,27.83
94.9434,0.0,0.0,0.0,4.18,8.58,50.82,75.13,198.88,20.57,155.1,129.91,27.72,33.88,77.11,106.81,30.69
94.9534,0.0,0.0,0.0,4.18,6.49,25.41,31.57,191.73,20.57,163.79,134.53,30.14,35.97,84.26,116.27,33.44
94.9634,0.0,0.0,0.0,4.18,6.49,12.65,18.04,124.52,20.57,172.37,136.84,32.67,35.97,91.41,123.2,36.19
94.9734,0.0,0.0,0.0,0.0,6.49,10.56,13.53,67.32,18.26,180.73,139.15,35.2,38.06,98.67,130.24,39.05
94.9834,0.0,0.0,0.0,0.0,4.29,8.47,11.22,40.59,18.26,189.09,139.15,37.73,40.26,105.82,137.17,44.66
94.9934,0.0,0.0,0.0,0.0,0.0,6.27,6.71,29.26,18.26,195.36,141.35,40.26,40.26,110.66,141.9,47.41
95.0033,0.0,0.0,0.0,0.0,0.0,0.0,4.51,27.06,18.26,201.63,143.66,42.79,42.35,118.03,148.83,53.02
95.0133,0.0,0.0,0.0,0.0,0.0,0.0,0.0,15.73,15.95,207.9,145.97,45.32,44.44,123.09,155.87,53.02
95.0233,0.0,0.0,0.0,0.0,0.0,0.0,0.0,0.0,15.95,209.99,148.28,47.85,46.53,128.15,162.8,58.63
95.0333,0.0,0.0,0.0,0.0,0.0,0.0,0.0,0.0,15.95,209.99,148.28,50.38,46.53,135.74,169.95,64.35
95.0433,0.0,0.0,0.0,0.0,0.0,0.0,0.0,0.0,15.95,209.99,150.59,52.91,48.73,140.8,177.21,70.18
95.0533,0.0,0.0,0.0,0.0,0.0,0.0,0.0,0.0,15.95,209.99,148.28,55.44,50.82,145.75,182.16,76.01
95.0633,0.0,0.0,0.0,0.0,0.0,0.0,0.0,0.0,15.95,207.9,145.97,57.97,50.82,150.81,187.0,81.84
95.0733,0.0,0.0,0.0,0.0,0.0,0.0,0.0,0.0,15.95,203.72,143.66,60.39,52.91,155.87,191.84,87.67
95.0833,0.0,0.0,0.0,0.0,0.0,0.0,0.0,0.0,13.64,201.63,141.35,62.92,55.11,158.4,194.37,90.53
95.0933,0.0,0.0,0.0,0.0,0.0,0.0,0.0,0.0,13.64,199.54,139.15,65.45,55.11,163.46,196.79,96.36
95.1033,0.0,0.0,0.0,0.0,0.0,0.0,0.0,0.0,13.64,197.45,132.22,67.98,55.11,168.52,199.21,99.33
95.1133,0.0,0.0,0.0,0.0,0.0,0.0,0.0,0.0,13.64,193.27,127.6,70.4,57.53,171.05,201.63,102.19
95.1233,0.0,0.0,0.0,0.0,0.0,0.0,0.0,0.0,13.64,191.18,122.98,72.93,57.53,173.36,204.05,102.19
95.1333,0.0,0.0,0.0,0.0,0.0,0.0,0.0,0.0,13.64,187.0,116.05,75.46,60.06,178.09,204.05,105.16
95.1433,0.0,0.0,0.0,0.0,0.0,0.0,0.0,0.0,13.64,184.91,111.65,77.99,60.06,180.4,204.05,105.16
95.1533,0.0,0.0,0.0,0.0,0.0,0.0,0.0,0.0,13.64,180.73,105.05,80.41,60.06,182.82,204.05,108.02
95.1633,0.0,0.0,0.0,0.0,0.0,0.0,0.0,0.0,11.44,176.55,98.56,82.94,60.06,185.13,206.47,110.99
95.1733,0.0,0.0,0.0,0.0,0.0,0.0,0.0,0.0,11.44,172.37,92.07,82.94,60.06,189.86,206.47,110.99
95.1833,0.0,0.0,0.0,0.0,0.0,0.0,0.0,0.0,11.44,168.19,85.47,85.47,62.59,192.17,209.0,110.99
95.1933,0.0,0.0,0.0,0.0,0.0,0.0,0.0,0.0,11.44,163.79,81.18,88.0,62.59,194.59,209.0,113.52
95.2033,0.0,0.0,0.0,0.0,0.0,0.0,0.0,0.0,11.44,157.3,74.69,90.53,65.12,196.9,211.42,116.05
95.2133,0.0,0.0,0.0,0.0,0.0,0.0,0.0,0.0,11.44,152.9,70.29,92.95,65.12,199.32,213.84,118.58
95.2233,0.0,0.0,0.0,0.0,0.0,0.0,0.0,0.0,11.44,146.41,68.09,92.95,67.65,201.63,216.26,121.11
95.2333,0.0,0.0,0.0,0.0,0.0,0.0,0.0,0.0,11.44,142.01,63.8,95.48,67.65,203.94,221.21,121.11
95.2433,0.0,0.0,0.0,0.0,0.0,0.0,0.0,0.0,11.44,137.72,59.4,98.01,70.18,206.36,223.52,126.17
95.2533,0.0,0.0,0.0,0.0,0.0,0.0,0.0,0.0,11.44,133.32,57.2,98.01,70.18,206.36,225.94,128.7
95.2633,0.0,0.0,0.0,0.0,0.0,0.0,0.0,0.0,11.44,131.23,55.11,100.54,70.18,211.09,230.78,131.23
95.2733,0.0,0.0,0.0,0.0,0.0,0.0,0.0,0.0,11.44,126.83,51.26,102.96,72.71,213.4,233.2,133.76
95.2833,0.0,0.0,0.0,0.0,0.0,0.0,0.0,0.0,9.13,124.63,47.41,105.49,75.24,218.13,237.93,138.82
95.2933,0.0,0.0,0.0,0.0,0.0,0.0,0.0,0.0,9.13,118.14,43.67,108.02,75.24,220.55,240.35,141.35
95.3033,0.0,0.0,0.0,0.0,0.0,0.0,0.0,0.0,11.44,113.85,39.82,110.55,75.24,225.39,245.19,143.88
95.3133,0.0,0.0,0.0,0.0,0.0,0.0,0.0,0.0,11.44,107.47,36.08,113.08,77.77,227.81,249.92,148.94
95.3233,0.0,0.0,0.0,0.0,0.0,0.0,0.0,0.0,9.13,101.09,32.23,115.5,77.77,232.76,254.76,154.0
95.3333,0.0,0.0,0.0,0.0,0.0,0.0,0.0,0.0,9.13,94.71,28.49,118.03,80.3,235.18,257.18,159.06
95.3433,0.0,0.0,0.0,0.0,0.0,0.0,0.0,0.0,9.13,86.13,24.64,120.45,80.3,240.13,262.02,161.59
95.3533,0.0,0.0,0.0,0.0,0.0,0.0,0.0,0.0,9.13,75.57,20.9,122.98,77.77,242.55,264.33,166.76
95.3633,0.0,0.0,0.0,0.0,0.0,0.0,0.0,0.0,9.13,62.81,17.05,125.51,77.77,247.39,269.17,169.18
95.3733,0.0,0.0,0.0,0.0,0.0,0.0,0.0,0.0,6.82,50.16,15.18,130.46,77.77,252.34,271.59,174.24
95.3833,0.0,0.0,0.0,0.0,0.0,0.0,0.0,0.0,6.82,39.71,13.2,132.88,75.24,257.18,271.59,176.77
95.3933,0.0,0.0,0.0,0.0,0.0,0.0,0.0,0.0,6.82,29.26,11.33,135.41,75.24,262.13,274.01,181.72
95.4033,0.0,0.0,0.0,0.0,0.0,0.0,0.0,0.0,4.51,20.9,9.46,135.41,75.24,266.97,276.43,186.78
95.4133,0.0,0.0,0.0,0.0,0.0,0.0,0.0,0.0,0.0,14.63,7.59,132.88,70.18,271.92,276.43,191.73
95.4233,0.0,0.0,0.0,0.0,0.0,0.0,0.0,0.0,0.0,8.36,5.61,132.88,65.12,276.76,278.63,196.79
95.4333,14.41,0.0,0.0,0.0,0.0,0.0,0.0,0.0,0.0,6.27,3.74,125.51,62.59,281.71,280.94,206.8
95.4433,26.84,0.0,0.0,0.0,0.0,0.0,0.0,0.0,0.0,4.18,3.74,120.45,55.11,286.55,283.25,211.86
95.4533,60.06,3.74,0.0,0.0,0.0,0.0,0.0,0.0,0.0,0.0,0.0,115.5,48.73,291.5,285.56,221.87
95.4633,110.22,18.81,0.0,0.0,0.0,0.0,0.0,0.0,0.0,0.0,0.0,108.02,42.35,293.92,287.87,229.24
95.4733,108.02,92.29,0.0,0.0,0.0,0.0,0.0,0.0,0.0,0.0,0.0,100.54,35.97,298.87,287.87,236.28
95.4833,66.66,152.02,0.0,0.0,0.0,0.0,0.0,0.0,0.0,0.0,0.0,90.53,29.59,301.29,285.56,243.32
95.4933,51.7,173.69,0.0,14.63,0.0,0.0,0.0,0.0,0.0,0.0,0.0,77.99,21.12,303.71,283.25,247.94
95.5033,75.35,179.85,0.0,29.26,0.0,0.0,0.0,0.0,0.0,0.0,0.0,62.92,16.94,303.71,278.63,254.98
95.5133,118.36,154.22,43.23,43.89,10.78,19.03,6.71,4.51,0.0,0.0,0.0,45.32,10.56,301.29,269.17,257.4
95.5233,114.4,143.22,99.66,39.71,23.87,33.88,15.73,9.02,0.0,0.0,0.0,27.72,6.27,296.34,252.34,259.71
95.5333,103.62,156.42,115.28,43.89,30.36,44.44,29.26,11.22,0.0,0.0,0.0,10.01,6.27,284.13,225.94,262.02
95.5433,94.93,156.42,126.28,43.89,36.85,50.82,42.79,13.53,0.0,0.0,0.0,4.95,6.27,254.76,187.0,264.44
95.5533,88.44,154.22,137.28,43.89,39.05,55.11,51.81,15.73,0.0,0.0,0.0,4.95,8.47,206.36,141.9,264.44
95.5633,84.04,160.82,143.88,43.89,41.25,62.15,60.94,18.04,0.0,0.0,0.0,4.95,8.47,148.28,97.24,262.02
95.5733,84.04,169.51,150.48,45.98,45.54,66.77,70.4,18.04,0.0,0.0,0.0,4.95,8.47,96.25,52.47,250.36
95.5833,84.04,179.85,159.28,45.98,47.74,71.5,75.13,20.24,0.0,0.0,0.0,4.95,8.47,57.97,30.25,209.33
95.5933,86.24,190.19,168.19,48.07,49.94,76.23,82.28,20.24,0.0,0.0,0.0,0.0,8.47,22.66,24.2,151.47
95.6033,86.24,204.71,170.5,50.16,49.94,83.27,89.32,22.55,0.0,0.0,0.0,0.0,6.27,15.07,20.13,116.05
95.6133,86.24,221.32,172.81,52.25,52.03,88.0,94.05,24.75,0.0,0.0,0.0,0.0,6.27,12.54,16.06,102.19
95.6233,86.24,233.86,175.23,54.34,54.23,92.62,101.2,24.75,0.0,0.0,0.0,0.0,4.18,10.01,12.1,93.5
95.6333,86.24,244.31,177.54,56.54,56.43,95.04,105.93,27.06,0.0,0.0,0.0,0.0,0.0,4.95,8.03,73.15
95.6433,88.44,250.58,182.27,58.63,58.63,99.66,110.66,27.06,0.0,0.0,0.0,0.0,0.0,0.0,3.96,50.16
95.6533,88.44,254.76,187.0,58.63,60.72,102.08,115.28,29.26,0.0,0.0,0.0,0.0,0.0,0.0,0.0,16.72
95.6633,88.44,254.76,191.73,58.63,60.72,102.08,119.79,29.26,0.0,0.0,0.0,0.0,0.0,0.0,0.0,0.0
95.6733,88.44,254.76,194.15,58.63,62.92,104.39,124.41,29.26,0.0,0.0,0.0,0.0,0.0,0.0,0.0,0.0
95.6833,88.44,252.67,198.77,58.63,65.01,104.39,128.92,29.26,0.0,0.0,0.0,0.0,0.0,0.0,0.0,0.0
95.6933,88.44,248.49,201.19,58.63,67.21,106.7,133.43,31.57,0.0,0.0,0.0,0.0,0.0,0.0,0.0,0.0
95.7033,88.44,248.49,201.19,58.63,67.21,106.7,135.74,31.57,0.0,0.0,0.0,0.0,0.0,0.0,0.0,0.0
95.7133,86.24,246.4,198.77,58.63,69.3,109.12,137.94,33.77,0.0,0.0,0.0,0.0,0.0,0.0,0.0,0.0
95.7233,84.04,242.22,196.46,58.63,69.3,111.43,142.56,33.77,0.0,0.0,0.0,0.0,0.0,0.0,0.0,0.0
95.7333,81.84,238.04,194.15,60.72,71.5,111.43,144.76,33.77,0.0,0.0,0.0,0.0,0.0,0.0,0.0,0.0
95.7433,79.64,233.86,194.15,60.72,73.59,113.85,147.07,33.77,0.0,0.0,0.0,0.0,0.0,0.0,0.0,0.0
95.7533,79.64,227.59,191.73,58.63,73.59,113.85,149.38,36.08,0.0,0.0,0.0,0.0,0.0,0.0,0.0,0.0
95.7633,77.55,223.41,194.15,58.63,73.59,113.85,151.58,36.08,0.0,0.0,0.0,0.0,0.0,0.0,0.0,0.0
95.7733,77.55,219.23,194.15,58.63,75.79,116.16,153.89,36.08,0.0,0.0,0.0,0.0,0.0,0.0,0.0,0.0
95.7833,75.35,212.96,191.73,58.63,75.79,116.16,156.09,38.28,0.0,0.0,0.0,0.0,0.0,0.0,0.0,0.0
95.7933,73.15,208.89,191.73,58.63,75.79,116.16,160.71,38.28,0.0,0.0,0.0,0.0,0.0,0.0,0.0,0.0
95.8033,73.15,204.71,191.73,58.63,77.88,118.58,162.91,38.28,0.0,0.0,0.0,0.0,0.0,0.0,0.0,0.0
95.8133,70.95,198.55,191.73,60.72,77.88,118.58,165.22,38.28,0.0,0.0,0.0,0.0,0.0,0.0,0.0,0.0
95.8233,70.95,194.37,194.15,60.72,80.08,121.0,167.53,40.59,0.0,0.0,0.0,0.0,0.0,0.0,0.0,0.0
95.8333,68.75,192.28,194.15,60.72,80.08,121.0,169.84,40.59,0.0,0.0,0.0,0.0,0.0,0.0,0.0,0.0
95.8433,68.75,188.21,194.15,60.72,80.08,123.42,169.84,42.79,0.0,0.0,0.0,0.0,0.0,0.0,0.0,0.0
95.8533,66.66,186.12,194.15,60.72,82.17,123.42,172.15,42.79,0.0,0.0,0.0,0.0,0.0,0.0,0.0,0.0
95.8633,66.66,181.94,194.15,62.81,82.17,125.73,174.46,42.79,0.0,0.0,0.0,0.0,0.0,0.0,0.0,0.0
95.8733,64.46,179.85,194.15,62.81,82.17,128.15,176.77,45.1,0.0,0.0,0.0,0.0,0.0,0.0,0.0,0.0
95.8833,62.26,175.78,191.73,65.01,84.37,128.15,176.77,45.1,0.0,0.0,0.0,0.0,0.0,0.0,0.0,0.0
95.8933,62.26,171.6,191.73,65.01,84.37,130.57,179.08,45.1,0.0,0.0,0.0,0.0,0.0,0.0,0.0,0.0
95.9033,60.06,169.51,191.73,67.1,84.37,132.99,181.5,47.3,0.0,0.0,0.0,0.0,0.0,0.0,0.0,0.0
95.9133,57.97,165.22,189.42,69.19,86.57,135.41,183.81,49.61,0.0,0.0,0.0,0.0,0.0,0.0,0.0,0.0
95.9233,55.88,160.82,189.42,69.19,86.57,137.72,186.12,49.61,0.0,0.0,0.0,0.0,0.0,0.0,0.0,0.0
95.9333,53.79,156.42,187.0,71.28,88.66,142.56,188.43,51.81,0.0,0.0,0.0,0.0,0.0,0.0,0.0,0.0
95.9433,51.7,149.82,184.69,73.48,88.66,144.98,190.74,54.12,0.0,0.0,0.0,0.0,0.0,0.0,0.0,0.0
95.9533,49.61,143.22,182.27,75.57,90.86,149.71,195.47,54.12,0.0,0.0,0.0,0.0,0.0,0.0,0.0,0.0
95.9633,45.54,136.62,179.96,77.66,92.95,152.13,200.09,58.63,0.0,0.0,0.0,0.0,0.0,0.0,0.0,0.0
95.9733,43.45,127.82,177.54,81.95,92.95,156.97,202.4,60.72,0.0,0.0,0.0,0.0,0.0,0.0,0.0,0.0
95.9833,39.27,119.02,175.23,84.04,95.15,159.28,207.02,62.92,0.0,0.0,0.0,0.0,0.0,0.0,0.0,0.0
95.9933,37.18,110.22,170.5,86.13,97.24,164.12,211.75,65.12,0.0,0.0,0.0,0.0,0.0,0.0,0.0,0.0
96.0033,35.09,102.19,165.88,88.33,99.44,168.96,214.06,67.32,0.0,0.0,0.0,0.0,0.0,0.0,0.0,0.0
96.0133,33.11,94.27,159.28,92.51,99.44,171.16,218.68,69.41,11.44,0.0,0.0,0.0,0.0,0.0,0.0,0.0
96.0233,31.02,84.37,152.68,94.6,101.53,173.47,220.99,73.81,25.08,0.0,0.0,0.0,0.0,0.0,0.0,0.0
96.0333,28.93,74.36,146.08,96.8,101.53,178.09,223.41,76.01,38.83,0.0,0.0,0.0,0.0,0.0,0.0,0.0
96.0433,26.84,64.46,137.28,96.8,103.73,180.4,227.92,78.21,71.5,0.0,0.0,0.0,0.0,0.0,0.0,0.0
96.0533,24.75,52.69,128.48,98.89,103.73,182.71,227.92,80.3,119.02,0.0,0.0,0.0,0.0,0.0,0.0,0.0
96.0633,22.77,41.36,115.28,98.89,103.73,182.71,230.23,82.5,139.48,0.0,30.36,0.0,0.0,0.0,0.0,0.0
96.0733,20.68,28.16,104.06,96.8,105.82,182.71,232.54,82.5,159.94,0.0,55.11,0.0,0.0,0.0,0.0,0.0
96.0833,18.59,18.81,86.24,94.6,105.82,182.71,234.85,84.7,150.81,52.25,83.38,0.0,0.0,0.0,0.0,0.0
96.0933,16.5,13.09,64.02,88.33,105.82,180.4,237.16,86.9,128.04,90.42,107.25,0.0,10.56,0.0,10.01,0.0
96.1033,14.41,11.22,41.25,81.95,108.02,175.78,239.47,86.9,107.25,105.27,122.98,0.0,14.74,0.0,28.27,0.0
96.1133,10.34,7.48,19.58,71.28,108.02,168.96,241.78,91.19,85.8,120.34,129.91,0.0,19.03,4.95,40.37,5.5
96.1233,6.16,5.61,11.77,58.63,103.73,159.28,243.98,93.39,64.35,137.72,127.6,10.01,21.12,10.01,50.38,8.36
96.1333,4.07,3.74,7.81,43.89,97.24,149.71,241.78,97.79,50.27,152.9,125.29,17.6,23.21,22.66,56.54,11.11
96.1433,0.0,3.74,5.83,31.35,90.86,137.72,237.16,99.99,41.14,165.99,122.98,22.66,23.21,35.2,61.27,13.86
96.1533,0.0,0.0,5.83,20.9,80.08,128.15,230.23,102.08,34.32,180.73,118.36,27.72,25.41,47.85,66.11,16.72
96.1633,0.0,0.0,3.85,12.54,67.21,113.85,220.99,104.28,29.7,189.09,116.05,30.14,25.41,57.97,68.42,22.33
96.1733,0.0,0.0,3.85,4.18,56.43,102.08,209.44,106.48,27.39,197.45,113.85,35.2,25.41,65.12,70.84,22.33
96.1833,0.0,0.0,0.0,0.0,43.34,85.58,195.47,106.48,25.08,203.72,111.65,40.26,27.5,74.69,73.26,25.08
96.1933,0.0,0.0,0.0,0.0,30.36,71.5,179.08,106.48,22.88,209.99,109.45,42.79,27.5,81.84,75.68,27.83
96.2033,0.0,0.0,0.0,0.0,17.27,55.11,162.91,104.28,20.57,216.26,107.25,47.85,27.5,89.1,78.1,27.83
96.2133,0.0,0.0,0.0,0.0,6.49,42.35,142.56,106.48,20.57,222.64,105.05,50.38,27.5,93.83,78.1,30.69
96.2233,0.0,0.0,0.0,0.0,4.29,27.5,115.28,104.28,20.57,228.69,102.96,52.91,29.59,101.09,82.83,30.69
96.2333,0.0,0.0,0.0,0.0,0.0,16.94,87.01,102.08,18.26,234.85,100.76,55.44,29.59,105.82,85.25,33.44
96.2433,0.0,0.0,0.0,0.0,0.0,8.47,60.94,99.99,18.26,240.9,96.36,60.39,29.59,113.08,87.67,36.19
96.2533,0.0,0.0,0.0,0.0,0.0,4.18,42.79,93.39,18.26,247.06,94.27,62.92,29.59,120.56,92.4,39.05
96.2633,0.0,0.0,0.0,0.0,0.0,0.0,31.57,84.7,18.26,253.22,92.07,67.98,31.79,125.62,97.24,41.8
96.2733,0.0,0.0,0.0,0.0,0.0,0.0,20.24,78.21,15.95,257.29,89.87,70.4,31.79,133.21,101.97,44.66
96.2833,0.0,0.0,0.0,0.0,0.0,0.0,13.53,67.32,15.95,259.27,85.47,75.46,33.88,140.8,106.81,47.41
96.2933,0.0,0.0,0.0,0.0,0.0,0.0,9.02,56.32,15.95,259.27,83.38,77.99,33.88,150.81,111.65,50.16
96.3033,0.0,0.0,0.0,0.0,0.0,0.0,4.51,47.3,13.64,261.36,81.18,82.94,35.97,158.4,118.58,53.02
96.3133,0.0,0.0,0.0,0.0,0.0,0.0,0.0,36.08,13.64,261.36,76.78,85.47,35.97,165.99,125.62,55.77
96.3233,0.0,0.0,0.0,0.0,0.0,0.0,0.0,24.75,13.64,261.36,74.69,88.0,38.06,171.05,130.24,58.63
96.3333,0.0,0.0,0.0,0.0,0.0,0.0,0.0,15.73,13.64,259.27,68.09,92.95,40.26,178.09,137.17,64.35
96.3433,0.0,0.0,0.0,0.0,0.0,0.0,0.0,9.02,13.64,257.29,63.8,95.48,42.35,185.13,141.9,67.32
96.3533,0.0,0.0,0.0,0.0,0.0,0.0,0.0,4.51,13.64,253.22,61.6,98.01,42.35,189.86,146.52,73.15
96.3633,0.0,0.0,0.0,0.0,0.0,0.0,0.0,0.0,13.64,251.13,55.11,102.96,42.35,194.59,151.14,78.98
96.3733,0.0,0.0,0.0,0.0,0.0,0.0,0.0,0.0,13.64,247.06,51.26,105.49,44.44,196.9,153.56,81.84
96.3833,0.0,0.0,0.0,0.0,0.0,0.0,0.0,0.0,11.44,244.97,47.41,108.02,44.44,201.63,158.18,87.67
96.3933,0.0,0.0,0.0,0.0,0.0,0.0,0.0,0.0,11.44,240.9,41.8,110.55,44.44,206.36,160.49,90.53
96.4033,0.0,0.0,0.0,0.0,0.0,0.0,0.0,0.0,11.44,236.83,37.95,110.55,46.53,208.67,162.8,93.5
96.4133,0.0,0.0,0.0,0.0,0.0,0.0,0.0,0.0,11.44,234.85,34.1,115.5,46.53,211.09,165.11,96.36
96.4233,0.0,0.0,0.0,0.0,0.0,0.0,0.0,0.0,11.44,228.69,30.36,115.5,46.53,213.4,165.11,99.33
96.4332,0.0,0.0,0.0,0.0,0.0,0.0,0.0,0.0,11.44,226.71,26.51,118.03,46.53,215.82,167.53,102.19
96.4432,0.0,0.0,0.0,0.0,0.0,0.0,0.0,0.0,11.44,222.64,22.77,120.45,46.53,218.13,169.95,105.16
96.4532,0.0,0.0,0.0,0.0,0.0,0.0,0.0,0.0,11.44,218.35,20.9,122.98,46.53,220.55,169.95,105.16
96.4632,0.0,0.0,0.0,0.0,0.0,0.0,0.0,0.0,11.44,214.17,17.05,125.51,46.53,222.97,169.95,108.02
96.4732,0.0,0.0,0.0,0.0,0.0,0.0,0.0,4.51,11.44,209.99,17.05,125.51,46.53,225.39,172.37,110.99
96.4832,0.0,0.0,0.0,0.0,0.0,0.0,0.0,4.51,9.13,203.72,15.18,127.93,46.53,225.39,172.37,110.99
96.4932,0.0,0.0,0.0,0.0,0.0,0.0,0.0,4.51,9.13,199.54,13.2,130.46,46.53,227.81,172.37,113.52
96.5032,0.0,0.0,0.0,0.0,0.0,0.0,0.0,6.71,9.13,193.27,13.2,132.88,46.53,230.34,174.79,113.52
96.5132,0.0,0.0,0.0,0.0,0.0,0.0,0.0,11.22,9.13,187.0,11.33,132.88,44.44,230.34,174.79,116.05
96.5232,0.0,0.0,0.0,0.0,0.0,0.0,0.0,18.04,9.13,180.73,11.33,132.88,44.44,232.76,174.79,116.05
96.5332,0.0,0.0,3.85,0.0,0.0,0.0,11.22,20.24,9.13,176.55,9.46,137.94,44.44,235.18,174.79,118.58
96.5432,0.0,0.0,9.79,0.0,0.0,0.0,13.53,9.02,6.82,170.28,9.46,140.36,42.35,237.6,174.79,121.11
96.5532,0.0,0.0,15.73,0.0,0.0,0.0,20.24,6.71,6.82,168.19,9.46,140.36,42.35,237.6,174.79,121.11
96.5632,0.0,0.0,15.73,0.0,0.0,0.0,31.57,9.02,6.82,163.79,7.59,140.36,40.26,237.6,174.79,121.11
96.5732,0.0,0.0,15.73,0.0,0.0,0.0,38.28,13.53,6.82,159.39,7.59,140.36,40.26,237.6,177.21,121.11
96.5832,0.0,0.0,13.75,0.0,0.0,0.0,45.1,22.55,6.82,152.9,7.59,140.36,40.26,237.6,177.21,123.64
96.5932,0.0,0.0,11.77,0.0,0.0,19.03,47.3,27.06,4.51,146.41,7.59,140.36,40.26,237.6,179.63,123.64
96.6032,0.0,0.0,9.79,0.0,0.0,33.88,45.1,27.06,4.51,137.72,7.59,140.36,40.26,237.6,179.63,126.17
96.6132,0.0,0.0,5.83,0.0,6.49,44.44,45.1,24.75,4.51,131.23,5.61,140.36,40.26,237.6,182.16,126.17
96.6232,0.0,0.0,5.83,8.36,10.78,48.73,45.1,24.75,4.51,124.63,5.61,140.36,40.26,237.6,182.16,128.7
96.6332,0.0,0.0,7.81,18.81,12.98,52.91,42.79,22.55,4.51,118.14,5.61,140.36,40.26,237.6,182.16,128.7
96.6432,6.16,3.74,9.79,27.17,17.27,57.42,45.1,22.55,0.0,111.65,3.74,140.36,38.06,240.13,182.16,131.23
96.6532,10.34,7.48,13.75,35.53,19.47,57.42,45.1,20.24,0.0,105.27,3.74,140.36,38.06,240.13,184.58,131.23
96.6632,14.41,28.16,17.71,39.71,23.87,59.73,47.3,22.55,0.0,96.8,3.74,140.36,38.06,240.13,184.58,133.76
96.6732,16.5,45.21,21.56,37.62,25.96,64.46,56.32,24.75,0.0,86.13,0.0,137.94,38.06,237.6,184.58,133.76
96.6832,18.59,58.52,25.52,37.62,32.56,64.46,63.36,24.75,0.0,75.57,0.0,135.41,35.97,237.6,184.58,133.76
96.6932,20.68,68.42,27.5,35.53,34.65,64.46,70.4,24.75,0.0,62.81,0.0,132.88,33.88,235.18,184.58,133.76
96.7032,22.77,78.32,29.48,33.44,39.05,64.46,77.55,27.06,0.0,50.16,0.0,130.46,33.88,232.76,184.58,133.76
96.7132,26.84,88.33,31.46,31.35,41.25,64.46,82.28,29.26,0.0,37.62,0.0,125.51,31.79,230.34,182.16,133.76
96.7232,31.02,100.21,33.44,31.35,45.54,64.46,89.32,29.26,0.0,25.08,0.0,120.45,27.5,225.39,179.63,131.23
96.7332,37.18,108.13,39.27,29.26,49.94,66.77,96.47,31.57,0.0,16.72,0.0,113.08,25.41,220.55,177.21,131.23
96.7432,41.36,116.82,49.17,29.26,49.94,69.19,101.2,31.57,0.0,10.45,0.0,100.54,21.12,213.4,172.37,131.23
96.7532,43.45,127.82,57.31,31.35,52.03,71.5,108.24,33.77,0.0,8.36,0.0,85.47,16.94,201.63,167.53,131.23
96.7632,47.52,141.02,66.22,31.35,52.03,76.23,113.08,36.08,0.0,6.27,0.0,70.4,12.65,187.44,160.49,131.23
96.7732,51.7,152.02,75.13,33.44,54.23,80.85,117.59,38.28,0.0,6.27,0.0,55.44,6.27,173.36,151.14,131.23
96.7832,55.88,165.22,84.04,35.53,54.23,83.27,119.79,38.28,0.0,6.27,0.0,37.73,0.0,153.34,137.17,131.23
96.7932,62.26,175.78,84.04,35.53,56.43,85.58,124.41,40.59,0.0,4.18,0.0,22.66,0.0,133.21,118.58,133.76
96.8032,70.95,184.03,97.46,37.62,58.63,90.31,126.61,42.79,0.0,0.0,0.0,12.54,0.0,115.5,89.98,131.23
96.8132,75.35,196.46,99.66,39.71,58.63,95.04,131.23,45.1,0.0,0.0,0.0,4.95,0.0,89.1,61.27,131.23
96.8232,79.64,206.8,106.37,41.8,60.72,99.66,133.43,47.3,0.0,0.0,0.0,0.0,0.0,52.91,40.37,126.17
96.8332,81.84,217.14,110.77,43.89,60.72,104.39,137.94,49.61,0.0,0.0,0.0,0.0,0.0,22.66,26.18,118.58
96.8432,84.04,225.5,117.48,45.98,62.92,106.7,140.25,51.81,0.0,0.0,0.0,0.0,0.0,7.48,14.08,99.33
96.8532,86.24,233.86,121.88,48.07,62.92,111.43,144.76,56.32,0.0,0.0,0.0,0.0,0.0,4.95,3.96,76.01
96.8632,88.44,240.13,126.28,48.07,65.01,113.85,147.07,56.32,0.0,0.0,0.0,0.0,0.0,4.95,0.0,53.02
96.8732,90.53,244.31,130.68,50.16,65.01,116.16,147.07,58.63,0.0,0.0,0.0,0.0,0.0,0.0,0.0,33.44
96.8832,90.53,248.49,132.88,52.25,65.01,118.58,149.38,60.72,0.0,0.0,0.0,0.0,0.0,0.0,0.0,22.33
96.8932,92.73,250.58,135.08,52.25,65.01,121.0,151.58,60.72,0.0,0.0,0.0,0.0,0.0,0.0,0.0,11.11
96.9032,92.73,250.58,137.28,54.34,65.01,121.0,151.58,62.92,0.0,0.0,0.0,0.0,0.0,0.0,0.0,8.36
96.9132,92.73,252.67,137.28,54.34,67.21,123.42,151.58,62.92,0.0,0.0,0.0,0.0,0.0,0.0,0.0,5.5
96.9232,90.53,252.67,137.28,56.54,65.01,125.73,151.58,65.12,0.0,0.0,0.0,0.0,0.0,0.0,0.0,0.0
96.9332,88.44,252.67,137.28,56.54,65.01,125.73,151.58,65.12,0.0,0.0,0.0,0.0,0.0,0.0,0.0,0.0
96.9432,88.44,250.58,135.08,56.54,65.01,125.73,151.58,65.12,0.0,0.0,0.0,0.0,0.0,0.0,0.0,0.0
96.9532,86.24,248.49,132.88,58.63,65.01,125.73,151.58,65.12,0.0,0.0,0.0,0.0,0.0,0.0,0.0,0.0
96.9632,84.04,248.49,130.68,58.63,65.01,128.15,151.58,65.12,0.0,0.0,0.0,0.0,0.0,0.0,0.0,0.0
96.9732,81.84,244.31,128.48,58.63,65.01,128.15,151.58,65.12,0.0,0.0,0.0,0.0,0.0,0.0,0.0,0.0
96.9832,79.64,242.22,128.48,60.72,65.01,130.57,151.58,67.32,0.0,0.0,0.0,0.0,0.0,0.0,0.0,0.0
96.9932,75.35,238.04,126.28,60.72,67.21,130.57,151.58,67.32,0.0,0.0,0.0,0.0,0.0,0.0,0.0,0.0
97.0032,73.15,233.86,124.08,62.81,67.21,132.99,153.89,67.32,0.0,0.0,0.0,0.0,0.0,0.0,0.0,5.5
97.0132,70.95,231.77,124.08,62.81,67.21,132.99,153.89,69.41,0.0,0.0,0.0,0.0,0.0,7.48,28.27,25.08
97.0232,68.75,227.59,121.88,65.01,67.21,135.41,153.89,69.41,0.0,0.0,0.0,0.0,0.0,20.13,48.4,27.83
97.0332,64.46,223.41,117.48,67.1,67.21,137.72,153.89,69.41,0.0,0.0,0.0,4.95,6.27,42.79,66.11,27.83
97.0432,60.06,217.14,113.08,69.19,67.21,140.14,153.89,69.41,0.0,0.0,0.0,7.48,10.56,62.7,73.26,30.69
97.0532,53.79,208.89,106.37,71.28,69.3,140.14,153.89,69.41,0.0,0.0,0.0,17.6,12.65,65.12,68.42,27.83
97.0632,49.61,200.64,101.86,71.28,69.3,142.56,153.89,71.61,0.0,0.0,0.0,27.72,16.94,74.69,70.84,27.83
97.0732,45.54,192.28,95.15,73.48,69.3,142.56,153.89,69.41,0.0,0.0,0.0,35.2,23.21,81.84,78.1,30.69
97.0832,41.36,181.94,88.55,75.57,69.3,144.98,153.89,69.41,11.44,10.45,0.0,37.73,31.79,81.84,89.98,30.69
97.0932,39.27,171.6,81.84,77.66,69.3,144.98,151.58,69.41,11.44,31.35,5.61,32.67,38.06,81.84,104.39,33.44
97.1032,33.11,158.62,70.62,79.75,69.3,147.29,149.38,69.41,13.64,35.53,24.64,30.14,40.26,84.26,113.96,36.19
97.1132,31.02,143.22,59.51,79.75,69.3,144.98,149.38,67.32,15.95,39.71,34.1,30.14,40.26,89.1,120.89,39.05
97.1232,28.93,127.82,49.17,81.95,69.3,144.98,144.76,65.12,13.64,48.07,30.36,32.67,40.26,93.83,123.2,39.05
97.1332,24.75,112.42,41.25,81.95,69.3,142.56,142.56,65.12,13.64,54.34,30.36,35.2,40.26,98.67,125.62,41.8
97.1432,22.77,96.25,33.44,81.95,67.21,142.56,140.25,60.72,15.95,58.63,32.23,35.2,40.26,103.4,130.24,44.66
97.1532,20.68,82.28,27.5,79.75,67.21,140.14,137.94,60.72,15.95,62.81,34.1,37.73,40.26,105.82,132.55,47.41
97.1632,20.68,68.42,23.54,79.75,67.21,137.72,133.43,58.63,13.64,69.19,36.08,40.26,40.26,110.66,137.17,50.16
97.1732,18.59,56.54,19.58,77.66,65.01,132.99,131.23,56.32,13.64,73.48,37.95,40.26,42.35,118.03,139.59,55.77
97.1832,18.59,45.21,15.73,75.57,65.01,130.57,128.92,54.12,15.95,79.86,37.95,42.79,42.35,123.09,144.21,58.63
97.1932,16.5,33.88,13.75,75.57,62.92,128.15,126.61,51.81,15.95,86.13,41.8,45.32,44.44,130.68,148.83,61.49
97.2032,16.5,24.42,13.75,71.28,60.72,123.42,122.1,51.81,15.95,94.71,45.54,47.85,44.44,133.21,151.14,67.32
97.2132,14.41,16.94,11.77,67.1,60.72,121.0,122.1,49.61,15.95,101.09,51.26,47.85,44.44,138.27,155.87,70.18
97.2232,12.32,13.09,9.79,60.72,58.63,116.16,119.79,49.61,18.26,109.56,55.11,47.85,44.44,140.8,158.18,73.15
97.2332,8.25,9.35,7.81,54.34,54.23,113.85,117.59,49.61,15.95,118.14,57.2,50.38,44.44,145.75,160.49,78.98
97.2432,6.16,7.48,5.83,45.98,49.94,109.12,113.08,47.3,18.26,124.63,61.6,50.38,46.53,148.28,162.8,81.84
97.2532,4.07,5.61,5.83,37.62,45.54,102.08,108.24,47.3,18.26,129.03,65.89,50.38,46.53,150.81,165.11,84.81
97.2632,0.0,3.74,3.85,31.35,39.05,97.35,103.51,45.1,18.26,135.52,70.29,52.91,46.53,153.34,167.53,87.67
97.2732,0.0,3.74,3.85,25.08,34.65,90.31,98.78,45.1,20.57,139.92,74.69,52.91,46.53,155.87,169.95,90.53
97.2832,0.0,3.74,3.85,18.81,30.36,83.27,94.05,45.1,20.57,146.41,76.78,52.91,48.73,155.87,172.37,93.5
97.2932,0.0,0.0,3.85,12.54,23.87,76.23,87.01,45.1,20.57,150.7,78.98,52.91,48.73,158.4,174.79,96.36
97.3032,0.0,0.0,0.0,6.27,17.27,69.19,77.55,45.1,22.88,157.3,81.18,55.44,48.73,160.93,174.79,99.33
97.3132,0.0,0.0,0.0,4.18,10.78,62.15,65.67,42.79,22.88,163.79,83.38,55.44,48.73,160.93,177.21,102.19
97.3232,0.0,0.0,0.0,0.0,4.29,50.82,54.12,42.79,25.08,172.37,85.47,55.44,48.73,163.46,179.63,105.16
97.3332,0.0,0.0,0.0,0.0,0.0,46.53,38.28,38.28,25.08,176.55,89.87,55.44,50.82,163.46,179.63,105.16
97.3432,0.0,0.0,0.0,0.0,0.0,38.06,22.55,36.08,25.08,182.82,92.07,55.44,48.73,163.46,179.63,108.02
97.3532,0.0,0.0,0.0,0.0,0.0,29.59,13.53,31.57,27.39,187.0,94.27,55.44,48.73,165.99,182.16,108.02
97.3632,0.0,0.0,0.0,0.0,0.0,21.12,6.71,29.26,27.39,191.18,96.36,55.44,48.73,165.99,182.16,108.02
97.3732,0.0,0.0,0.0,0.0,0.0,14.74,4.51,22.55,29.7,195.36,96.36,55.44,50.82,165.99,182.16,110.99
97.3832,0.0,0.0,0.0,0.0,0.0,8.47,0.0,15.73,29.7,201.63,98.56,55.44,48.73,165.99,182.16,110.99
97.3932,0.0,0.0,0.0,0.0,0.0,4.18,0.0,11.22,29.7,205.81,100.76,55.44,48.73,165.99,184.58,110.99
97.4032,0.0,0.0,0.0,0.0,0.0,0.0,0.0,4.51,32.01,207.9,100.76,55.44,48.73,165.99,184.58,110.99
97.4132,0.0,0.0,0.0,0.0,0.0,0.0,0.0,0.0,32.01,209.99,100.76,55.44,48.73,165.99,184.58,110.99
97.4232,0.0,0.0,0.0,0.0,0.0,0.0,0.0,0.0,32.01,209.99,100.76,55.44,50.82,165.99,184.58,113.52
97.4332,0.0,0.0,0.0,0.0,0.0,0.0,0.0,0.0,32.01,209.99,98.56,55.44,50.82,165.99,184.58,113.52
97.4432,0.0,0.0,0.0,0.0,0.0,0.0,0.0,0.0,29.7,209.99,96.36,55.44,50.82,165.99,187.0,116.05
97.4532,0.0,0.0,0.0,0.0,0.0,0.0,0.0,0.0,27.39,207.9,96.36,57.97,50.82,165.99,189.42,116.05
97.4632,0.0,0.0,0.0,0.0,0.0,0.0,0.0,0.0,27.39,207.9,94.27,57.97,50.82,168.52,189.42,118.58
97.4732,0.0,0.0,0.0,0.0,0.0,0.0,0.0,0.0,27.39,207.9,89.87,57.97,50.82,168.52,189.42,118.58
97.4832,0.0,0.0,0.0,0.0,0.0,0.0,0.0,0.0,25.08,205.81,87.67,57.97,50.82,168.52,191.84,121.11
97.4932,0.0,0.0,0.0,0.0,0.0,0.0,0.0,0.0,25.08,205.81,85.47,57.97,50.82,168.52,191.84,121.11
97.5032,0.0,0.0,0.0,0.0,0.0,0.0,0.0,0.0,25.08,205.81,85.47,57.97,52.91,168.52,191.84,121.11
97.5132,0.0,0.0,0.0,0.0,0.0,0.0,0.0,0.0,22.88,205.81,83.38,57.97,52.91,168.52,194.37,123.64
97.5232,0.0,0.0,0.0,0.0,0.0,0.0,0.0,0.0,25.08,205.81,83.38,57.97,52.91,168.52,194.37,123.64
97.5332,0.0,0.0,0.0,0.0,0.0,0.0,0.0,0.0,25.08,205.81,83.38,57.97,50.82,168.52,194.37,123.64
97.5432,0.0,0.0,0.0,0.0,0.0,0.0,0.0,0.0,25.08,207.9,81.18,57.97,52.91,168.52,194.37,123.64
97.5532,0.0,0.0,0.0,0.0,0.0,0.0,0.0,0.0,25.08,209.99,81.18,57.97,52.91,168.52,194.37,126.17
97.5632,0.0,0.0,0.0,8.36,0.0,10.56,0.0,0.0,25.08,209.99,78.98,57.97,52.91,168.52,194.37,126.17
97.5732,4.07,0.0,0.0,10.45,0.0,12.65,9.02,9.02,22.88,207.9,76.78,57.97,52.91,168.52,194.37,128.7
97.5832,6.16,0.0,0.0,12.54,12.98,14.74,13.53,11.22,22.88,207.9,72.49,60.39,52.91,171.05,196.79,128.7
97.5932,12.32,9.35,3.85,14.63,21.67,14.74,18.04,11.22,20.57,203.72,65.89,60.39,52.91,171.05,196.79,131.23
97.6032,26.84,26.29,5.83,16.72,23.87,16.94,20.24,11.22,18.26,199.54,61.6,62.92,52.91,173.36,196.79,131.23
97.6132,31.02,39.49,7.81,18.81,25.96,25.41,27.06,15.73,15.95,191.18,53.13,62.92,52.91,173.36,196.79,131.23
97.6232,35.09,58.52,7.81,20.9,28.16,29.59,31.57,15.73,15.95,182.82,45.54,62.92,52.91,175.67,196.79,133.76
97.6332,43.45,74.36,9.79,20.9,32.56,31.79,36.08,15.73,15.95,168.19,37.95,65.45,52.91,175.67,196.79,133.76
97.6432,53.79,82.28,13.75,20.9,36.85,33.88,42.79,18.04,13.64,150.7,28.49,65.45,52.91,175.67,196.79,133.76
97.6532,62.26,86.35,23.54,20.9,39.05,35.97,47.3,18.04,13.64,131.23,22.77,65.45,52.91,178.09,196.79,136.29
97.6632,64.46,98.23,27.5,22.99,39.05,40.26,51.81,18.04,11.44,107.47,15.18,67.98,50.82,175.67,196.79,133.76
97.6732,66.66,112.42,29.48,27.17,39.05,46.53,54.12,20.24,11.44,81.95,11.33,67.98,50.82,175.67,196.79,133.76
97.6832,68.75,130.02,31.46,29.26,39.05,50.82,56.32,20.24,11.44,56.43,9.46,67.98,48.73,175.67,196.79,131.23
97.6932,68.75,145.42,33.44,31.35,39.05,57.42,58.63,22.55,9.13,33.44,7.59,65.45,46.53,175.67,194.37,131.23
97.7032,70.95,160.82,35.42,35.53,39.05,64.46,60.94,22.55,6.82,16.72,5.61,65.45,42.35,173.36,191.84,131.23
97.7132,70.95,177.87,39.27,37.62,39.05,71.5,60.94,22.55,0.0,10.45,3.74,57.97,38.06,171.05,191.84,131.23
97.7232,73.15,192.28,41.25,39.71,39.05,76.23,60.94,24.75,0.0,8.36,0.0,45.32,31.79,165.99,189.42,133.76
97.7332,75.35,206.8,43.23,43.89,39.05,80.85,63.36,24.75,0.0,6.27,0.0,35.2,25.41,155.87,187.0,136.29
97.7432,77.55,219.23,45.21,45.98,39.05,85.58,63.36,27.06,0.0,4.18,0.0,22.66,16.94,145.75,182.16,138.82
97.7532,79.64,231.77,49.17,48.07,39.05,88.0,63.36,27.06,0.0,4.18,0.0,10.01,10.56,128.15,174.79,141.35
97.7632,81.84,242.22,51.15,50.16,39.05,90.31,63.36,27.06,0.0,0.0,0.0,0.0,4.18,108.24,165.11,143.88
97.7732,86.24,250.58,57.31,52.25,39.05,92.62,63.36,27.06,0.0,0.0,0.0,0.0,0.0,79.53,146.52,146.41
97.7832,90.53,258.94,61.71,54.34,39.05,95.04,65.67,27.06,0.0,0.0,0.0,0.0,0.0,52.91,123.2,151.47
97.7932,94.93,267.3,70.62,54.34,41.25,97.35,65.67,27.06,0.0,0.0,0.0,0.0,0.0,27.72,92.4,146.41
97.8032,99.33,273.57,77.33,56.54,41.25,97.35,68.09,29.26,0.0,0.0,0.0,0.0,0.0,10.01,66.11,143.88
97.8132,103.62,279.95,84.04,56.54,41.25,99.66,70.4,29.26,0.0,0.0,0.0,0.0,0.0,4.95,40.37,131.23
97.8232,108.02,286.11,90.75,56.54,41.25,102.08,70.4,29.26,0.0,0.0,0.0,0.0,0.0,4.95,20.13,116.05
97.8332,110.22,292.27,95.15,58.63,41.25,104.39,72.82,29.26,0.0,0.0,0.0,0.0,0.0,0.0,8.03,90.53
97.8432,112.42,298.43,97.46,60.72,43.34,106.7,72.82,29.26,0.0,0.0,0.0,0.0,0.0,0.0,0.0,58.63
97.8532,114.4,302.61,99.66,62.81,43.34,109.12,75.13,31.57,0.0,0.0,0.0,0.0,0.0,0.0,0.0,39.05
97.8631,114.4,308.77,99.66,67.1,43.34,113.85,75.13,31.57,0.0,0.0,0.0,0.0,0.0,0.0,0.0,25.08
97.8731,112.42,312.95,99.66,69.19,43.34,118.58,75.13,33.77,0.0,0.0,0.0,0.0,0.0,0.0,0.0,13.86
97.8831,110.22,319.11,99.66,73.48,43.34,123.42,77.55,33.77,0.0,0.0,0.0,0.0,0.0,0.0,0.0,8.36
97.8931,108.02,323.29,99.66,75.57,43.34,125.73,79.86,33.77,0.0,0.0,0.0,0.0,0.0,0.0,0.0,0.0
97.9031,103.62,325.27,99.66,79.75,45.54,130.57,79.86,36.08,0.0,0.0,0.0,0.0,0.0,0.0,0.0,0.0
97.9131,101.42,325.27,97.46,81.95,45.54,132.99,82.28,36.08,0.0,0.0,0.0,0.0,0.0,0.0,0.0,0.0
97.9231,99.33,325.27,97.46,86.13,45.54,135.41,82.28,38.28,0.0,0.0,0.0,0.0,0.0,0.0,0.0,0.0
97.9331,94.93,325.27,97.46,86.13,45.54,137.72,84.59,38.28,0.0,0.0,0.0,0.0,0.0,0.0,0.0,0.0
97.9431,92.73,323.29,99.66,88.33,47.74,140.14,87.01,38.28,0.0,0.0,0.0,0.0,0.0,0.0,0.0,0.0
97.9531,92.73,321.2,99.66,90.42,47.74,140.14,87.01,38.28,0.0,0.0,0.0,0.0,0.0,0.0,0.0,0.0
97.9631,90.53,319.11,101.86,90.42,49.94,142.56,89.32,40.59,0.0,0.0,0.0,0.0,0.0,0.0,0.0,0.0
97.9731,90.53,317.02,101.86,92.51,49.94,144.98,89.32,40.59,0.0,0.0,0.0,0.0,0.0,0.0,0.0,0.0
97.9831,88.44,315.04,101.86,92.51,49.94,144.98,91.74,40.59,0.0,0.0,0.0,0.0,0.0,0.0,0.0,0.0
97.9931,86.24,310.86,99.66,94.6,49.94,147.29,91.74,42.79,0.0,0.0,0.0,0.0,0.0,0.0,0.0,0.0
98.0031,84.04,308.77,99.66,96.8,49.94,149.71,91.74,42.79,0.0,0.0,0.0,0.0,0.0,0.0,0.0,0.0
98.0131,81.84,304.7,97.46,98.89,52.03,149.71,94.05,42.79,0.0,0.0,0.0,0.0,0.0,0.0,0.0,0.0
98.0231,77.55,300.52,95.15,100.98,52.03,152.13,94.05,42.79,0.0,0.0,0.0,0.0,0.0,0.0,0.0,0.0
98.0331,75.35,296.45,95.15,100.98,52.03,152.13,94.05,45.1,0.0,0.0,0.0,0.0,0.0,0.0,0.0,0.0
98.0431,73.15,292.27,92.95,103.07,52.03,154.55,96.47,45.1,0.0,0.0,0.0,0.0,0.0,0.0,0.0,0.0
98.0531,70.95,288.2,92.95,105.27,54.23,156.97,96.47,45.1,0.0,0.0,0.0,0.0,0.0,0.0,0.0,0.0
98.0631,68.75,284.02,90.75,107.36,54.23,159.28,98.78,47.3,0.0,0.0,0.0,0.0,0.0,0.0,0.0,0.0
98.0731,66.66,279.95,90.75,109.45,54.23,161.7,101.2,47.3,0.0,0.0,0.0,0.0,0.0,0.0,0.0,0.0
98.0831,64.46,275.66,92.95,109.45,56.43,164.12,103.51,49.61,0.0,0.0,0.0,0.0,0.0,0.0,0.0,0.0
98.0931,62.26,271.48,92.95,111.65,56.43,166.54,105.93,49.61,0.0,0.0,0.0,0.0,0.0,0.0,0.0,0.0
98.1031,62.26,267.3,95.15,113.63,58.63,168.96,108.24,51.81,0.0,0.0,0.0,0.0,0.0,0.0,0.0,0.0
98.1131,60.06,263.12,95.15,115.72,58.63,171.16,110.66,51.81,0.0,0.0,0.0,0.0,0.0,0.0,0.0,0.0
98.1231,57.97,261.03,95.15,117.81,60.72,173.47,113.08,54.12,0.0,0.0,0.0,0.0,0.0,0.0,0.0,0.0
98.1331,55.88,256.85,92.95,121.99,62.92,175.78,115.28,54.12,0.0,0.0,0.0,0.0,0.0,0.0,0.0,0.0
98.1431,53.79,252.67,90.75,123.97,62.92,180.4,117.59,56.32,0.0,0.0,0.0,0.0,0.0,0.0,0.0,0.0
98.1531,51.7,250.58,88.55,128.15,65.01,182.71,119.79,56.32,0.0,0.0,0.0,0.0,0.0,0.0,0.0,0.0
98.1631,47.52,244.31,84.04,132.33,65.01,184.91,122.1,58.63,0.0,0.0,0.0,0.0,0.0,0.0,0.0,0.0
98.1731,45.54,238.04,79.53,134.31,67.21,189.53,124.41,60.72,0.0,0.0,0.0,0.0,0.0,0.0,0.0,0.0
98.1831,41.36,231.77,75.13,138.49,69.3,194.15,126.61,60.72,0.0,0.0,0.0,0.0,0.0,0.0,0.0,0.0
98.1931,39.27,223.41,68.42,142.67,69.3,196.46,131.23,62.92,0.0,0.0,0.0,0.0,0.0,0.0,0.0,0.0
98.2031,37.18,215.05,61.71,148.83,71.5,200.97,133.43,65.12,0.0,0.0,0.0,0.0,0.0,0.0,0.0,0.0
98.2131,33.11,204.71,55.11,153.01,73.59,205.59,137.94,65.12,0.0,0.0,0.0,0.0,0.0,0.0,0.0,0.0
98.2231,31.02,194.37,49.17,157.08,75.79,210.21,140.25,67.32,13.64,0.0,0.0,0.0,0.0,0.0,0.0,0.0
98.2331,28.93,184.03,41.25,161.26,75.79,212.41,144.76,69.41,13.64,0.0,0.0,0.0,0.0,0.0,0.0,0.0
98.2431,26.84,171.6,35.42,165.44,77.88,217.03,147.07,71.61,18.26,0.0,0.0,0.0,0.0,0.0,0.0,0.0
98.2531,24.75,158.62,29.48,169.62,80.08,221.65,151.58,73.81,22.88,0.0,0.0,0.0,0.0,0.0,0.0,0.0
98.2631,22.77,143.22,23.54,173.8,80.08,226.27,153.89,76.01,29.7,0.0,0.0,0.0,0.0,0.0,0.0,0.0
98.2731,22.77,125.62,17.71,178.09,80.08,230.78,158.4,78.21,41.14,0.0,0.0,0.0,0.0,0.0,0.0,0.0
98.2831,20.68,108.13,15.73,182.38,80.08,233.09,160.71,80.3,73.81,0.0,0.0,0.0,0.0,0.0,0.0,0.0
98.2931,18.59,88.33,13.75,184.47,77.88,237.71,162.91,80.3,132.66,4.18,0.0,0.0,0.0,0.0,0.0,0.0
98.3031,16.5,66.44,11.77,186.56,77.88,240.02,162.91,80.3,132.66,33.44,32.23,0.0,0.0,0.0,0.0,0.0
98.3131,14.41,45.21,9.79,188.65,75.79,244.64,162.91,82.5,92.95,79.86,53.13,0.0,4.18,0.0,8.03,0.0
98.3231,12.32,26.29,9.79,184.47,73.59,246.95,165.22,82.5,69.08,115.94,65.89,0.0,10.56,7.48,24.2,0.0
98.3331,8.25,16.94,7.81,173.8,71.5,246.95,167.53,84.7,61.93,135.52,72.49,0.0,14.74,12.54,38.28,5.5
98.3431,6.16,11.22,5.83,153.01,65.01,246.95,172.15,91.19,52.58,142.01,83.38,4.95,16.94,22.66,48.4,8.36
98.3531,4.07,9.35,3.85,132.33,58.63,246.95,176.77,97.79,43.45,152.9,83.38,7.48,19.03,32.67,54.45,11.11
98.3631,0.0,5.61,0.0,109.45,52.03,242.33,179.08,106.48,38.83,161.59,85.47,10.01,19.03,42.79,61.27,13.86
98.3731,0.0,3.74,0.0,86.13,43.34,237.71,183.81,115.28,34.32,170.28,85.47,12.54,21.12,52.91,63.69,16.72
98.3831,0.0,3.74,0.0,65.01,36.85,228.47,183.81,122.21,29.7,180.73,87.67,15.07,21.12,60.28,68.42,19.47
98.3931,0.0,3.74,0.0,43.89,25.96,217.03,179.08,129.03,27.39,191.18,85.47,17.6,21.12,67.54,70.84,19.47
98.4031,0.0,0.0,0.0,25.08,12.98,200.97,167.53,133.65,27.39,201.63,83.38,20.13,23.21,74.69,75.68,22.33
98.4131,0.0,0.0,0.0,10.45,6.49,178.09,144.76,142.78,25.08,209.99,78.98,22.66,23.21,79.53,78.1,25.08
98.4231,0.0,0.0,0.0,6.27,6.49,137.72,113.08,152.02,22.88,218.35,76.78,25.19,25.41,86.68,80.41,25.08
98.4331,0.0,0.0,0.0,4.18,6.49,90.31,70.4,161.15,22.88,226.71,74.69,27.72,25.41,93.83,82.83,27.83
98.4431,0.0,0.0,0.0,0.0,6.49,55.11,38.28,165.77,20.57,234.85,74.69,30.14,25.41,98.67,87.67,27.83
98.4531,0.0,0.0,0.0,0.0,4.29,29.59,15.73,158.84,20.57,242.99,76.78,32.67,27.5,103.4,92.4,30.69
98.4631,0.0,0.0,0.0,0.0,4.29,10.56,11.22,108.68,20.57,251.13,76.78,32.67,27.5,108.24,94.82,33.44
98.4731,0.0,0.0,0.0,0.0,4.29,6.27,9.02,67.32,20.57,261.36,78.98,35.2,27.5,113.08,99.66,33.44
98.4831,0.0,0.0,0.0,0.0,0.0,4.18,6.71,42.79,18.26,269.5,81.18,37.73,29.59,118.03,104.39,36.19
98.4931,0.0,0.0,0.0,0.0,0.0,0.0,4.51,29.26,18.26,277.64,83.38,40.26,29.59,125.62,109.23,39.05
98.5031,0.0,0.0,0.0,0.0,0.0,0.0,0.0,22.55,20.57,283.91,83.38,42.79,29.59,130.68,113.96,39.05
98.5131,0.0,0.0,0.0,0.0,0.0,0.0,0.0,15.73,18.26,290.07,85.47,45.32,31.79,135.74,116.27,41.8
98.5231,0.0,0.0,0.0,0.0,0.0,0.0,0.0,4.51,18.26,292.16,85.47,45.32,31.79,140.8,120.89,44.66
98.5331,0.0,0.0,0.0,0.0,0.0,0.0,0.0,0.0,18.26,296.34,85.47,47.85,33.88,143.22,125.62,47.41
98.5431,0.0,0.0,0.0,0.0,0.0,0.0,0.0,0.0,18.26,296.34,87.67,50.38,33.88,148.28,130.24,47.41
98.5531,0.0,0.0,0.0,0.0,0.0,0.0,0.0,0.0,15.95,296.34,87.67,50.38,35.97,150.81,134.86,50.16
98.5631,0.0,0.0,0.0,0.0,0.0,0.0,0.0,0.0,15.95,296.34,87.67,52.91,35.97,155.87,141.9,53.02
98.5731,0.0,0.0,0.0,0.0,0.0,0.0,0.0,0.0,15.95,294.25,87.67,55.44,38.06,158.4,146.52,55.77
98.5831,0.0,0.0,0.0,0.0,0.0,0.0,0.0,0.0,13.64,292.16,85.47,55.44,40.26,163.46,151.14,55.77
98.5931,0.0,0.0,0.0,0.0,0.0,0.0,0.0,0.0,13.64,287.98,83.38,55.44,40.26,165.99,155.87,58.63
98.6031,0.0,0.0,0.0,0.0,0.0,0.0,0.0,0.0,13.64,283.91,81.18,57.97,42.35,168.52,158.18,61.49
98.6131,0.0,0.0,0.0,0.0,0.0,0.0,0.0,0.0,13.64,281.82,81.18,57.97,44.44,171.05,162.8,64.35
98.6231,0.0,0.0,0.0,0.0,0.0,0.0,0.0,0.0,13.64,277.64,78.98,60.39,44.44,173.36,165.11,67.32
98.6331,0.0,0.0,0.0,0.0,0.0,0.0,0.0,0.0,13.64,273.57,76.78,60.39,44.44,173.36,169.95,67.32
98.6431,0.0,0.0,0.0,0.0,0.0,0.0,0.0,0.0,11.44,269.5,76.78,60.39,46.53,175.67,172.37,70.18
98.6531,0.0,0.0,0.0,0.0,0.0,0.0,0.0,0.0,11.44,265.43,76.78,60.39,46.53,175.67,174.79,73.15
98.6631,0.0,0.0,0.0,0.0,0.0,0.0,0.0,0.0,11.44,261.36,74.69,60.39,48.73,175.67,177.21,73.15
98.6731,0.0,0.0,0.0,0.0,0.0,0.0,0.0,0.0,11.44,257.29,74.69,60.39,48.73,175.67,179.63,76.01
98.6831,0.0,0.0,0.0,0.0,0.0,0.0,0.0,0.0,11.44,253.22,74.69,60.39,50.82,175.67,182.16,78.98
98.6931,0.0,0.0,0.0,0.0,0.0,0.0,0.0,0.0,11.44,249.04,76.78,57.97,50.82,175.67,184.58,81.84
98.7031,0.0,0.0,0.0,0.0,0.0,0.0,0.0,0.0,11.44,244.97,76.78,60.39,50.82,173.36,187.0,81.84
98.7131,0.0,0.0,0.0,0.0,0.0,0.0,0.0,0.0,11.44,238.92,78.98,57.97,52.91,173.36,191.84,87.67
98.7231,0.0,0.0,0.0,0.0,0.0,0.0,0.0,0.0,11.44,234.85,81.18,57.97,52.91,173.36,194.37,90.53
98.7331,0.0,0.0,0.0,0.0,0.0,0.0,0.0,0.0,11.44,232.76,78.98,57.97,52.91,175.67,196.79,90.53
98.7431,0.0,0.0,0.0,0.0,0.0,0.0,0.0,0.0,11.44,226.71,76.78,60.39,55.11,175.67,199.21,93.5
98.7531,0.0,0.0,0.0,0.0,0.0,0.0,0.0,0.0,11.44,224.62,74.69,60.39,55.11,178.09,199.21,96.36
98.7631,0.0,0.0,0.0,0.0,0.0,0.0,0.0,0.0,11.44,220.44,72.49,60.39,55.11,178.09,204.05,99.33
98.7731,0.0,0.0,0.0,0.0,0.0,0.0,0.0,0.0,11.44,214.17,70.29,62.92,57.53,182.82,206.47,102.19
98.7831,0.0,0.0,0.0,0.0,0.0,0.0,0.0,0.0,11.44,207.9,65.89,62.92,57.53,182.82,209.0,105.16
98.7931,0.0,0.0,0.0,0.0,0.0,0.0,0.0,0.0,9.13,199.54,61.6,65.45,60.06,185.13,211.42,110.99
98.8031,0.0,0.0,0.0,0.0,0.0,0.0,0.0,0.0,9.13,191.18,57.2,67.98,60.06,189.86,216.26,113.52
98.8131,0.0,0.0,0.0,0.0,0.0,0.0,0.0,0.0,9.13,182.82,53.13,67.98,62.59,192.17,221.21,118.58
98.8231,0.0,0.0,0.0,0.0,0.0,0.0,0.0,0.0,9.13,172.37,49.39,70.4,65.12,194.59,225.94,121.11
98.8331,0.0,0.0,0.0,0.0,0.0,0.0,0.0,0.0,9.13,157.3,41.8,72.93,65.12,199.32,230.78,126.17
98.8431,4.07,0.0,0.0,0.0,0.0,0.0,0.0,0.0,9.13,142.01,36.08,75.46,67.65,201.63,235.51,131.23
98.8531,12.32,0.0,0.0,0.0,0.0,0.0,0.0,0.0,9.13,126.83,30.36,75.46,67.65,206.36,237.93,136.29
98.8631,18.59,0.0,0.0,0.0,0.0,0.0,0.0,0.0,9.13,111.65,22.77,80.41,70.18,208.67,245.19,141.35
98.8731,22.77,0.0,0.0,0.0,0.0,0.0,0.0,0.0,6.82,96.8,17.05,80.41,70.18,213.4,247.61,146.41
98.8831,31.02,0.0,0.0,0.0,0.0,0.0,0.0,0.0,6.82,77.66,15.18,82.94,70.18,218.13,252.34,151.47
98.8931,77.55,0.0,0.0,0.0,0.0,0.0,0.0,0.0,6.82,54.34,11.33,85.47,70.18,222.97,259.6,156.53
98.9031,150.15,0.0,0.0,0.0,0.0,0.0,0.0,0.0,6.82,33.44,9.46,88.0,67.65,225.39,264.33,164.12
98.9131,174.13,50.82,0.0,0.0,0.0,0.0,0.0,0.0,0.0,18.81,7.59,82.94,65.12,230.34,269.17,174.24
98.9231,130.24,134.42,11.77,16.72,0.0,0.0,0.0,0.0,0.0,10.45,3.74,75.46,57.53,232.76,276.43,186.78
98.9331,99.33,160.82,75.13,37.62,8.58,16.94,6.71,4.51,0.0,8.36,0.0,65.45,50.82,235.18,283.25,199.32
98.9431,103.62,173.69,99.66,43.89,15.18,29.59,9.02,6.71,0.0,6.27,0.0,50.38,40.26,230.34,287.87,214.39
98.9531,86.24,177.87,110.77,48.07,23.87,46.53,18.04,11.22,0.0,4.18,0.0,35.2,29.59,222.97,290.18,224.4
98.9631,77.55,179.85,117.48,50.16,28.16,55.11,24.75,13.53,0.0,4.18,0.0,12.54,19.03,211.09,290.18,233.86
98.9731,68.75,184.03,119.68,52.25,28.16,64.46,31.57,15.73,0.0,0.0,0.0,0.0,8.47,187.44,283.25,243.32
98.9831,62.26,192.28,119.68,52.25,30.36,71.5,36.08,15.73,0.0,0.0,0.0,0.0,4.18,145.75,257.18,247.94
98.9931,62.26,200.64,124.08,56.54,30.36,76.23,38.28,18.04,0.0,0.0,0.0,0.0,0.0,133.21,213.84,250.36
99.0031,62.26,210.98,126.28,58.63,30.36,80.85,40.59,18.04,0.0,0.0,0.0,0.0,4.18,65.12,153.56,250.36
99.0131,62.26,221.32,128.48,60.72,30.36,83.27,42.79,18.04,0.0,0.0,0.0,0.0,0.0,35.2,89.98,247.94
99.0231,64.46,235.95,128.48,65.01,30.36,88.0,42.79,20.24,0.0,0.0,0.0,0.0,4.18,15.07,32.23,219.34
99.0331,66.66,252.67,128.48,67.1,30.36,92.62,45.1,20.24,0.0,0.0,0.0,0.0,0.0,10.01,14.08,143.88
99.0431,66.66,265.21,126.28,71.28,30.36,97.35,47.3,20.24,0.0,0.0,0.0,0.0,0.0,7.48,10.01,99.33
99.0531,66.66,277.75,126.28,75.57,32.56,102.08,49.61,22.55,0.0,0.0,0.0,0.0,0.0,4.95,8.03,76.01
99.0631,66.66,284.02,128.48,77.66,34.65,104.39,54.12,22.55,0.0,0.0,0.0,0.0,0.0,0.0,3.96,64.35
99.0731,68.75,288.2,135.08,77.66,36.85,109.12,58.63,22.55,0.0,0.0,0.0,0.0,0.0,0.0,0.0,39.05
99.0831,68.75,290.18,143.88,79.75,39.05,111.43,63.36,24.75,0.0,0.0,0.0,0.0,0.0,0.0,0.0,5.5
99.0931,70.95,290.18,150.48,81.95,41.25,116.16,68.09,24.75,0.0,0.0,0.0,0.0,0.0,0.0,0.0,0.0
99.1031,70.95,290.18,157.08,84.04,43.34,118.58,72.82,27.06,0.0,0.0,0.0,0.0,0.0,0.0,0.0,0.0
99.1131,68.75,290.18,161.48,86.13,45.54,123.42,75.13,27.06,0.0,0.0,0.0,0.0,0.0,0.0,0.0,0.0
99.1231,68.75,290.18,163.68,88.33,45.54,125.73,77.55,27.06,0.0,0.0,0.0,0.0,0.0,0.0,0.0,0.0
99.1331,66.66,288.2,163.68,90.42,45.54,130.57,79.86,29.26,0.0,0.0,0.0,0.0,0.0,0.0,0.0,0.0
99.1431,62.26,286.11,161.48,92.51,47.74,132.99,82.28,29.26,0.0,0.0,0.0,0.0,0.0,0.0,0.0,0.0
99.1531,60.06,286.11,159.28,94.6,47.74,135.41,84.59,29.26,0.0,0.0,0.0,0.0,0.0,0.0,0.0,0.0
99.1631,57.97,284.02,157.08,98.89,49.94,140.14,87.01,31.57,0.0,0.0,0.0,0.0,0.0,0.0,0.0,0.0
99.1731,55.88,279.95,154.88,100.98,49.94,142.56,87.01,31.57,0.0,0.0,0.0,0.0,0.0,0.0,0.0,0.0
99.1831,53.79,277.75,152.68,103.07,49.94,144.98,89.32,33.77,0.0,0.0,0.0,0.0,0.0,0.0,0.0,0.0
99.1931,49.61,273.57,148.28,105.27,52.03,147.29,91.74,33.77,0.0,0.0,0.0,0.0,0.0,0.0,0.0,0.0
99.2031,47.52,267.3,146.08,107.36,52.03,149.71,94.05,33.77,0.0,0.0,0.0,0.0,0.0,0.0,0.0,0.0
99.2131,45.54,261.03,143.88,109.45,54.23,152.13,96.47,36.08,0.0,0.0,0.0,0.0,0.0,0.0,0.0,0.0
99.2231,43.45,254.76,141.68,111.65,54.23,154.55,98.78,36.08,0.0,0.0,0.0,0.0,0.0,0.0,0.0,0.0
99.2331,41.36,248.49,139.48,113.63,56.43,156.97,101.2,38.28,0.0,0.0,0.0,0.0,0.0,0.0,0.0,0.0
99.2431,39.27,240.13,137.28,115.72,56.43,156.97,103.51,38.28,0.0,0.0,0.0,0.0,0.0,0.0,0.0,0.0
99.2531,37.18,235.95,132.88,119.9,58.63,161.7,108.24,40.59,0.0,0.0,0.0,0.0,0.0,0.0,0.0,0.0
99.2631,35.09,227.59,128.48,121.99,60.72,164.12,110.66,42.79,0.0,0.0,0.0,0.0,0.0,0.0,0.0,0.0
99.2731,33.11,221.32,124.08,126.06,62.92,168.96,115.28,45.1,0.0,0.0,0.0,0.0,0.0,0.0,0.0,0.0
99.2831,33.11,217.14,117.48,132.33,62.92,173.47,117.59,45.1,0.0,0.0,0.0,0.0,0.0,0.0,0.0,0.0
99.293,31.02,210.98,108.57,138.49,65.01,178.09,122.1,47.3,0.0,0.0,0.0,0.0,0.0,0.0,0.0,0.0
99.303,28.93,204.71,99.66,144.76,67.21,182.71,126.61,49.61,0.0,0.0,0.0,0.0,0.0,0.0,0.0,0.0
99.313,26.84,196.46,90.75,150.92,69.3,189.53,131.23,51.81,0.0,0.0,0.0,0.0,0.0,0.0,0.0,0.0
99.323,24.75,190.19,81.84,157.08,71.5,194.15,135.74,54.12,0.0,0.0,0.0,0.0,0.0,0.0,0.0,0.0
99.333,22.77,181.94,70.62,165.44,73.59,200.97,140.25,56.32,0.0,0.0,0.0,0.0,0.0,0.0,0.0,0.0
99.343,22.77,175.78,61.71,171.71,75.79,205.59,144.76,58.63,0.0,0.0,0.0,0.0,0.0,0.0,0.0,0.0
99.353,20.68,167.53,53.13,178.09,77.88,212.41,149.38,62.92,0.0,0.0,0.0,0.0,0.0,0.0,0.0,0.0
99.363,20.68,158.62,45.21,184.47,80.08,217.03,153.89,65.12,0.0,0.0,0.0,0.0,0.0,0.0,0.0,0.0
99.373,20.68,149.82,37.29,190.85,82.17,221.65,158.4,67.32,0.0,0.0,0.0,0.0,0.0,0.0,0.0,0.0
99.383,18.59,136.62,29.48,197.23,84.37,228.47,165.22,69.41,0.0,0.0,0.0,0.0,0.0,0.0,0.0,0.0
99.393,18.59,123.42,23.54,203.61,84.37,233.09,169.84,71.61,0.0,0.0,0.0,0.0,0.0,0.0,0.0,0.0
99.403,18.59,106.15,19.58,209.88,84.37,240.02,174.46,76.01,0.0,0.0,0.0,0.0,0.0,0.0,0.0,0.0
99.413,16.5,90.31,15.73,216.26,84.37,246.95,176.77,78.21,0.0,0.0,0.0,0.0,0.0,0.0,0.0,0.0
99.423,16.5,72.38,13.75,222.64,84.37,251.57,181.5,80.3,0.0,0.0,0.0,0.0,0.0,0.0,0.0,0.0
99.433,14.41,52.69,11.77,228.58,82.17,258.5,183.81,82.5,4.51,0.0,0.0,0.0,0.0,0.0,0.0,0.0
99.443,12.32,37.62,9.79,230.56,82.17,265.43,186.12,84.7,11.44,0.0,0.0,0.0,0.0,0.0,0.0,0.0
99.453,10.34,22.55,7.81,232.43,82.17,272.36,188.43,86.9,20.57,0.0,0.0,0.0,0.0,0.0,0.0,0.0
99.463,8.25,15.07,5.83,228.58,77.88,276.98,190.74,91.19,29.7,0.0,0.0,0.0,0.0,0.0,0.0,0.0
99.473,6.16,11.22,5.83,218.46,71.5,283.69,195.47,97.79,64.35,0.0,0.0,0.0,0.0,0.0,0.0,0.0
99.483,4.07,9.35,3.85,203.61,65.01,288.09,197.78,104.28,95.37,0.0,0.0,0.0,0.0,0.0,0.0,0.0
99.493,0.0,7.48,0.0,188.65,58.63,290.29,200.09,110.88,128.04,0.0,0.0,0.0,0.0,0.0,0.0,0.0
99.503,0.0,5.61,0.0,171.71,52.03,292.49,202.4,117.59,187.77,4.18,0.0,0.0,0.0,0.0,0.0,0.0
99.513,0.0,3.74,0.0,153.01,45.54,294.69,204.71,126.83,204.16,48.07,32.23,0.0,0.0,0.0,0.0,0.0
99.523,0.0,3.74,0.0,132.33,36.85,292.49,204.71,133.65,130.35,120.34,76.78,0.0,0.0,0.0,0.0,0.0
99.533,0.0,0.0,0.0,109.45,28.16,290.29,202.4,142.78,78.65,165.99,107.25,0.0,8.47,4.95,24.2,5.5
99.543,0.0,0.0,0.0,84.04,17.27,283.69,197.78,149.71,57.2,182.82,120.67,4.95,10.56,12.54,36.3,11.11
99.553,0.0,0.0,0.0,54.34,10.78,270.05,186.12,158.84,45.76,189.09,122.98,7.48,12.65,22.66,46.42,13.86
99.563,0.0,0.0,0.0,22.99,8.58,244.64,158.4,168.08,36.52,197.45,120.67,10.01,14.74,35.2,52.47,19.47
99.573,0.0,0.0,0.0,10.45,8.58,191.84,117.59,182.16,29.7,209.99,116.05,15.07,14.74,47.85,58.85,22.33
99.583,0.0,0.0,0.0,8.36,8.58,116.16,68.09,194.04,25.08,222.64,113.85,20.13,16.94,57.97,63.69,25.08
99.593,0.0,0.0,0.0,6.27,6.49,62.15,29.26,201.19,22.88,236.83,116.05,25.19,19.03,69.85,68.42,27.83
99.603,0.0,0.0,0.0,6.27,6.49,27.5,15.73,165.77,20.57,253.22,116.05,27.72,19.03,81.84,75.68,30.69
99.613,0.0,0.0,0.0,4.18,4.29,12.65,13.53,93.39,20.57,267.41,113.85,32.67,21.12,91.41,80.41,33.44
99.623,0.0,0.0,0.0,4.18,4.29,8.47,9.02,58.63,18.26,279.73,111.65,35.2,21.12,103.4,85.25,36.19
99.633,0.0,0.0,0.0,0.0,0.0,6.27,6.71,40.59,18.26,290.07,109.45,40.26,23.21,113.08,89.98,39.05
99.643,0.0,0.0,0.0,0.0,0.0,4.18,4.51,31.57,15.95,300.41,105.05,45.32,23.21,120.56,94.82,41.8
99.653,0.0,0.0,0.0,0.0,0.0,0.0,0.0,18.04,15.95,306.68,102.96,47.85,25.41,130.68,99.66,44.66
99.663,0.0,0.0,0.0,0.0,0.0,0.0,0.0,0.0,15.95,310.75,100.76,52.91,25.41,138.27,104.39,47.41
99.673,0.0,0.0,0.0,0.0,0.0,0.0,0.0,0.0,13.64,312.84,98.56,55.44,27.5,145.75,111.65,50.16
99.683,0.0,0.0,0.0,0.0,0.0,0.0,0.0,0.0,13.64,314.93,96.36,57.97,29.59,153.34,116.27,53.02
99.693,0.0,0.0,0.0,0.0,0.0,0.0,0.0,0.0,13.64,314.93,92.07,62.92,29.59,158.4,120.89,55.77
99.703,0.0,0.0,0.0,0.0,0.0,0.0,0.0,0.0,13.64,312.84,92.07,65.45,31.79,163.46,125.62,58.63
99.713,0.0,0.0,0.0,0.0,0.0,0.0,0.0,0.0,13.64,308.77,87.67,65.45,33.88,168.52,130.24,58.63
99.723,0.0,0.0,0.0,0.0,0.0,0.0,0.0,0.0,11.44,304.59,85.47,67.98,33.88,171.05,132.55,61.49
99.733,0.0,0.0,0.0,0.0,0.0,0.0,0.0,0.0,11.44,298.43,83.38,70.4,35.97,173.36,137.17,64.35
99.743,0.0,0.0,0.0,0.0,0.0,0.0,0.0,0.0,11.44,294.25,81.18,70.4,38.06,178.09,141.9,64.35
99.753,0.0,0.0,0.0,0.0,0.0,0.0,0.0,0.0,11.44,287.98,76.78,72.93,38.06,180.4,144.21,67.32
99.763,0.0,0.0,0.0,0.0,0.0,0.0,0.0,0.0,11.44,286.0,74.69,72.93,40.26,182.82,146.52,67.32
99.773,0.0,0.0,0.0,0.0,0.0,0.0,0.0,0.0,11.44,279.73,72.49,75.46,40.26,182.82,151.14,70.18
99.783,0.0,0.0,0.0,0.0,0.0,0.0,0.0,0.0,11.44,275.66,70.29,77.99,40.26,185.13,153.56,70.18
99.793,0.0,0.0,0.0,0.0,0.0,0.0,0.0,0.0,11.44,267.41,65.89,77.99,42.35,187.44,155.87,73.15
99.803,0.0,0.0,0.0,0.0,0.0,0.0,0.0,0.0,11.44,263.34,63.8,77.99,44.44,189.86,160.49,76.01
99.813,0.0,0.0,0.0,0.0,0.0,0.0,0.0,0.0,9.13,257.29,63.8,80.41,44.44,189.86,165.11,78.98
99.823,0.0,0.0,0.0,0.0,0.0,0.0,0.0,0.0,11.44,249.04,63.8,77.99,46.53,192.17,169.95,84.81
99.833,0.0,0.0,0.0,0.0,0.0,0.0,0.0,0.0,9.13,240.9,63.8,77.99,46.53,192.17,174.79,87.67
99.843,0.0,0.0,0.0,0.0,0.0,0.0,0.0,0.0,9.13,234.85,63.8,80.41,48.73,192.17,177.21,93.5
99.853,0.0,0.0,0.0,0.0,0.0,0.0,0.0,0.0,9.13,226.71,61.6,80.41,50.82,194.59,182.16,96.36
99.863,0.0,0.0,0.0,0.0,0.0,0.0,0.0,0.0,9.13,218.35,59.4,80.41,50.82,196.9,187.0,102.19
99.873,0.0,0.0,0.0,0.0,0.0,0.0,0.0,0.0,9.13,209.99,55.11,82.94,52.91,199.32,194.37,108.02
99.883,0.0,0.0,0.0,0.0,0.0,0.0,0.0,0.0,9.13,199.54,49.39,85.47,55.11,203.94,199.21,113.52
99.893,0.0,0.0,0.0,0.0,0.0,0.0,0.0,0.0,9.13,193.27,45.54,88.0,57.53,206.36,204.05,118.58
99.903,0.0,0.0,0.0,0.0,0.0,0.0,0.0,0.0,9.13,182.82,37.95,92.95,57.53,213.4,209.0,123.64
99.913,0.0,0.0,0.0,0.0,0.0,0.0,0.0,0.0,9.13,172.37,32.23,95.48,60.06,218.13,213.84,131.23
99.923,0.0,0.0,0.0,0.0,0.0,0.0,0.0,0.0,9.13,161.59,26.51,100.54,60.06,222.97,218.68,136.29
99.933,0.0,0.0,0.0,0.0,0.0,0.0,0.0,0.0,6.82,146.41,20.9,102.96,62.59,227.81,223.52,141.35
99.943,0.0,0.0,0.0,0.0,0.0,0.0,0.0,0.0,6.82,133.32,17.05,108.02,62.59,232.76,228.36,146.41
99.953,0.0,0.0,0.0,0.0,0.0,0.0,0.0,0.0,6.82,118.14,13.2,110.55,62.59,237.6,233.2,151.47
99.963,0.0,0.0,0.0,0.0,0.0,0.0,0.0,0.0,6.82,103.18,11.33,113.08,65.12,242.55,237.93,159.06
99.973,0.0,0.0,0.0,0.0,0.0,0.0,0.0,0.0,6.82,86.13,11.33,115.5,65.12,249.92,242.77,164.12
99.983,12.32,0.0,0.0,0.0,0.0,0.0,0.0,0.0,6.82,69.19,9.46,120.45,62.59,254.76,247.61,169.18
99.993,16.5,0.0,0.0,0.0,0.0,0.0,0.0,0.0,4.51,50.16,7.59,122.98,62.59,259.71,252.34,174.24
100.003,22.77,0.0,0.0,0.0,0.0,0.0,0.0,0.0,4.51,35.53,7.59,122.98,60.06,264.55,254.76,181.72
100.013,26.84,0.0,0.0,0.0,0.0,0.0,0.0,0.0,0.0,22.99,5.61,120.45,57.53,269.5,259.6,186.78
100.023,41.36,0.0,0.0,0.0,0.0,0.0,0.0,0.0,0.0,12.54,3.74,115.5,55.11,274.34,262.02,196.79
100.033,84.04,0.0,0.0,0.0,0.0,0.0,0.0,0.0,0.0,8.36,0.0,108.02,48.73,279.29,266.75,206.8
100.043,142.23,0.0,0.0,0.0,0.0,0.0,0.0,0.0,0.0,6.27,0.0,100.54,42.35,279.29,271.59,216.81
100.053,176.22,45.21,0.0,0.0,0.0,0.0,0.0,0.0,0.0,4.18,0.0,88.0,33.88,281.71,274.01,226.93
100.063,110.22,152.02,5.83,10.45,0.0,0.0,0.0,0.0,0.0,4.18,0.0,70.4,27.5,279.29,276.43,236.28
100.073,81.84,194.37,59.51,45.98,0.0,23.21,4.51,4.51,0.0,0.0,0.0,52.91,19.03,276.76,276.43,245.63
100.083,90.53,202.62,106.37,48.07,12.98,40.26,13.53,9.02,0.0,0.0,0.0,30.14,12.65,266.97,269.17,250.36
100.093,77.55,202.62,119.68,52.25,19.47,57.42,24.75,11.22,0.0,0.0,0.0,10.01,6.27,252.34,252.34,254.98
100.103,64.46,202.62,126.28,54.34,23.87,71.5,36.08,15.73,0.0,0.0,0.0,0.0,6.27,213.4,221.21,259.71
100.113,53.79,202.62,130.68,58.63,25.96,80.85,47.3,18.04,0.0,0.0,0.0,0.0,4.18,160.93,174.79,262.02
100.123,47.52,210.98,132.88,62.81,28.16,92.62,56.32,22.55,0.0,0.0,0.0,0.0,6.27,103.4,118.58,262.02
100.133,43.45,221.32,135.08,69.19,32.56,99.66,65.67,24.75,0.0,0.0,0.0,0.0,4.18,60.28,58.85,254.98
100.143,43.45,229.68,139.48,71.28,34.65,109.12,72.82,27.06,0.0,0.0,0.0,0.0,4.18,17.6,20.13,194.26
100.153,41.36,240.13,143.88,77.66,36.85,116.16,79.86,29.26,0.0,0.0,0.0,0.0,4.18,12.54,16.06,110.99
100.163,39.27,248.49,143.88,81.95,36.85,123.42,87.01,29.26,0.0,0.0,0.0,0.0,0.0,10.01,12.1,78.98
100.173,39.27,258.94,139.48,88.33,39.05,132.99,91.74,31.57,0.0,0.0,0.0,0.0,0.0,7.48,8.03,73.15
100.183,37.18,267.3,135.08,94.6,41.25,137.72,96.47,33.77,0.0,0.0,0.0,0.0,0.0,4.95,6.05,58.63
100.193,35.09,273.57,130.68,100.98,43.34,144.98,98.78,36.08,0.0,0.0,0.0,0.0,0.0,0.0,0.0,33.44
100.203,33.11,275.66,126.28,107.36,43.34,152.13,103.51,38.28,0.0,0.0,0.0,0.0,0.0,0.0,0.0,5.5
100.213,33.11,275.66,124.08,111.65,45.54,156.97,108.24,40.59,0.0,0.0,0.0,0.0,0.0,0.0,0.0,0.0
100.223,31.02,273.57,121.88,117.81,45.54,161.7,110.66,42.79,0.0,0.0,0.0,0.0,0.0,0.0,0.0,0.0
100.233,28.93,273.57,117.48,121.99,47.74,166.54,115.28,45.1,0.0,0.0,0.0,0.0,0.0,0.0,0.0,0.0
100.243,28.93,269.39,110.77,128.15,49.94,171.16,119.79,47.3,0.0,0.0,0.0,0.0,0.0,0.0,0.0,0.0
100.253,26.84,263.12,101.86,134.31,52.03,175.78,122.1,47.3,0.0,0.0,0.0,0.0,0.0,0.0,0.0,0.0
100.263,24.75,256.85,90.75,140.58,52.03,180.4,124.41,49.61,0.0,0.0,0.0,0.0,0.0,0.0,0.0,0.0
100.273,22.77,250.58,79.53,146.74,52.03,184.91,126.61,51.81,0.0,0.0,0.0,0.0,0.0,0.0,0.0,0.0
100.283,22.77,242.22,66.22,153.01,54.23,189.53,128.92,54.12,0.0,0.0,0.0,0.0,0.0,0.0,0.0,0.0
100.293,22.77,233.86,55.11,161.26,54.23,194.15,131.23,54.12,0.0,0.0,0.0,0.0,0.0,0.0,0.0,0.0
100.303,20.68,223.41,45.21,165.44,56.43,196.46,133.43,56.32,0.0,0.0,0.0,0.0,0.0,0.0,0.0,0.0
100.313,20.68,215.05,39.27,171.71,56.43,200.97,135.74,56.32,0.0,0.0,0.0,0.0,0.0,0.0,0.0,0.0
100.323,20.68,204.71,31.46,178.09,58.63,205.59,137.94,58.63,0.0,0.0,0.0,0.0,0.0,0.0,0.0,0.0
100.333,18.59,194.37,25.52,184.47,58.63,207.9,140.25,58.63,0.0,0.0,0.0,0.0,0.0,0.0,0.0,0.0
100.343,18.59,184.03,21.56,188.65,60.72,212.41,144.76,60.72,0.0,0.0,0.0,0.0,0.0,0.0,0.0,0.0
100.353,18.59,171.6,17.71,195.03,60.72,217.03,147.07,62.92,0.0,0.0,0.0,0.0,0.0,0.0,0.0,0.0
100.363,16.5,160.82,15.73,201.41,60.72,221.65,149.38,62.92,0.0,0.0,0.0,0.0,0.0,0.0,0.0,0.0
100.373,16.5,147.62,13.75,205.7,60.72,226.27,151.58,65.12,0.0,0.0,0.0,0.0,0.0,0.0,0.0,0.0
100.383,16.5,134.42,11.77,212.08,60.72,230.78,153.89,67.32,0.0,0.0,0.0,0.0,0.0,0.0,0.0,0.0
100.393,14.41,121.22,9.79,218.46,60.72,235.4,156.09,67.32,0.0,0.0,0.0,0.0,0.0,0.0,0.0,0.0
100.403,14.41,110.22,9.79,224.84,60.72,240.02,156.09,69.41,0.0,0.0,0.0,0.0,0.0,0.0,0.0,0.0
100.413,14.41,98.23,9.79,230.56,60.72,244.64,158.4,69.41,0.0,0.0,0.0,0.0,0.0,0.0,0.0,0.0
100.423,14.41,86.35,7.81,236.28,60.72,249.26,160.71,71.61,0.0,0.0,0.0,0.0,0.0,0.0,0.0,0.0
100.433,12.32,76.34,7.81,242.0,60.72,256.19,162.91,71.61,0.0,0.0,0.0,0.0,0.0,0.0,0.0,0.0
100.443,12.32,66.44,7.81,247.72,60.72,260.81,165.22,73.81,0.0,0.0,0.0,0.0,0.0,0.0,0.0,0.0
100.453,12.32,56.54,7.81,253.44,60.72,265.43,167.53,76.01,0.0,0.0,0.0,0.0,0.0,0.0,0.0,0.0
100.463,10.34,47.08,5.83,257.29,60.72,272.36,172.15,76.01,0.0,0.0,0.0,0.0,0.0,0.0,0.0,0.0
100.473,10.34,37.62,5.83,261.14,60.72,276.98,174.46,78.21,0.0,0.0,0.0,0.0,0.0,0.0,0.0,0.0
100.483,8.25,28.16,5.83,263.01,60.72,281.49,176.77,80.3,0.0,0.0,0.0,0.0,0.0,0.0,0.0,0.0
100.493,8.25,20.68,3.85,263.01,62.92,285.89,181.5,82.5,0.0,0.0,0.0,0.0,0.0,0.0,0.0,0.0
100.503,6.16,15.07,3.85,259.16,60.72,290.29,186.12,86.9,0.0,0.0,0.0,0.0,0.0,0.0,0.0,0.0
100.513,6.16,11.22,3.85,253.44,60.72,294.69,190.74,91.19,0.0,0.0,0.0,0.0,0.0,0.0,0.0,0.0
100.523,4.07,9.35,0.0,245.85,56.43,299.09,195.47,95.59,15.95,0.0,0.0,0.0,0.0,0.0,0.0,0.0
100.533,4.07,7.48,0.0,236.28,54.23,303.49,197.78,99.99,20.57,0.0,0.0,0.0,0.0,0.0,0.0,0.0
100.543,0.0,5.61,0.0,226.71,49.94,308.0,200.09,106.48,22.88,0.0,0.0,0.0,0.0,0.0,0.0,0.0
100.553,0.0,3.74,0.0,218.46,45.54,314.6,202.4,110.88,32.01,0.0,0.0,0.0,0.0,0.0,0.0,0.0
100.563,0.0,3.74,0.0,207.79,41.25,319.0,204.71,117.59,41.14,0.0,0.0,0.0,0.0,0.0,0.0,0.0
100.573,0.0,0.0,0.0,197.23,36.85,323.4,204.71,122.21,52.58,0.0,0.0,0.0,0.0,0.0,0.0,0.0
100.583,0.0,0.0,0.0,186.56,30.36,327.8,202.4,126.83,107.25,0.0,0.0,0.0,0.0,0.0,0.0,0.0
100.593,0.0,0.0,0.0,171.71,23.87,332.42,202.4,133.65,157.63,14.63,0.0,0.0,0.0,0.0,0.0,0.0
100.603,0.0,0.0,0.0,155.1,15.18,334.73,197.78,138.27,102.52,56.43,68.09,0.0,0.0,0.0,0.0,0.0
100.613,0.0,0.0,0.0,134.31,10.78,334.73,193.05,142.78,57.2,98.89,105.05,4.95,14.74,12.54,34.32,8.36
100.623,0.0,0.0,0.0,107.36,8.58,330.11,183.81,149.71,50.27,126.83,120.67,7.48,19.03,30.14,48.4,11.11
100.633,0.0,0.0,0.0,73.48,8.58,319.0,165.22,158.84,41.14,122.54,134.53,7.48,23.21,35.2,68.42,13.86
100.643,0.0,0.0,0.0,33.44,8.58,294.69,140.25,170.39,32.01,124.63,136.84,10.01,27.5,50.38,85.25,19.47
100.653,0.0,0.0,0.0,16.72,8.58,237.71,103.51,189.31,25.08,131.23,134.53,12.54,31.79,65.12,104.39,25.08
100.663,0.0,0.0,0.0,12.54,8.58,144.98,63.36,208.34,20.57,133.32,139.15,15.07,35.97,74.69,120.89,33.44
100.673,0.0,0.0,0.0,10.45,8.58,78.54,27.06,208.34,18.26,139.92,143.66,17.6,38.06,84.26,139.59,39.05
100.683,0.0,0.0,0.0,8.36,6.49,35.97,18.04,154.33,15.95,144.21,150.59,20.13,42.35,93.83,155.87,50.16
100.693,0.0,0.0,0.0,8.36,6.49,16.94,13.53,93.39,15.95,148.61,155.21,22.66,44.44,101.09,167.53,61.49
100.703,0.0,0.0,0.0,6.27,4.29,12.65,11.22,65.12,15.95,152.9,157.52,25.19,48.73,108.24,177.21,73.15
100.713,0.0,0.0,0.0,4.18,4.29,8.47,6.71,49.61,15.95,157.3,157.52,27.72,50.82,115.5,187.0,81.84
100.7229,0.0,0.0,0.0,4.18,0.0,6.27,4.51,36.08,13.64,161.59,155.21,30.14,52.91,120.56,196.79,93.5
100.7329,0.0,0.0,0.0,0.0,0.0,4.18,0.0,15.73,13.64,163.79,152.9,32.67,55.11,128.15,204.05,102.19
100.7429,0.0,0.0,0.0,0.0,0.0,0.0,0.0,0.0,13.64,165.99,148.28,35.2,57.53,135.74,211.42,108.02
100.7529,0.0,0.0,0.0,0.0,0.0,0.0,0.0,0.0,11.44,165.99,141.35,37.73,60.06,143.22,216.26,116.05
100.7629,0.0,0.0,0.0,0.0,0.0,0.0,0.0,0.0,11.44,165.99,134.53,42.79,62.59,148.28,223.52,121.11
100.7729,0.0,0.0,0.0,0.0,0.0,0.0,0.0,0.0,11.44,161.59,127.6,42.79,65.12,153.34,228.36,126.17
100.7829,0.0,0.0,0.0,0.0,0.0,0.0,0.0,0.0,11.44,157.3,120.67,47.85,67.65,158.4,235.51,131.23
100.7929,0.0,0.0,0.0,0.0,0.0,0.0,0.0,0.0,9.13,150.7,111.65,50.38,67.65,163.46,240.35,136.29
100.8029,0.0,0.0,0.0,0.0,0.0,0.0,0.0,0.0,9.13,144.21,105.05,50.38,70.18,168.52,245.19,141.35
100.8129,0.0,0.0,0.0,0.0,0.0,0.0,0.0,0.0,9.13,137.72,98.56,52.91,72.71,171.05,249.92,143.88
100.8229,0.0,0.0,0.0,0.0,0.0,0.0,0.0,0.0,9.13,131.23,89.87,55.44,75.24,175.67,254.76,146.41
100.8329,0.0,0.0,0.0,0.0,0.0,0.0,0.0,0.0,9.13,126.83,85.47,57.97,75.24,178.09,259.6,148.94
100.8429,0.0,0.0,0.0,0.0,0.0,0.0,0.0,0.0,9.13,120.34,78.98,60.39,77.77,180.4,262.02,151.47
100.8529,0.0,0.0,0.0,0.0,0.0,0.0,0.0,0.0,9.13,115.94,74.69,60.39,80.3,180.4,266.75,154.0
100.8629,0.0,0.0,0.0,0.0,0.0,0.0,0.0,0.0,9.13,111.65,68.09,62.92,80.3,185.13,269.17,156.53
100.8729,0.0,0.0,0.0,0.0,0.0,0.0,0.0,0.0,9.13,105.27,61.6,65.45,82.83,187.44,274.01,159.06
100.8829,0.0,0.0,0.0,0.0,0.0,0.0,0.0,0.0,9.13,98.89,55.11,65.45,82.83,189.86,276.43,161.59
100.8929,0.0,0.0,0.0,0.0,0.0,0.0,0.0,0.0,9.13,94.71,49.39,67.98,82.83,192.17,278.63,161.59
100.9029,0.0,0.0,0.0,0.0,0.0,0.0,0.0,0.0,6.82,88.33,45.54,70.4,85.25,194.59,280.94,164.12
100.9129,0.0,0.0,0.0,0.0,0.0,0.0,0.0,0.0,6.82,81.95,39.82,70.4,85.25,199.32,285.56,166.76
100.9229,0.0,0.0,0.0,0.0,0.0,0.0,0.0,0.0,9.13,75.57,34.1,72.93,85.25,201.63,287.87,169.18
100.9329,0.0,0.0,0.0,0.0,0.0,0.0,0.0,0.0,6.82,67.1,28.49,75.46,85.25,203.94,292.49,171.71
100.9429,0.0,0.0,0.0,0.0,0.0,0.0,0.0,0.0,6.82,58.63,22.77,77.99,87.78,208.67,294.8,174.24
100.9529,0.0,0.0,0.0,0.0,0.0,0.0,0.0,0.0,6.82,50.16,18.92,80.41,85.25,213.4,299.31,179.19
100.9629,0.0,0.0,0.0,0.0,0.0,0.0,0.0,0.0,6.82,39.71,15.18,82.94,85.25,218.13,301.62,181.72
100.9729,0.0,0.0,0.0,0.0,0.0,0.0,0.0,0.0,6.82,29.26,11.33,85.47,85.25,222.97,306.24,186.78
100.9829,0.0,0.0,0.0,0.0,0.0,0.0,0.0,0.0,4.51,20.9,9.46,85.47,82.83,230.34,308.55,189.31
100.9929,0.0,0.0,0.0,0.0,0.0,0.0,0.0,0.0,0.0,12.54,7.59,85.47,82.83,232.76,315.37,196.79
101.0029,0.0,0.0,0.0,0.0,0.0,0.0,0.0,0.0,0.0,8.36,5.61,85.47,80.3,237.6,317.68,201.85
101.0129,0.0,0.0,0.0,0.0,0.0,0.0,0.0,0.0,0.0,6.27,3.74,80.41,75.24,242.55,322.3,209.33
101.0229,0.0,0.0,0.0,0.0,0.0,0.0,0.0,0.0,0.0,4.18,0.0,77.99,72.71,244.97,324.61,216.81
101.0329,18.59,0.0,0.0,0.0,0.0,0.0,0.0,0.0,0.0,0.0,0.0,72.93,67.65,247.39,329.23,224.4
101.0429,24.75,0.0,0.0,0.0,0.0,0.0,0.0,0.0,0.0,0.0,0.0,67.98,60.06,252.34,333.74,229.24
101.0529,28.93,0.0,0.0,0.0,0.0,0.0,0.0,0.0,0.0,0.0,0.0,60.39,55.11,252.34,336.05,238.59
101.0629,39.27,0.0,0.0,0.0,0.0,0.0,0.0,0.0,0.0,0.0,0.0,55.44,48.73,254.76,340.56,245.63
101.0729,43.45,0.0,0.0,0.0,0.0,0.0,0.0,0.0,0.0,0.0,0.0,47.85,44.44,254.76,342.76,252.67
101.0829,51.7,0.0,0.0,0.0,0.0,0.0,0.0,0.0,0.0,0.0,0.0,40.26,38.06,257.18,345.07,259.71
101.0929,77.55,0.0,0.0,0.0,0.0,0.0,0.0,0.0,0.0,0.0,0.0,30.14,31.79,259.71,345.07,264.44
101.1029,136.18,0.0,0.0,0.0,0.0,0.0,0.0,0.0,0.0,0.0,0.0,22.66,25.41,257.18,342.76,269.06
101.1129,190.3,24.42,0.0,0.0,0.0,0.0,0.0,0.0,0.0,0.0,0.0,12.54,19.03,254.76,338.25,273.79
101.1229,140.25,138.82,0.0,0.0,0.0,0.0,0.0,0.0,0.0,0.0,0.0,4.95,12.65,249.92,329.23,278.52
101.1329,75.35,210.98,45.21,18.81,0.0,0.0,0.0,0.0,0.0,0.0,0.0,0.0,6.27,235.18,315.37,280.94
101.1429,39.27,225.5,108.57,45.98,12.98,29.59,11.22,6.71,0.0,0.0,0.0,0.0,6.27,211.09,292.49,286.0
101.1529,33.11,231.77,132.88,50.16,21.67,52.91,24.75,11.22,0.0,0.0,0.0,0.0,6.27,180.4,259.6,288.53
101.1629,28.93,217.14,143.88,54.34,30.36,71.5,45.1,18.04,0.0,0.0,0.0,0.0,6.27,140.8,211.42,291.06
101.1729,24.75,206.8,150.48,58.63,34.65,88.0,60.94,22.55,0.0,0.0,0.0,0.0,6.27,101.09,158.18,293.59
101.1829,22.77,204.71,148.28,65.01,39.05,102.08,75.13,27.06,0.0,0.0,0.0,0.0,8.47,69.85,104.39,291.06
101.1929,20.68,210.98,146.08,69.19,41.25,111.43,87.01,29.26,0.0,0.0,0.0,0.0,6.27,32.67,50.38,278.52
101.2029,20.68,210.98,148.28,75.57,45.54,121.0,98.78,33.77,0.0,0.0,0.0,0.0,6.27,15.07,22.11,204.27
101.2129,20.68,210.98,146.08,81.95,47.74,130.57,108.24,36.08,0.0,0.0,0.0,0.0,6.27,12.54,18.15,136.29
101.2229,20.68,215.05,141.68,88.33,49.94,140.14,115.28,40.59,0.0,0.0,0.0,0.0,4.18,10.01,14.08,110.99
101.2329,18.59,219.23,135.08,94.6,52.03,147.29,124.41,42.79,0.0,0.0,0.0,0.0,0.0,4.95,12.1,99.33
101.2429,18.59,223.41,130.68,100.98,54.23,154.55,128.92,47.3,0.0,0.0,0.0,0.0,0.0,4.95,8.03,76.01
101.2529,18.59,225.5,124.08,107.36,56.43,159.28,133.43,49.61,0.0,0.0,0.0,0.0,0.0,0.0,3.96,36.19
101.2629,18.59,227.59,117.48,111.65,58.63,164.12,140.25,54.12,0.0,0.0,0.0,0.0,0.0,0.0,0.0,8.36
101.2729,18.59,225.5,115.28,117.81,60.72,168.96,142.56,56.32,0.0,0.0,0.0,0.0,0.0,0.0,0.0,0.0
101.2829,18.59,221.32,113.08,121.99,62.92,173.47,147.07,58.63,0.0,0.0,0.0,0.0,0.0,0.0,0.0,0.0
101.2929,18.59,217.14,108.57,126.06,65.01,178.09,151.58,60.72,0.0,0.0,0.0,0.0,0.0,0.0,0.0,0.0
101.3029,18.59,210.98,104.06,130.24,65.01,180.4,156.09,62.92,0.0,0.0,0.0,0.0,0.0,0.0,0.0,0.0
101.3129,18.59,204.71,97.46,132.33,67.21,182.71,158.4,65.12,0.0,0.0,0.0,0.0,0.0,0.0,0.0,0.0
101.3229,18.59,200.64,88.55,136.4,67.21,184.91,160.71,65.12,0.0,0.0,0.0,0.0,0.0,0.0,0.0,0.0
101.3329,16.5,194.37,79.53,140.58,69.3,187.22,160.71,67.32,0.0,0.0,0.0,0.0,0.0,0.0,0.0,0.0
101.3429,16.5,188.21,70.62,144.76,69.3,189.53,162.91,67.32,0.0,0.0,0.0,0.0,0.0,0.0,0.0,0.0
101.3529,16.5,181.94,61.71,148.83,71.5,191.84,162.91,67.32,0.0,0.0,0.0,0.0,0.0,0.0,0.0,0.0
101.3629,16.5,175.78,55.11,153.01,71.5,194.15,165.22,69.41,0.0,0.0,0.0,0.0,0.0,0.0,0.0,0.0
101.3729,16.5,169.51,49.17,157.08,73.59,196.46,167.53,69.41,0.0,0.0,0.0,0.0,0.0,0.0,0.0,0.0
101.3829,16.5,163.02,43.23,159.17,73.59,198.66,169.84,71.61,0.0,0.0,0.0,0.0,0.0,0.0,0.0,0.0
101.3929,16.5,154.22,39.27,163.35,75.79,200.97,172.15,71.61,0.0,0.0,0.0,0.0,0.0,0.0,0.0,0.0
101.4029,16.5,147.62,33.44,165.44,75.79,203.28,174.46,73.81,0.0,0.0,0.0,0.0,0.0,0.0,0.0,0.0
101.4129,14.41,138.82,31.46,167.53,77.88,203.28,176.77,73.81,0.0,0.0,0.0,0.0,0.0,0.0,0.0,0.0
101.4229,14.41,132.22,25.52,169.62,77.88,205.59,179.08,76.01,0.0,0.0,0.0,0.0,0.0,0.0,0.0,0.0
101.4329,14.41,123.42,23.54,173.8,80.08,207.9,183.81,78.21,0.0,0.0,0.0,0.0,0.0,0.0,0.0,0.0
101.4429,14.41,114.62,19.58,176.0,82.17,212.41,186.12,80.3,0.0,0.0,0.0,0.0,0.0,0.0,0.0,0.0
101.4529,14.41,104.17,15.73,180.18,82.17,214.72,188.43,80.3,0.0,0.0,0.0,0.0,0.0,0.0,0.0,0.0
101.4629,14.41,94.27,13.75,184.47,82.17,217.03,193.05,82.5,0.0,0.0,0.0,0.0,0.0,0.0,0.0,0.0
101.4729,14.41,84.37,11.77,188.65,82.17,223.96,195.47,84.7,0.0,0.0,0.0,0.0,0.0,0.0,0.0,0.0
101.4829,12.32,72.38,9.79,192.94,82.17,226.27,197.78,86.9,0.0,0.0,0.0,0.0,0.0,0.0,0.0,0.0
101.4929,12.32,62.48,9.79,199.32,82.17,233.09,200.09,89.1,0.0,0.0,0.0,0.0,0.0,0.0,0.0,0.0
101.5029,12.32,50.82,7.81,205.7,82.17,240.02,202.4,91.19,0.0,0.0,0.0,0.0,0.0,0.0,0.0,0.0
101.5129,10.34,41.36,7.81,209.88,82.17,244.64,207.02,93.39,0.0,0.0,0.0,0.0,0.0,0.0,0.0,0.0
101.5229,10.34,30.14,5.83,214.17,80.08,251.57,209.44,95.59,0.0,0.0,0.0,0.0,0.0,0.0,0.0,0.0
101.5329,8.25,22.55,5.83,216.26,82.17,256.19,211.75,97.79,0.0,0.0,0.0,0.0,0.0,0.0,0.0,0.0
101.5429,8.25,15.07,5.83,216.26,80.08,263.12,216.37,102.08,0.0,0.0,0.0,0.0,0.0,0.0,0.0,0.0
101.5529,6.16,13.09,3.85,212.08,77.88,267.74,218.68,106.48,0.0,0.0,0.0,0.0,0.0,0.0,0.0,0.0
101.5629,4.07,9.35,0.0,203.61,75.79,270.05,223.41,110.88,0.0,0.0,0.0,0.0,0.0,0.0,0.0,0.0
101.5729,4.07,7.48,0.0,197.23,73.59,274.67,227.92,115.28,0.0,0.0,0.0,0.0,0.0,0.0,0.0,0.0
101.5829,0.0,5.61,0.0,188.65,69.3,279.29,230.23,119.9,0.0,0.0,0.0,0.0,0.0,0.0,0.0,0.0
101.5929,0.0,3.74,0.0,180.18,65.01,283.69,232.54,126.83,0.0,0.0,0.0,0.0,0.0,0.0,0.0,0.0
101.6029,0.0,3.74,0.0,171.71,62.92,288.09,234.85,131.34,6.82,0.0,0.0,0.0,0.0,0.0,0.0,0.0
101.6129,0.0,0.0,0.0,163.35,58.63,290.29,237.16,135.96,9.13,0.0,0.0,0.0,0.0,0.0,0.0,0.0
101.6229,0.0,0.0,0.0,155.1,52.03,294.69,237.16,140.58,18.26,0.0,0.0,0.0,0.0,0.0,0.0,0.0
101.6329,0.0,0.0,0.0,146.74,47.74,296.89,239.47,145.09,29.7,0.0,0.0,0.0,0.0,0.0,0.0,0.0
101.6429,0.0,0.0,0.0,138.49,41.25,301.29,239.47,149.71,43.45,0.0,0.0,0.0,0.0,0.0,0.0,0.0
101.6529,0.0,0.0,0.0,130.24,36.85,305.8,237.16,152.02,66.66,0.0,0.0,0.0,0.0,0.0,0.0,0.0
101.6629,0.0,0.0,0.0,117.81,30.36,310.2,237.16,156.53,107.25,0.0,0.0,0.0,0.0,0.0,0.0,0.0
101.6729,0.0,0.0,0.0,105.27,21.67,310.2,234.85,161.15,121.22,0.0,0.0,0.0,0.0,0.0,0.0,0.0
101.6829,0.0,0.0,0.0,90.42,17.27,310.2,232.54,163.46,155.32,0.0,0.0,0.0,0.0,0.0,0.0,0.0
101.6929,0.0,0.0,0.0,73.48,12.98,308.0,230.23,168.08,213.51,12.54,0.0,0.0,0.0,0.0,0.0,0.0
101.7029,0.0,0.0,0.0,50.16,10.78,301.29,223.41,172.7,178.42,79.86,51.26,0.0,0.0,0.0,0.0,0.0
101.7129,0.0,0.0,0.0,27.17,10.78,288.09,214.06,179.85,97.79,150.7,100.76,10.01,10.56,7.48,10.01,0.0
101.7229,0.0,0.0,0.0,14.63,10.78,260.81,190.74,191.73,66.66,172.37,136.84,17.6,14.74,25.19,28.27,8.36
101.7329,0.0,0.0,0.0,12.54,8.58,205.59,156.09,205.92,57.2,176.55,148.28,22.66,19.03,35.2,42.35,13.86
101.7429,0.0,0.0,0.0,10.45,10.78,132.99,113.08,222.64,45.76,178.64,152.9,25.19,23.21,50.38,56.54,16.72
101.7529,0.0,0.0,0.0,8.36,10.78,76.23,68.09,236.61,34.32,184.91,152.9,30.14,25.41,65.12,68.42,22.33
101.7629,0.0,0.0,0.0,8.36,8.58,38.06,27.06,220.22,27.39,195.36,155.21,32.67,27.5,77.11,80.41,22.33
101.7729,0.0,0.0,0.0,6.27,8.58,19.03,20.24,138.27,25.08,207.9,155.21,37.73,29.59,86.68,92.4,27.83
101.7829,0.0,0.0,0.0,6.27,6.49,16.94,15.73,80.3,20.57,218.35,157.52,40.26,33.88,98.67,101.97,30.69
101.7929,0.0,0.0,0.0,4.18,4.29,12.65,11.22,54.12,18.26,228.69,155.21,45.32,35.97,110.66,113.96,36.19
101.8029,0.0,0.0,0.0,4.18,4.29,8.47,9.02,45.1,15.95,234.85,152.9,50.38,38.06,120.56,123.2,39.05
101.8129,0.0,0.0,0.0,0.0,0.0,6.27,4.51,36.08,15.95,240.9,148.28,52.91,38.06,130.68,130.24,44.66
101.8229,0.0,0.0,0.0,0.0,0.0,4.18,0.0,15.73,15.95,244.97,143.66,57.97,40.26,140.8,137.17,47.41
101.8329,0.0,0.0,0.0,0.0,0.0,0.0,0.0,0.0,13.64,247.06,136.84,62.92,42.35,148.28,146.52,53.02
101.8429,0.0,0.0,0.0,0.0,0.0,0.0,0.0,0.0,13.64,244.97,132.22,65.45,46.53,155.87,155.87,58.63
101.8529,0.0,0.0,0.0,0.0,0.0,0.0,0.0,0.0,11.44,242.99,127.6,67.98,46.53,163.46,162.8,64.35
101.8629,0.0,0.0,0.0,0.0,0.0,0.0,0.0,0.0,11.44,236.83,122.98,72.93,48.73,168.52,169.95,70.18
101.8729,0.0,0.0,0.0,0.0,0.0,0.0,0.0,0.0,11.44,232.76,116.05,75.46,50.82,173.36,174.79,76.01
101.8829,0.0,0.0,0.0,0.0,0.0,0.0,0.0,0.0,11.44,226.71,109.45,77.99,52.91,178.09,182.16,81.84
101.8929,0.0,0.0,0.0,0.0,0.0,0.0,0.0,0.0,11.44,218.35,102.96,80.41,55.11,180.4,184.58,87.67
101.9029,0.0,0.0,0.0,0.0,0.0,0.0,0.0,0.0,9.13,209.99,94.27,82.94,55.11,185.13,189.42,90.53
101.9129,0.0,0.0,0.0,0.0,0.0,0.0,0.0,0.0,9.13,203.72,87.67,85.47,57.53,187.44,191.84,93.5
101.9229,0.0,0.0,0.0,0.0,0.0,0.0,0.0,0.0,9.13,195.36,78.98,85.47,60.06,189.86,196.79,96.36
101.9329,0.0,0.0,0.0,0.0,0.0,0.0,0.0,0.0,9.13,189.09,70.29,88.0,60.06,194.59,201.63,102.19
101.9429,0.0,0.0,0.0,0.0,0.0,0.0,0.0,0.0,9.13,180.73,63.8,90.53,62.59,196.9,204.05,105.16
101.9529,0.0,0.0,0.0,0.0,0.0,0.0,0.0,0.0,9.13,174.46,59.4,92.95,62.59,199.32,206.47,108.02
101.9629,0.0,0.0,0.0,0.0,0.0,0.0,0.0,0.0,9.13,168.19,55.11,95.48,65.12,201.63,211.42,110.99
101.9729,0.0,0.0,0.0,0.0,0.0,0.0,0.0,0.0,9.13,159.39,51.26,95.48,65.12,201.63,213.84,113.52
101.9829,0.0,0.0,0.0,0.0,0.0,0.0,0.0,0.0,9.13,152.9,47.41,98.01,67.65,203.94,218.68,116.05
101.9929,0.0,0.0,0.0,0.0,0.0,0.0,0.0,0.0,9.13,146.41,43.67,98.01,70.18,206.36,221.21,118.58
102.0029,0.0,0.0,0.0,0.0,0.0,0.0,0.0,0.0,9.13,139.92,39.82,100.54,70.18,208.67,225.94,121.11
102.0129,0.0,0.0,0.0,0.0,0.0,0.0,0.0,0.0,9.13,131.23,37.95,100.54,72.71,208.67,228.36,123.64
102.0229,0.0,0.0,0.0,0.0,0.0,0.0,0.0,0.0,9.13,126.83,34.1,102.96,72.71,211.09,233.2,128.7
102.0329,0.0,0.0,0.0,0.0,0.0,0.0,0.0,0.0,9.13,120.34,30.36,105.49,75.24,213.4,237.93,131.23
102.0429,0.0,0.0,0.0,0.0,0.0,0.0,0.0,0.0,9.13,113.85,28.49,105.49,75.24,215.82,242.77,133.76
102.0529,0.0,0.0,0.0,0.0,0.0,0.0,0.0,0.0,6.82,107.47,24.64,108.02,77.77,220.55,247.61,138.82
102.0629,0.0,0.0,0.0,0.0,0.0,0.0,0.0,0.0,6.82,101.09,20.9,110.55,77.77,222.97,249.92,141.35
102.0729,0.0,0.0,0.0,0.0,0.0,0.0,0.0,0.0,6.82,92.51,18.92,110.55,77.77,227.81,254.76,146.41
102.0829,0.0,0.0,0.0,0.0,0.0,0.0,0.0,0.0,6.82,84.04,15.18,113.08,80.3,230.34,259.6,148.94
102.0929,0.0,0.0,0.0,0.0,0.0,0.0,0.0,0.0,6.82,73.48,13.2,115.5,77.77,235.18,262.02,154.0
102.1029,0.0,0.0,0.0,0.0,0.0,0.0,0.0,0.0,6.82,62.81,11.33,118.03,77.77,240.13,264.33,159.06
102.1129,0.0,0.0,0.0,0.0,0.0,0.0,0.0,0.0,6.82,52.25,11.33,120.45,77.77,244.97,269.17,161.59
102.1229,0.0,0.0,0.0,0.0,0.0,0.0,0.0,0.0,6.82,39.71,9.46,122.98,77.77,249.92,271.59,166.76
102.1329,8.25,0.0,0.0,0.0,0.0,0.0,0.0,0.0,4.51,29.26,7.59,125.51,77.77,252.34,276.43,171.71
102.1429,12.32,0.0,0.0,0.0,0.0,0.0,0.0,0.0,4.51,20.9,5.61,122.98,77.77,257.18,280.94,176.77
102.1528,14.41,0.0,0.0,0.0,0.0,0.0,0.0,0.0,0.0,14.63,5.61,122.98,77.77,262.13,285.56,184.25
102.1628,18.59,0.0,0.0,0.0,0.0,0.0,0.0,0.0,0.0,8.36,3.74,118.03,72.71,264.55,290.18,191.73
102.1728,24.75,0.0,0.0,0.0,0.0,0.0,0.0,0.0,0.0,6.27,0.0,113.08,70.18,269.5,294.8,199.32
102.1828,31.02,0.0,0.0,0.0,0.0,0.0,0.0,0.0,0.0,4.18,0.0,105.49,65.12,274.34,299.31,209.33
102.1928,39.27,0.0,0.0,0.0,0.0,0.0,0.0,0.0,0.0,0.0,0.0,98.01,57.53,276.76,301.62,219.34
102.2028,66.66,0.0,0.0,0.0,0.0,0.0,0.0,0.0,0.0,0.0,0.0,90.53,48.73,279.29,306.24,226.93
102.2128,90.53,0.0,0.0,0.0,0.0,0.0,0.0,0.0,0.0,0.0,0.0,82.94,44.44,281.71,308.55,233.86
102.2228,132.22,0.0,0.0,0.0,0.0,0.0,0.0,0.0,0.0,0.0,0.0,70.4,35.97,284.13,308.55,243.32
102.2328,184.25,3.74,0.0,0.0,0.0,0.0,0.0,0.0,0.0,0.0,0.0,57.97,29.59,284.13,310.86,250.36
102.2428,180.18,76.34,0.0,0.0,0.0,0.0,0.0,0.0,0.0,0.0,0.0,45.32,23.21,281.71,310.86,254.98
102.2528,132.22,156.42,31.46,25.08,0.0,0.0,0.0,0.0,0.0,0.0,0.0,27.72,16.94,276.76,303.93,262.02
102.2628,99.33,173.69,92.95,37.62,10.78,14.74,20.24,6.71,0.0,0.0,0.0,12.54,10.56,266.97,297.0,266.75
102.2728,92.73,181.94,113.08,43.89,17.27,29.59,24.75,9.02,0.0,0.0,0.0,0.0,6.27,249.92,276.43,271.48
102.2828,77.55,173.69,128.48,45.98,23.87,44.44,33.77,11.22,0.0,0.0,0.0,0.0,6.27,218.13,242.77,276.1
102.2928,66.66,167.53,137.28,48.07,30.36,57.42,45.1,13.53,0.0,0.0,0.0,0.0,6.27,171.05,196.79,271.48
102.3028,57.97,165.22,143.88,50.16,34.65,69.19,56.32,15.73,0.0,0.0,0.0,0.0,8.47,118.03,139.59,283.47
102.3128,51.7,171.6,150.48,54.34,36.85,78.54,68.09,18.04,0.0,0.0,0.0,0.0,8.47,79.53,80.41,280.94
102.3228,49.61,177.87,157.08,56.54,39.05,88.0,77.55,20.24,0.0,0.0,0.0,0.0,6.27,35.2,30.25,245.63
102.3328,49.61,184.03,163.68,58.63,41.25,95.04,87.01,22.55,0.0,0.0,0.0,0.0,6.27,15.07,22.11,151.47
102.3428,47.52,192.28,168.19,62.81,43.34,102.08,96.47,24.75,0.0,0.0,0.0,0.0,4.18,12.54,18.15,110.99
102.3528,45.54,200.64,168.19,65.01,45.54,111.43,103.51,27.06,0.0,0.0,0.0,0.0,4.18,10.01,14.08,102.19
102.3628,43.45,206.8,168.19,69.19,47.74,118.58,110.66,29.26,0.0,0.0,0.0,0.0,0.0,4.95,10.01,87.67
102.3728,43.45,215.05,168.19,73.48,49.94,123.42,117.59,31.57,0.0,0.0,0.0,0.0,0.0,0.0,6.05,53.02
102.3828,41.36,219.23,168.19,75.57,52.03,130.57,122.1,33.77,0.0,0.0,0.0,0.0,0.0,0.0,0.0,13.86
102.3928,39.27,219.23,168.19,79.75,54.23,135.41,128.92,36.08,0.0,0.0,0.0,0.0,0.0,0.0,0.0,0.0
102.4028,39.27,219.23,168.19,81.95,54.23,140.14,133.43,38.28,0.0,0.0,0.0,0.0,0.0,0.0,0.0,0.0
102.4128,37.18,217.14,165.88,84.04,56.43,142.56,137.94,40.59,0.0,0.0,0.0,0.0,0.0,0.0,0.0,0.0
102.4228,35.09,212.96,163.68,86.13,58.63,147.29,142.56,42.79,0.0,0.0,0.0,0.0,0.0,0.0,0.0,0.0
102.4328,35.09,208.89,161.48,90.42,60.72,149.71,147.07,45.1,0.0,0.0,0.0,0.0,0.0,0.0,0.0,0.0
102.4428,33.11,200.64,157.08,92.51,62.92,154.55,151.58,47.3,0.0,0.0,0.0,0.0,0.0,0.0,0.0,0.0
102.4528,31.02,194.37,150.48,96.8,65.01,156.97,153.89,49.61,0.0,0.0,0.0,0.0,0.0,0.0,0.0,0.0
102.4628,28.93,188.21,143.88,98.89,65.01,161.7,156.09,51.81,0.0,0.0,0.0,0.0,0.0,0.0,0.0,0.0
102.4728,28.93,179.85,137.28,103.07,67.21,164.12,160.71,54.12,0.0,0.0,0.0,0.0,0.0,0.0,0.0,0.0
102.4828,26.84,171.6,130.68,105.27,69.3,168.96,162.91,54.12,0.0,0.0,0.0,0.0,0.0,0.0,0.0,0.0
102.4928,24.75,163.02,124.08,109.45,71.5,171.16,167.53,56.32,0.0,0.0,0.0,0.0,0.0,0.0,0.0,0.0
102.5028,24.75,156.42,115.28,113.63,73.59,175.78,169.84,58.63,0.0,0.0,0.0,0.0,0.0,0.0,0.0,0.0
102.5128,22.77,147.62,106.37,115.72,73.59,178.09,174.46,60.72,0.0,0.0,0.0,0.0,0.0,0.0,0.0,0.0
102.5228,22.77,138.82,95.15,119.9,75.79,182.71,179.08,62.92,0.0,0.0,0.0,0.0,0.0,0.0,0.0,0.0
102.5328,22.77,132.22,86.24,123.97,77.88,184.91,181.5,65.12,0.0,0.0,0.0,0.0,0.0,0.0,0.0,0.0
102.5428,20.68,123.42,77.33,128.15,80.08,189.53,186.12,67.32,0.0,0.0,0.0,0.0,0.0,0.0,0.0,0.0
102.5528,20.68,116.82,66.22,130.24,80.08,191.84,188.43,69.41,0.0,0.0,0.0,0.0,0.0,0.0,0.0,0.0
102.5628,18.59,110.22,57.31,134.31,82.17,196.46,193.05,71.61,0.0,0.0,0.0,0.0,0.0,0.0,0.0,0.0
102.5728,18.59,104.17,49.17,138.49,84.37,200.97,197.78,73.81,0.0,0.0,0.0,0.0,0.0,0.0,0.0,0.0
102.5828,18.59,98.23,39.27,142.67,84.37,205.59,200.09,76.01,0.0,0.0,0.0,0.0,0.0,0.0,0.0,0.0
102.5928,18.59,92.29,31.46,148.83,86.57,210.21,204.71,78.21,0.0,0.0,0.0,0.0,0.0,0.0,0.0,0.0
102.6028,16.5,84.37,23.54,153.01,86.57,214.72,207.02,80.3,0.0,0.0,0.0,0.0,0.0,0.0,0.0,0.0
102.6128,16.5,78.32,17.71,159.17,86.57,221.65,209.44,82.5,0.0,0.0,0.0,0.0,0.0,0.0,0.0,0.0
102.6228,16.5,68.42,13.75,165.44,84.37,228.47,209.44,84.7,0.0,0.0,0.0,0.0,0.0,0.0,0.0,0.0
102.6328,14.41,60.5,11.77,173.8,84.37,235.4,211.75,86.9,0.0,0.0,0.0,0.0,0.0,0.0,0.0,0.0
102.6428,14.41,48.95,9.79,180.18,84.37,242.33,211.75,89.1,0.0,0.0,0.0,0.0,0.0,0.0,0.0,0.0
102.6528,12.32,39.49,9.79,186.56,82.17,249.26,211.75,89.1,0.0,0.0,0.0,0.0,0.0,0.0,0.0,0.0
102.6628,12.32,30.14,7.81,190.85,80.08,253.88,214.06,91.19,0.0,0.0,0.0,0.0,0.0,0.0,0.0,0.0
102.6728,10.34,22.55,5.83,195.03,80.08,260.81,214.06,93.39,0.0,0.0,0.0,0.0,0.0,0.0,0.0,0.0
102.6828,8.25,15.07,5.83,197.23,80.08,267.74,216.37,95.59,0.0,0.0,0.0,0.0,0.0,0.0,0.0,0.0
102.6928,6.16,11.22,3.85,195.03,75.79,272.36,218.68,99.99,0.0,0.0,0.0,0.0,0.0,0.0,0.0,0.0
102.7028,4.07,9.35,3.85,190.85,73.59,279.29,223.41,104.28,0.0,0.0,0.0,0.0,0.0,0.0,0.0,0.0
102.7128,4.07,7.48,0.0,184.47,69.3,283.69,225.61,108.68,0.0,0.0,0.0,0.0,0.0,0.0,0.0,0.0
102.7228,0.0,5.61,0.0,178.09,65.01,288.09,227.92,115.28,0.0,0.0,0.0,0.0,0.0,0.0,0.0,0.0
102.7328,0.0,3.74,0.0,169.62,58.63,294.69,230.23,119.9,0.0,0.0,0.0,0.0,0.0,0.0,0.0,0.0
102.7428,0.0,0.0,0.0,163.35,54.23,299.09,230.23,126.83,11.44,0.0,0.0,0.0,0.0,0.0,0.0,0.0
102.7528,0.0,0.0,0.0,159.17,47.74,305.8,230.23,131.34,18.26,0.0,0.0,0.0,0.0,0.0,0.0,0.0
102.7628,0.0,0.0,0.0,150.92,41.25,310.2,230.23,135.96,41.14,0.0,0.0,0.0,0.0,0.0,0.0,0.0
102.7728,0.0,0.0,0.0,142.67,34.65,316.8,227.92,142.78,78.65,0.0,0.0,0.0,0.0,0.0,0.0,0.0
102.7828,0.0,0.0,0.0,132.33,28.16,319.0,225.61,147.4,100.1,0.0,0.0,0.0,0.0,0.0,0.0,0.0
102.7928,0.0,0.0,0.0,119.9,19.47,321.2,225.61,152.02,132.66,10.45,0.0,0.0,0.0,0.0,0.0,0.0
102.8028,0.0,0.0,0.0,103.07,12.98,321.2,220.99,156.53,148.5,77.66,0.0,0.0,0.0,0.0,0.0,0.0
102.8128,0.0,0.0,0.0,86.13,8.58,319.0,218.68,161.15,155.32,107.47,9.46,0.0,0.0,0.0,0.0,0.0
102.8228,0.0,0.0,0.0,62.81,8.58,312.4,211.75,165.77,95.37,129.03,76.78,4.95,0.0,0.0,0.0,0.0
102.8328,0.0,0.0,0.0,37.62,8.58,299.09,202.4,172.7,64.35,157.3,116.05,22.66,4.18,17.6,12.1,5.5
102.8428,0.0,0.0,0.0,14.63,8.58,276.98,186.12,182.16,59.51,161.59,129.91,25.19,6.27,32.67,24.2,8.36
102.8528,0.0,0.0,0.0,10.45,8.58,228.47,162.91,194.04,47.96,165.99,141.35,27.72,8.47,45.32,36.3,11.11
102.8628,0.0,0.0,0.0,8.36,8.58,154.55,126.61,210.76,38.83,172.37,145.97,30.14,12.65,57.97,48.4,13.86
102.8728,0.0,0.0,0.0,6.27,8.58,90.31,72.82,224.95,34.32,180.73,150.59,32.67,14.74,67.54,56.54,16.72
102.8828,0.0,0.0,0.0,6.27,8.58,46.53,29.26,215.49,29.7,191.18,157.52,35.2,16.94,77.11,66.11,16.72
102.8928,0.0,0.0,0.0,4.18,8.58,21.12,20.24,135.96,27.39,201.63,166.76,37.73,19.03,84.26,75.68,19.47
102.9028,0.0,0.0,0.0,4.18,6.49,14.74,15.73,80.3,25.08,212.08,173.69,37.73,21.12,91.41,85.25,22.33
102.9128,0.0,0.0,0.0,0.0,4.29,10.56,11.22,51.81,25.08,222.64,176.11,40.26,21.12,98.67,94.82,25.08
102.9228,0.0,0.0,0.0,0.0,4.29,6.27,6.71,42.79,22.88,234.85,180.73,42.79,23.21,105.82,101.97,27.83
102.9328,0.0,0.0,0.0,0.0,0.0,4.18,4.51,31.57,20.57,240.9,183.04,45.32,25.41,110.66,109.23,30.69
102.9428,0.0,0.0,0.0,0.0,0.0,0.0,0.0,11.22,18.26,244.97,183.04,47.85,27.5,118.03,118.58,30.69
102.9528,0.0,0.0,0.0,0.0,0.0,0.0,0.0,0.0,18.26,247.06,185.46,50.38,29.59,123.09,125.62,33.44
102.9628,0.0,0.0,0.0,0.0,0.0,0.0,0.0,0.0,15.95,247.06,185.46,52.91,31.79,125.62,134.86,36.19
102.9728,0.0,0.0,0.0,0.0,0.0,0.0,0.0,0.0,15.95,244.97,187.77,52.91,33.88,130.68,141.9,39.05
102.9828,0.0,0.0,0.0,0.0,0.0,0.0,0.0,0.0,13.64,240.9,187.77,52.91,33.88,135.74,148.83,41.8
102.9928,0.0,0.0,0.0,0.0,0.0,0.0,0.0,0.0,13.64,238.92,185.46,57.97,35.97,140.8,155.87,44.66
103.0028,0.0,0.0,0.0,0.0,0.0,0.0,0.0,0.0,11.44,234.85,180.73,57.97,38.06,143.22,160.49,44.66
103.0128,0.0,0.0,0.0,0.0,0.0,0.0,0.0,0.0,11.44,228.69,176.11,60.39,38.06,148.28,165.11,47.41
103.0228,0.0,0.0,0.0,0.0,0.0,0.0,0.0,0.0,11.44,222.64,171.38,62.92,40.26,150.81,169.95,53.02
103.0328,0.0,0.0,0.0,0.0,0.0,0.0,0.0,0.0,11.44,216.26,164.45,62.92,42.35,153.34,174.79,53.02
103.0428,0.0,0.0,0.0,0.0,0.0,0.0,0.0,0.0,11.44,209.99,159.83,65.45,42.35,155.87,179.63,55.77
103.0528,0.0,0.0,0.0,0.0,0.0,0.0,0.0,0.0,11.44,203.72,152.9,67.98,44.44,158.4,184.58,58.63
103.0628,0.0,0.0,0.0,0.0,0.0,0.0,0.0,0.0,9.13,197.45,148.28,67.98,44.44,163.46,189.42,61.49
103.0728,0.0,0.0,0.0,0.0,0.0,0.0,0.0,0.0,11.44,191.18,143.66,70.4,46.53,165.99,191.84,64.35
103.0828,0.0,0.0,0.0,0.0,0.0,0.0,0.0,0.0,9.13,184.91,136.84,72.93,48.73,168.52,196.79,67.32
103.0928,0.0,0.0,0.0,0.0,0.0,0.0,0.0,0.0,9.13,178.64,129.91,75.46,48.73,171.05,201.63,70.18
103.1028,0.0,0.0,0.0,0.0,0.0,0.0,0.0,0.0,6.82,170.28,122.98,77.99,50.82,173.36,206.47,76.01
103.1128,0.0,0.0,0.0,0.0,0.0,0.0,0.0,0.0,9.13,161.59,116.05,77.99,52.91,178.09,211.42,78.98
103.1228,0.0,0.0,0.0,0.0,0.0,0.0,0.0,0.0,9.13,155.1,107.25,80.41,55.11,182.82,216.26,84.81
103.1328,0.0,0.0,0.0,0.0,0.0,0.0,0.0,0.0,6.82,146.41,100.76,82.94,57.53,185.13,223.52,90.53
103.1428,0.0,0.0,0.0,0.0,0.0,0.0,0.0,0.0,9.13,137.72,92.07,85.47,57.53,189.86,230.78,96.36
103.1528,0.0,0.0,0.0,0.0,0.0,0.0,0.0,0.0,6.82,129.03,85.47,88.0,60.06,194.59,235.51,102.19
103.1628,0.0,0.0,0.0,0.0,0.0,0.0,0.0,0.0,6.82,122.54,76.78,92.95,62.59,199.32,240.35,105.16
103.1728,0.0,0.0,0.0,0.0,0.0,0.0,0.0,0.0,6.82,115.94,68.09,95.48,65.12,203.94,247.61,110.99
103.1828,0.0,0.0,0.0,0.0,0.0,0.0,0.0,0.0,6.82,109.56,59.4,98.01,65.12,208.67,252.34,116.05
103.1928,0.0,0.0,0.0,0.0,0.0,0.0,0.0,0.0,6.82,101.09,51.26,102.96,67.65,213.4,259.6,123.64
103.2028,0.0,0.0,0.0,0.0,0.0,0.0,0.0,0.0,6.82,94.71,43.67,105.49,67.65,220.55,264.33,128.7
103.2128,0.0,0.0,0.0,0.0,0.0,0.0,0.0,0.0,6.82,84.04,36.08,108.02,70.18,225.39,269.17,131.23
103.2228,0.0,0.0,0.0,0.0,0.0,0.0,0.0,0.0,4.51,73.48,30.36,110.55,70.18,230.34,274.01,138.82
103.2328,0.0,0.0,0.0,0.0,0.0,0.0,0.0,0.0,6.82,60.72,22.77,115.5,70.18,237.6,278.63,143.88
103.2428,0.0,0.0,0.0,0.0,0.0,0.0,0.0,0.0,4.51,48.07,17.05,118.03,70.18,240.13,285.56,148.94
103.2528,0.0,0.0,0.0,0.0,0.0,0.0,0.0,0.0,4.51,33.44,13.2,118.03,72.71,247.39,290.18,154.0
103.2628,0.0,0.0,0.0,0.0,0.0,0.0,0.0,0.0,0.0,22.99,9.46,118.03,70.18,252.34,297.0,161.59
103.2728,0.0,0.0,0.0,0.0,0.0,0.0,0.0,0.0,0.0,14.63,7.59,115.5,70.18,257.18,301.62,169.18
103.2828,0.0,0.0,0.0,0.0,0.0,0.0,0.0,0.0,0.0,8.36,5.61,110.55,65.12,262.13,306.24,179.19
103.2928,14.41,0.0,0.0,0.0,0.0,0.0,0.0,0.0,0.0,8.36,3.74,105.49,60.06,266.97,310.86,186.78
103.3028,26.84,0.0,0.0,0.0,0.0,0.0,0.0,0.0,0.0,4.18,0.0,100.54,55.11,271.92,315.37,196.79
103.3128,37.18,0.0,0.0,0.0,0.0,0.0,0.0,0.0,0.0,4.18,0.0,92.95,48.73,274.34,317.68,206.8
103.3228,64.46,0.0,0.0,0.0,0.0,0.0,0.0,0.0,0.0,0.0,0.0,85.47,42.35,276.76,322.3,216.81
103.3328,86.24,0.0,0.0,0.0,0.0,0.0,0.0,0.0,0.0,0.0,0.0,77.99,33.88,279.29,324.61,226.93
103.3428,108.02,0.0,0.0,0.0,0.0,0.0,0.0,0.0,0.0,0.0,0.0,65.45,27.5,281.71,324.61,236.28
103.3528,146.19,0.0,0.0,0.0,0.0,0.0,0.0,0.0,0.0,0.0,0.0,52.91,21.12,281.71,324.61,245.63
103.3628,204.49,5.61,0.0,0.0,0.0,0.0,0.0,0.0,0.0,0.0,0.0,35.2,14.74,279.29,322.3,252.67
103.3728,194.37,96.25,0.0,0.0,0.0,0.0,0.0,0.0,0.0,0.0,0.0,20.13,8.47,271.92,317.68,259.71
103.3828,140.25,194.37,9.79,4.18,0.0,0.0,0.0,0.0,0.0,0.0,0.0,7.48,6.27,259.71,303.93,264.44
103.3928,81.84,219.23,86.24,39.71,4.29,6.27,0.0,0.0,0.0,0.0,0.0,0.0,4.18,237.6,278.63,271.48
103.4028,68.75,235.95,121.88,54.34,17.27,25.41,6.71,4.51,0.0,0.0,0.0,0.0,6.27,203.94,242.77,276.1
103.4128,55.88,238.04,132.88,60.72,28.16,46.53,20.24,6.71,0.0,0.0,0.0,0.0,6.27,158.4,191.84,280.94
103.4228,47.52,235.95,139.48,65.01,32.56,59.73,31.57,9.02,0.0,0.0,0.0,0.0,6.27,108.24,137.17,283.47
103.4328,41.36,238.04,141.68,69.19,34.65,73.81,42.79,13.53,0.0,0.0,0.0,0.0,6.27,69.85,80.41,280.94
103.4428,37.18,246.4,146.08,73.48,36.85,83.27,49.61,15.73,0.0,0.0,0.0,0.0,6.27,27.72,28.27,240.9
103.4528,37.18,258.94,148.28,77.66,39.05,92.62,56.32,18.04,0.0,0.0,0.0,0.0,6.27,15.07,20.13,143.88
103.4628,35.09,271.48,150.48,81.95,41.25,97.35,63.36,18.04,0.0,0.0,0.0,0.0,4.18,12.54,18.15,105.16
103.4728,35.09,284.02,150.48,88.33,41.25,104.39,65.67,20.24,0.0,0.0,0.0,0.0,4.18,10.01,14.08,93.5
103.4828,33.11,294.36,146.08,94.6,43.34,113.85,70.4,20.24,0.0,0.0,0.0,0.0,0.0,4.95,8.03,78.98
103.4928,31.02,304.7,139.48,100.98,43.34,121.0,75.13,22.55,0.0,0.0,0.0,0.0,0.0,0.0,3.96,47.41
103.5028,31.02,310.86,132.88,109.45,45.54,128.15,79.86,24.75,0.0,0.0,0.0,0.0,0.0,0.0,0.0,13.86
103.5128,28.93,317.02,128.48,115.72,47.74,135.41,82.28,24.75,0.0,0.0,0.0,0.0,0.0,0.0,0.0,0.0
103.5228,28.93,317.02,126.28,121.99,47.74,140.14,84.59,27.06,0.0,0.0,0.0,0.0,0.0,0.0,0.0,0.0
103.5328,26.84,317.02,121.88,126.06,49.94,147.29,89.32,29.26,0.0,0.0,0.0,0.0,0.0,0.0,0.0,0.0
103.5428,26.84,310.86,117.48,132.33,52.03,152.13,94.05,29.26,0.0,0.0,0.0,0.0,0.0,0.0,0.0,0.0
103.5528,26.84,304.7,115.28,136.4,52.03,156.97,96.47,31.57,0.0,0.0,0.0,0.0,0.0,0.0,0.0,0.0
103.5628,24.75,298.43,110.77,140.58,54.23,161.7,98.78,31.57,0.0,0.0,0.0,0.0,0.0,0.0,0.0,0.0
103.5727,24.75,290.18,104.06,144.76,56.43,164.12,101.2,33.77,0.0,0.0,0.0,0.0,0.0,0.0,0.0,0.0
103.5827,22.77,281.93,97.46,150.92,56.43,168.96,105.93,33.77,0.0,0.0,0.0,0.0,0.0,0.0,0.0,0.0
103.5927,22.77,273.57,88.55,155.1,58.63,171.16,108.24,36.08,0.0,0.0,0.0,0.0,0.0,0.0,0.0,0.0
103.6027,22.77,265.21,79.53,159.17,58.63,175.78,108.24,36.08,0.0,0.0,0.0,0.0,0.0,0.0,0.0,0.0
103.6127,22.77,256.85,70.62,163.35,60.72,178.09,110.66,36.08,0.0,0.0,0.0,0.0,0.0,0.0,0.0,0.0
103.6227,22.77,248.49,61.71,167.53,62.92,180.4,113.08,36.08,0.0,0.0,0.0,0.0,0.0,0.0,0.0,0.0
103.6327,20.68,240.13,55.11,171.71,62.92,182.71,115.28,38.28,0.0,0.0,0.0,0.0,0.0,0.0,0.0,0.0
103.6427,20.68,229.68,51.15,176.0,65.01,187.22,117.59,38.28,0.0,0.0,0.0,0.0,0.0,0.0,0.0,0.0
103.6527,20.68,219.23,45.21,180.18,67.21,189.53,122.1,40.59,0.0,0.0,0.0,0.0,0.0,0.0,0.0,0.0
103.6627,18.59,206.8,41.25,182.38,69.3,194.15,124.41,40.59,0.0,0.0,0.0,0.0,0.0,0.0,0.0,0.0
103.6727,18.59,196.46,37.29,186.56,71.5,196.46,128.92,42.79,0.0,0.0,0.0,0.0,0.0,0.0,0.0,0.0
103.6827,18.59,188.21,35.42,190.85,73.59,200.97,133.43,42.79,0.0,0.0,0.0,0.0,0.0,0.0,0.0,0.0
103.6927,18.59,177.87,31.46,195.03,75.79,205.59,137.94,45.1,0.0,0.0,0.0,0.0,0.0,0.0,0.0,0.0
103.7027,18.59,169.51,25.52,201.41,77.88,210.21,142.56,47.3,0.0,0.0,0.0,0.0,0.0,0.0,0.0,0.0
103.7127,16.5,156.42,21.56,205.7,77.88,214.72,147.07,47.3,0.0,0.0,0.0,0.0,0.0,0.0,0.0,0.0
103.7227,16.5,145.42,17.71,212.08,80.08,221.65,151.58,49.61,0.0,0.0,0.0,0.0,0.0,0.0,0.0,0.0
103.7327,16.5,134.42,13.75,220.55,80.08,228.47,153.89,51.81,0.0,0.0,0.0,0.0,0.0,0.0,0.0,0.0
103.7427,14.41,121.22,11.77,226.71,80.08,235.4,158.4,54.12,0.0,0.0,0.0,0.0,0.0,0.0,0.0,0.0
103.7527,14.41,108.13,9.79,234.3,80.08,240.02,160.71,56.32,0.0,0.0,0.0,0.0,0.0,0.0,0.0,0.0
103.7627,14.41,98.23,9.79,240.02,80.08,246.95,165.22,58.63,0.0,0.0,0.0,0.0,0.0,0.0,0.0,0.0
103.7727,14.41,86.35,9.79,245.85,80.08,253.88,169.84,60.72,0.0,0.0,0.0,0.0,0.0,0.0,0.0,0.0
103.7827,12.32,74.36,7.81,253.44,82.17,260.81,172.15,62.92,0.0,0.0,0.0,0.0,0.0,0.0,0.0,0.0
103.7927,12.32,60.5,7.81,259.16,82.17,267.74,176.77,65.12,0.0,0.0,0.0,0.0,0.0,0.0,0.0,0.0
103.8027,10.34,48.95,7.81,261.14,80.08,274.67,179.08,67.32,0.0,0.0,0.0,0.0,0.0,0.0,0.0,0.0
103.8127,10.34,37.62,5.83,264.88,80.08,279.29,183.81,69.41,0.0,0.0,0.0,0.0,0.0,0.0,0.0,0.0
103.8227,8.25,26.29,5.83,264.88,82.17,285.89,188.43,71.61,0.0,0.0,0.0,0.0,0.0,0.0,0.0,0.0
103.8327,8.25,16.94,3.85,263.01,80.08,292.49,193.05,76.01,0.0,0.0,0.0,0.0,0.0,0.0,0.0,0.0
103.8427,6.16,13.09,3.85,255.31,77.88,296.89,197.78,80.3,4.51,0.0,0.0,0.0,0.0,0.0,0.0,0.0
103.8527,4.07,9.35,0.0,245.85,73.59,303.49,200.09,86.9,9.13,0.0,0.0,0.0,0.0,0.0,0.0,0.0
103.8627,0.0,7.48,0.0,236.28,69.3,310.2,204.71,91.19,13.64,0.0,0.0,0.0,0.0,0.0,0.0,0.0
103.8727,0.0,5.61,0.0,224.84,62.92,314.6,207.02,97.79,20.57,0.0,0.0,0.0,0.0,0.0,0.0,0.0
103.8827,0.0,3.74,0.0,214.17,56.43,321.2,209.44,104.28,29.7,0.0,0.0,0.0,0.0,0.0,0.0,0.0
103.8927,0.0,3.74,0.0,203.61,49.94,325.6,211.75,110.88,38.83,0.0,0.0,0.0,0.0,0.0,0.0,0.0
103.9027,0.0,0.0,0.0,190.85,43.34,330.11,211.75,115.28,76.23,0.0,0.0,0.0,0.0,0.0,0.0,0.0
103.9127,0.0,0.0,0.0,176.0,39.05,332.42,211.75,122.21,95.37,0.0,0.0,0.0,0.0,0.0,0.0,0.0
103.9227,0.0,0.0,0.0,159.17,30.36,334.73,211.75,126.83,125.84,0.0,0.0,0.0,0.0,0.0,0.0,0.0
103.9327,0.0,0.0,0.0,138.49,23.87,334.73,211.75,133.65,162.14,45.98,15.18,0.0,0.0,0.0,0.0,0.0
103.9427,0.0,0.0,0.0,115.72,15.18,330.11,207.02,138.27,73.81,129.03,72.49,0.0,0.0,0.0,0.0,0.0
103.9527,0.0,0.0,0.0,88.33,10.78,323.4,197.78,145.09,25.08,178.64,94.27,22.66,6.27,10.01,3.96,0.0
103.9627,0.0,0.0,0.0,54.34,8.58,305.8,179.08,154.33,15.95,189.09,113.85,30.14,14.74,30.14,16.06,5.5
103.9727,0.0,0.0,0.0,22.99,8.58,272.36,149.38,168.08,13.64,189.09,122.98,32.67,19.03,45.32,32.23,8.36
103.9827,0.0,0.0,0.0,14.63,8.58,189.53,105.93,187.0,11.44,189.09,127.6,37.73,23.21,62.7,48.4,11.11
103.9927,0.0,0.0,0.0,12.54,8.58,116.16,58.63,203.61,9.13,193.27,129.91,40.26,25.41,79.53,58.85,13.86
104.0027,0.0,0.0,0.0,10.45,8.58,59.73,27.06,196.46,9.13,199.54,134.53,42.79,29.59,93.83,73.26,19.47
104.0127,0.0,0.0,0.0,8.36,6.49,25.41,18.04,138.27,9.13,209.99,139.15,47.85,31.79,103.4,85.25,22.33
104.0227,0.0,0.0,0.0,8.36,6.49,14.74,13.53,86.9,9.13,216.26,143.66,50.38,33.88,115.5,94.82,25.08
104.0327,0.0,0.0,0.0,6.27,4.29,10.56,11.22,60.72,6.82,226.71,145.97,55.44,35.97,125.62,106.81,30.69
104.0427,0.0,0.0,0.0,4.18,0.0,8.47,6.71,47.3,6.82,230.78,145.97,57.97,38.06,133.21,116.27,36.19
104.0527,0.0,0.0,0.0,4.18,0.0,4.18,4.51,31.57,6.82,234.85,145.97,60.39,40.26,140.8,125.62,39.05
104.0627,0.0,0.0,0.0,0.0,0.0,0.0,0.0,11.22,6.82,234.85,143.66,65.45,44.44,148.28,132.55,44.66
104.0727,0.0,0.0,0.0,0.0,0.0,0.0,0.0,0.0,6.82,234.85,141.35,67.98,46.53,155.87,139.59,47.41
104.0827,0.0,0.0,0.0,0.0,0.0,0.0,0.0,0.0,6.82,232.76,136.84,70.4,48.73,160.93,148.83,50.16
104.0927,0.0,0.0,0.0,0.0,0.0,0.0,0.0,0.0,6.82,230.78,132.22,72.93,48.73,165.99,153.56,55.77
104.1027,0.0,0.0,0.0,0.0,0.0,0.0,0.0,0.0,6.82,226.71,127.6,77.99,50.82,171.05,158.18,58.63
104.1127,0.0,0.0,0.0,0.0,0.0,0.0,0.0,0.0,6.82,222.64,120.67,77.99,52.91,175.67,162.8,61.49
104.1227,0.0,0.0,0.0,0.0,0.0,0.0,0.0,0.0,6.82,218.35,113.85,80.41,55.11,178.09,167.53,64.35
104.1327,0.0,0.0,0.0,0.0,0.0,0.0,0.0,0.0,6.82,209.99,105.05,82.94,55.11,182.82,169.95,70.18
104.1427,0.0,0.0,0.0,0.0,0.0,0.0,0.0,0.0,6.82,201.63,96.36,88.0,57.53,187.44,172.37,73.15
104.1527,0.0,0.0,0.0,0.0,0.0,0.0,0.0,0.0,6.82,195.36,87.67,88.0,57.53,189.86,174.79,76.01
104.1627,0.0,0.0,0.0,0.0,0.0,0.0,0.0,0.0,6.82,187.0,78.98,92.95,60.06,194.59,179.63,78.98
104.1727,0.0,0.0,0.0,0.0,0.0,0.0,0.0,0.0,6.82,178.64,72.49,95.48,60.06,196.9,182.16,84.81
104.1827,0.0,0.0,0.0,0.0,0.0,0.0,0.0,0.0,6.82,172.37,63.8,98.01,62.59,201.63,187.0,87.67
104.1927,0.0,0.0,0.0,0.0,0.0,0.0,0.0,0.0,4.51,163.79,57.2,100.54,62.59,203.94,191.84,93.5
104.2027,0.0,0.0,0.0,0.0,0.0,0.0,0.0,0.0,6.82,157.3,53.13,100.54,65.12,208.67,194.37,96.36
104.2127,0.0,0.0,0.0,0.0,0.0,0.0,0.0,0.0,6.82,148.61,47.41,102.96,67.65,208.67,201.63,102.19
104.2227,0.0,0.0,0.0,0.0,0.0,0.0,0.0,0.0,4.51,139.92,45.54,105.49,70.18,211.09,206.47,108.02
104.2327,0.0,0.0,0.0,0.0,0.0,0.0,0.0,0.0,4.51,133.32,41.8,105.49,70.18,215.82,211.42,110.99
104.2427,0.0,0.0,0.0,0.0,0.0,0.0,0.0,0.0,6.82,126.83,37.95,108.02,72.71,218.13,216.26,116.05
104.2527,0.0,0.0,0.0,0.0,0.0,0.0,0.0,0.0,4.51,120.34,36.08,110.55,75.24,218.13,218.68,118.58
104.2627,0.0,0.0,0.0,0.0,0.0,0.0,0.0,0.0,4.51,111.65,32.23,113.08,75.24,222.97,225.94,123.64
104.2727,0.0,0.0,0.0,0.0,0.0,0.0,0.0,0.0,4.51,105.27,28.49,113.08,77.77,225.39,230.78,128.7
104.2827,0.0,0.0,0.0,0.0,0.0,0.0,0.0,0.0,4.51,98.89,24.64,115.5,77.77,227.81,233.2,133.76
104.2927,0.0,0.0,0.0,0.0,0.0,0.0,0.0,0.0,4.51,90.42,22.77,118.03,77.77,232.76,237.93,136.29
104.3027,0.0,0.0,0.0,0.0,0.0,0.0,0.0,0.0,4.51,81.95,17.05,118.03,80.3,235.18,242.77,141.35
104.3127,0.0,0.0,0.0,0.0,0.0,0.0,0.0,0.0,4.51,73.48,15.18,120.45,80.3,237.6,247.61,146.41
104.3227,0.0,0.0,0.0,0.0,0.0,0.0,0.0,0.0,4.51,62.81,13.2,122.98,80.3,242.55,249.92,148.94
104.3327,0.0,0.0,0.0,0.0,0.0,0.0,0.0,0.0,4.51,52.25,11.33,125.51,80.3,244.97,252.34,154.0
104.3427,0.0,0.0,0.0,0.0,0.0,0.0,0.0,0.0,4.51,41.8,11.33,127.93,80.3,249.92,257.18,156.53
104.3527,0.0,0.0,0.0,0.0,0.0,0.0,0.0,0.0,0.0,33.44,9.46,130.46,80.3,254.76,259.6,161.59
104.3627,0.0,0.0,0.0,0.0,0.0,0.0,0.0,0.0,0.0,22.99,7.59,130.46,80.3,259.71,264.33,166.76
104.3727,0.0,0.0,0.0,0.0,0.0,0.0,0.0,0.0,0.0,16.72,5.61,127.93,77.77,262.13,266.75,174.24
104.3827,0.0,0.0,0.0,0.0,0.0,0.0,0.0,0.0,0.0,10.45,3.74,125.51,75.24,266.97,271.59,181.72
104.3927,0.0,0.0,0.0,0.0,0.0,0.0,0.0,0.0,0.0,6.27,3.74,120.45,72.71,269.5,278.63,191.73
104.4027,10.34,0.0,0.0,0.0,0.0,0.0,0.0,0.0,0.0,4.18,0.0,115.5,67.65,274.34,283.25,201.85
104.4127,20.68,0.0,0.0,0.0,0.0,0.0,0.0,0.0,0.0,4.18,0.0,108.02,62.59,279.29,287.87,211.86
104.4227,26.84,0.0,0.0,0.0,0.0,0.0,0.0,0.0,0.0,0.0,0.0,102.96,57.53,281.71,292.49,221.87
104.4327,35.09,0.0,0.0,0.0,0.0,0.0,0.0,0.0,0.0,0.0,0.0,95.48,50.82,286.55,297.0,229.24
104.4427,57.97,0.0,0.0,0.0,0.0,0.0,0.0,0.0,0.0,0.0,0.0,85.47,42.35,289.08,299.31,238.59
104.4527,88.44,0.0,0.0,0.0,0.0,0.0,0.0,0.0,0.0,0.0,0.0,75.46,35.97,291.5,299.31,247.94
104.4627,120.34,0.0,0.0,0.0,0.0,0.0,0.0,0.0,0.0,0.0,0.0,65.45,29.59,291.5,301.62,254.98
104.4727,172.15,0.0,0.0,0.0,0.0,0.0,0.0,0.0,0.0,0.0,0.0,52.91,23.21,291.5,299.31,262.02
104.4827,184.25,70.4,0.0,0.0,0.0,0.0,0.0,0.0,0.0,0.0,0.0,35.2,16.94,289.08,297.0,269.06
104.4927,138.16,169.51,3.85,37.62,0.0,0.0,0.0,0.0,0.0,0.0,0.0,20.13,10.56,281.71,290.18,273.79
104.5027,168.08,190.19,39.27,69.19,10.78,19.03,6.71,4.51,0.0,0.0,0.0,4.95,6.27,269.5,271.59,278.52
104.5127,166.1,177.87,99.66,71.28,28.16,46.53,13.53,9.02,0.0,0.0,0.0,0.0,6.27,237.6,240.35,283.47
104.5227,154.11,190.19,113.08,77.66,34.65,64.46,24.75,13.53,0.0,0.0,0.0,0.0,6.27,192.17,191.84,288.53
104.5327,140.25,192.28,124.08,81.95,39.05,78.54,36.08,18.04,0.0,0.0,0.0,0.0,8.47,133.21,132.55,288.53
104.5427,130.24,198.55,132.88,86.13,41.25,90.31,47.3,20.24,0.0,0.0,0.0,0.0,8.47,81.84,75.68,286.0
104.5527,122.32,212.96,130.68,94.6,43.34,99.66,54.12,22.55,0.0,0.0,0.0,0.0,6.27,35.2,26.18,236.28
104.5627,120.34,231.77,124.08,103.07,45.54,109.12,58.63,22.55,0.0,0.0,0.0,0.0,6.27,17.6,20.13,136.29
104.5727,116.38,246.4,121.88,109.45,45.54,116.16,60.94,24.75,0.0,0.0,0.0,0.0,4.18,12.54,16.06,96.36
104.5827,112.42,256.85,117.48,117.81,45.54,123.42,65.67,27.06,0.0,0.0,0.0,0.0,4.18,7.48,12.1,87.67
104.5927,108.02,271.48,108.57,126.06,45.54,130.57,68.09,27.06,0.0,0.0,0.0,0.0,0.0,4.95,8.03,67.32
104.6027,103.62,286.11,97.46,134.31,47.74,137.72,68.09,29.26,0.0,0.0,0.0,0.0,0.0,0.0,3.96,30.69
104.6127,99.33,294.36,88.55,142.67,47.74,142.56,70.4,29.26,0.0,0.0,0.0,0.0,0.0,0.0,0.0,5.5
104.6227,94.93,298.43,79.53,148.83,47.74,147.29,72.82,29.26,0.0,0.0,0.0,0.0,0.0,0.0,0.0,0.0
104.6327,90.53,298.43,72.93,155.1,49.94,152.13,75.13,31.57,0.0,0.0,0.0,0.0,0.0,0.0,0.0,0.0
104.6427,86.24,294.36,70.62,159.17,52.03,156.97,79.86,31.57,0.0,0.0,0.0,0.0,0.0,0.0,0.0,0.0
104.6527,81.84,288.2,68.42,165.44,54.23,161.7,82.28,33.77,0.0,0.0,0.0,0.0,0.0,0.0,0.0,0.0
104.6627,75.35,279.95,64.02,169.62,56.43,164.12,87.01,33.77,0.0,0.0,0.0,0.0,0.0,0.0,0.0,0.0
104.6727,70.95,273.57,59.51,173.8,58.63,168.96,91.74,36.08,0.0,0.0,0.0,0.0,0.0,0.0,0.0,0.0
104.6827,64.46,265.21,53.13,180.18,60.72,173.47,94.05,36.08,0.0,0.0,0.0,0.0,0.0,0.0,0.0,0.0
104.6927,57.97,254.76,47.19,186.56,62.92,178.09,98.78,38.28,0.0,0.0,0.0,0.0,0.0,0.0,0.0,0.0
104.7027,53.79,246.4,39.27,190.85,62.92,182.71,101.2,38.28,0.0,0.0,0.0,0.0,0.0,0.0,0.0,0.0
104.7127,47.52,235.95,33.44,197.23,65.01,187.22,105.93,40.59,0.0,0.0,0.0,0.0,0.0,0.0,0.0,0.0
104.7227,43.45,227.59,29.48,201.41,67.21,191.84,108.24,40.59,0.0,0.0,0.0,0.0,0.0,0.0,0.0,0.0
104.7327,39.27,217.14,25.52,207.79,67.21,194.15,110.66,40.59,0.0,0.0,0.0,0.0,0.0,0.0,0.0,0.0
104.7427,37.18,206.8,21.56,212.08,69.3,198.66,115.28,42.79,0.0,0.0,0.0,0.0,0.0,0.0,0.0,0.0
104.7527,33.11,198.55,19.58,216.26,69.3,200.97,117.59,42.79,0.0,0.0,0.0,0.0,0.0,0.0,0.0,0.0
104.7627,31.02,188.21,17.71,220.55,71.5,205.59,119.79,45.1,0.0,0.0,0.0,0.0,0.0,0.0,0.0,0.0
104.7727,28.93,177.87,15.73,224.84,71.5,210.21,124.41,45.1,0.0,0.0,0.0,0.0,0.0,0.0,0.0,0.0
104.7827,28.93,167.53,13.75,228.58,73.59,212.41,128.92,47.3,0.0,0.0,0.0,0.0,0.0,0.0,0.0,0.0
104.7927,26.84,158.62,13.75,232.43,75.79,217.03,131.23,47.3,0.0,0.0,0.0,0.0,0.0,0.0,0.0,0.0
104.8027,24.75,147.62,11.77,238.15,75.79,221.65,135.74,49.61,0.0,0.0,0.0,0.0,0.0,0.0,0.0,0.0
104.8127,22.77,134.42,9.79,242.0,75.79,226.27,140.25,49.61,0.0,0.0,0.0,0.0,0.0,0.0,0.0,0.0
104.8227,22.77,123.42,9.79,249.59,75.79,233.09,142.56,51.81,0.0,0.0,0.0,0.0,0.0,0.0,0.0,0.0
104.8327,20.68,110.22,7.81,255.31,75.79,237.71,147.07,54.12,0.0,0.0,0.0,0.0,0.0,0.0,0.0,0.0
104.8427,18.59,96.25,7.81,261.14,75.79,244.64,149.38,54.12,0.0,0.0,0.0,0.0,0.0,0.0,0.0,0.0
104.8527,16.5,84.37,7.81,268.73,75.79,251.57,151.58,56.32,0.0,0.0,0.0,0.0,0.0,0.0,0.0,0.0
104.8627,16.5,70.4,5.83,274.45,73.59,258.5,153.89,56.32,0.0,0.0,0.0,0.0,0.0,0.0,0.0,0.0
104.8727,14.41,58.52,5.83,278.52,73.59,263.12,158.4,58.63,0.0,0.0,0.0,0.0,0.0,0.0,0.0,0.0
104.8827,12.32,47.08,5.83,282.7,73.59,270.05,160.71,60.72,0.0,0.0,0.0,0.0,0.0,0.0,0.0,0.0
104.8927,12.32,33.88,3.85,282.7,73.59,276.98,162.91,60.72,0.0,0.0,0.0,0.0,0.0,0.0,0.0,0.0
104.9027,10.34,24.42,3.85,282.7,73.59,283.69,167.53,62.92,0.0,0.0,0.0,0.0,0.0,0.0,0.0,0.0
104.9127,8.25,16.94,3.85,280.61,71.5,288.09,172.15,67.32,0.0,0.0,0.0,0.0,0.0,0.0,0.0,0.0
104.9227,6.16,13.09,0.0,270.6,69.3,294.69,176.77,69.41,0.0,0.0,0.0,0.0,0.0,0.0,0.0,0.0
104.9327,4.07,9.35,0.0,261.14,65.01,301.29,183.81,73.81,0.0,0.0,0.0,0.0,0.0,0.0,0.0,0.0
104.9427,4.07,7.48,0.0,249.59,60.72,308.0,186.12,78.21,6.82,0.0,0.0,0.0,0.0,0.0,0.0,0.0
104.9527,0.0,5.61,0.0,238.15,56.43,314.6,190.74,82.5,11.44,0.0,0.0,0.0,0.0,0.0,0.0,0.0
104.9627,0.0,3.74,0.0,228.58,52.03,321.2,193.05,89.1,15.95,0.0,0.0,0.0,0.0,0.0,0.0,0.0
104.9727,0.0,3.74,0.0,216.26,45.54,325.6,195.47,93.39,27.39,0.0,0.0,0.0,0.0,0.0,0.0,0.0
104.9827,0.0,0.0,0.0,203.61,39.05,330.11,195.47,102.08,36.52,0.0,0.0,0.0,0.0,0.0,0.0,0.0
104.9927,0.0,0.0,0.0,190.85,32.56,334.73,195.47,106.48,69.08,0.0,0.0,0.0,0.0,0.0,0.0,0.0
105.0026,0.0,0.0,0.0,176.0,25.96,339.46,195.47,113.08,112.09,0.0,0.0,0.0,0.0,0.0,0.0,0.0
105.0126,0.0,0.0,0.0,159.17,19.47,341.77,195.47,119.9,169.07,0.0,0.0,0.0,0.0,0.0,0.0,0.0
105.0226,0.0,0.0,0.0,138.49,12.98,341.77,193.05,126.83,211.09,33.44,9.46,0.0,0.0,0.0,0.0,0.0
105.0326,0.0,0.0,0.0,115.72,8.58,339.46,188.43,133.65,114.51,98.89,92.07,0.0,0.0,0.0,0.0,0.0
105.0426,0.0,0.0,0.0,86.13,6.49,330.11,179.08,142.78,69.08,152.9,132.22,15.07,10.56,15.07,22.11,5.5
105.0526,0.0,0.0,0.0,50.16,6.49,314.6,160.71,154.33,59.51,157.3,152.9,17.6,16.94,27.72,38.28,8.36
105.0626,0.0,0.0,0.0,20.9,8.58,279.29,133.43,170.39,47.96,152.9,164.45,20.13,21.12,37.73,54.45,11.11
105.0726,0.0,0.0,0.0,16.72,8.58,203.28,101.2,189.31,36.52,157.3,166.76,22.66,23.21,52.91,68.42,13.86
105.0826,0.0,0.0,0.0,12.54,8.58,121.0,56.32,208.34,27.39,163.79,169.07,25.19,27.5,65.12,80.41,19.47
105.0926,0.0,0.0,0.0,10.45,8.58,69.19,24.75,205.92,22.88,168.19,173.69,27.72,29.59,74.69,94.82,22.33
105.1026,0.0,0.0,0.0,10.45,6.49,27.5,18.04,145.09,20.57,176.55,180.73,30.14,33.88,84.26,109.23,27.83
105.1126,0.0,0.0,0.0,8.36,6.49,14.74,13.53,89.1,18.26,182.82,185.46,32.67,35.97,93.83,120.89,30.69
105.1226,0.0,0.0,0.0,6.27,4.29,12.65,11.22,60.72,15.95,187.0,187.77,35.2,38.06,98.67,132.55,33.44
105.1326,0.0,0.0,0.0,6.27,0.0,8.47,6.71,47.3,15.95,191.18,187.77,35.2,40.26,105.82,144.21,39.05
105.1426,0.0,0.0,0.0,4.18,0.0,4.18,4.51,36.08,13.64,197.45,187.77,37.73,42.35,113.08,153.56,44.66
105.1526,0.0,0.0,0.0,4.18,0.0,0.0,0.0,15.73,13.64,199.54,185.46,40.26,44.44,120.56,160.49,47.41
105.1626,0.0,0.0,0.0,0.0,0.0,0.0,0.0,0.0,11.44,201.63,180.73,45.32,46.53,125.62,167.53,53.02
105.1726,0.0,0.0,0.0,0.0,0.0,0.0,0.0,0.0,11.44,203.72,176.11,47.85,48.73,133.21,172.37,58.63
105.1826,0.0,0.0,0.0,0.0,0.0,0.0,0.0,0.0,11.44,203.72,171.38,50.38,50.82,138.27,179.63,61.49
105.1926,0.0,0.0,0.0,0.0,0.0,0.0,0.0,0.0,9.13,201.63,162.14,52.91,50.82,143.22,184.58,67.32
105.2026,0.0,0.0,0.0,0.0,0.0,0.0,0.0,0.0,9.13,199.54,155.21,55.44,52.91,148.28,189.42,73.15
105.2126,0.0,0.0,0.0,0.0,0.0,0.0,0.0,0.0,9.13,195.36,145.97,57.97,55.11,153.34,194.37,78.98
105.2226,0.0,0.0,0.0,0.0,0.0,0.0,0.0,0.0,9.13,191.18,136.84,62.92,55.11,158.4,196.79,84.81
105.2326,0.0,0.0,0.0,0.0,0.0,0.0,0.0,0.0,9.13,187.0,127.6,65.45,57.53,163.46,201.63,87.67
105.2426,0.0,0.0,0.0,0.0,0.0,0.0,0.0,0.0,9.13,180.73,118.36,67.98,60.06,171.05,204.05,93.5
105.2526,0.0,0.0,0.0,0.0,0.0,0.0,0.0,0.0,9.13,176.55,107.25,70.4,60.06,173.36,209.0,99.33
105.2626,0.0,0.0,0.0,0.0,0.0,0.0,0.0,0.0,6.82,172.37,98.56,72.93,62.59,178.09,211.42,102.19
105.2726,0.0,0.0,0.0,0.0,0.0,0.0,0.0,0.0,6.82,165.99,92.07,77.99,65.12,182.82,216.26,108.02
105.2826,0.0,0.0,0.0,0.0,0.0,0.0,0.0,0.0,9.13,159.39,83.38,80.41,65.12,185.13,221.21,110.99
105.2926,0.0,0.0,0.0,0.0,0.0,0.0,0.0,0.0,6.82,152.9,74.69,80.41,67.65,189.86,223.52,116.05
105.3026,0.0,0.0,0.0,0.0,0.0,0.0,0.0,0.0,6.82,148.61,68.09,82.94,67.65,192.17,228.36,118.58
105.3126,0.0,0.0,0.0,0.0,0.0,0.0,0.0,0.0,6.82,142.01,61.6,85.47,70.18,196.9,233.2,123.64
105.3226,0.0,0.0,0.0,0.0,0.0,0.0,0.0,0.0,6.82,135.52,55.11,88.0,72.71,199.32,235.51,126.17
105.3326,0.0,0.0,0.0,0.0,0.0,0.0,0.0,0.0,6.82,129.03,49.39,90.53,72.71,201.63,240.35,128.7
105.3426,0.0,0.0,0.0,0.0,0.0,0.0,0.0,0.0,6.82,122.54,43.67,92.95,75.24,206.36,245.19,133.76
105.3526,0.0,0.0,0.0,0.0,0.0,0.0,0.0,0.0,6.82,113.85,37.95,92.95,75.24,208.67,249.92,136.29
105.3626,0.0,0.0,0.0,0.0,0.0,0.0,0.0,0.0,6.82,107.47,34.1,95.48,77.77,211.09,254.76,141.35
105.3726,0.0,0.0,0.0,0.0,0.0,0.0,0.0,0.0,6.82,98.89,28.49,98.01,77.77,215.82,259.6,146.41
105.3826,0.0,0.0,0.0,0.0,0.0,0.0,0.0,0.0,6.82,92.51,22.77,100.54,80.3,220.55,262.02,148.94
105.3926,0.0,0.0,0.0,0.0,0.0,0.0,0.0,0.0,4.51,84.04,18.92,102.96,80.3,222.97,266.75,154.0
105.4026,0.0,0.0,0.0,0.0,0.0,0.0,0.0,0.0,4.51,73.48,15.18,105.49,80.3,227.81,271.59,156.53
105.4126,0.0,0.0,0.0,0.0,0.0,0.0,0.0,0.0,4.51,62.81,13.2,108.02,80.3,232.76,274.01,161.59
105.4226,0.0,0.0,0.0,0.0,0.0,0.0,0.0,0.0,4.51,52.25,11.33,110.55,77.77,237.6,276.43,164.12
105.4326,0.0,0.0,0.0,0.0,0.0,0.0,0.0,0.0,4.51,39.71,9.46,113.08,77.77,244.97,278.63,169.18
105.4426,0.0,0.0,0.0,0.0,0.0,0.0,0.0,0.0,4.51,27.17,9.46,115.5,77.77,249.92,280.94,171.71
105.4526,0.0,0.0,0.0,0.0,0.0,0.0,0.0,0.0,0.0,20.9,7.59,115.5,77.77,252.34,285.56,179.19
105.4626,0.0,0.0,0.0,0.0,0.0,0.0,0.0,0.0,0.0,12.54,5.61,115.5,75.24,257.18,290.18,184.25
105.4726,0.0,0.0,0.0,0.0,0.0,0.0,0.0,0.0,0.0,8.36,3.74,110.55,72.71,259.71,292.49,191.73
105.4826,0.0,0.0,0.0,0.0,0.0,0.0,0.0,0.0,0.0,6.27,3.74,102.96,67.65,262.13,297.0,199.32
105.4926,8.25,0.0,0.0,0.0,0.0,0.0,0.0,0.0,0.0,4.18,0.0,98.01,62.59,264.55,301.62,206.8
105.5026,18.59,0.0,0.0,0.0,0.0,0.0,0.0,0.0,0.0,0.0,0.0,90.53,57.53,266.97,306.24,216.81
105.5126,28.93,0.0,0.0,0.0,0.0,0.0,0.0,0.0,0.0,0.0,0.0,82.94,50.82,269.5,308.55,224.4
105.5226,37.18,0.0,0.0,0.0,0.0,0.0,0.0,0.0,0.0,0.0,0.0,75.46,44.44,271.92,310.86,231.55
105.5326,57.97,0.0,0.0,0.0,0.0,0.0,0.0,0.0,0.0,0.0,0.0,65.45,38.06,274.34,313.17,240.9
105.5426,97.13,0.0,0.0,0.0,0.0,0.0,0.0,0.0,0.0,0.0,0.0,55.44,29.59,274.34,315.37,247.94
105.5526,120.34,0.0,0.0,0.0,0.0,0.0,0.0,0.0,0.0,0.0,0.0,42.79,23.21,274.34,317.68,257.4
105.5626,158.07,0.0,0.0,0.0,0.0,0.0,0.0,0.0,0.0,0.0,0.0,27.72,16.94,271.92,313.17,262.02
105.5726,214.61,11.22,0.0,0.0,0.0,0.0,0.0,0.0,0.0,0.0,0.0,12.54,10.56,264.55,308.55,269.06
105.5826,180.18,121.22,0.0,0.0,0.0,0.0,0.0,0.0,0.0,0.0,0.0,0.0,6.27,252.34,297.0,273.79
105.5926,128.26,208.89,3.85,8.36,0.0,0.0,0.0,0.0,0.0,0.0,0.0,0.0,6.27,227.81,274.01,278.52
105.6026,92.73,229.68,77.33,54.34,0.0,12.65,0.0,0.0,0.0,0.0,0.0,0.0,8.47,194.59,237.93,283.47
105.6126,79.64,242.22,130.68,65.01,15.18,48.73,9.02,6.71,0.0,0.0,0.0,0.0,8.47,148.28,187.0,288.53
105.6226,68.75,244.31,146.08,71.28,23.87,73.81,24.75,11.22,0.0,0.0,0.0,0.0,8.47,103.4,123.2,288.53
105.6326,57.97,240.13,159.28,75.57,28.16,88.0,40.59,15.73,0.0,0.0,0.0,0.0,10.56,62.7,58.85,276.1
105.6426,49.61,244.31,165.88,79.75,32.56,102.08,51.81,20.24,0.0,0.0,0.0,0.0,8.47,20.13,26.18,199.32
105.6526,45.54,254.76,165.88,88.33,34.65,113.85,63.36,22.55,0.0,0.0,0.0,0.0,6.27,15.07,22.11,123.64
105.6626,41.36,271.48,161.48,94.6,36.85,125.73,70.4,24.75,0.0,0.0,0.0,0.0,6.27,10.01,16.06,102.19
105.6726,39.27,279.95,157.08,103.07,41.25,135.41,77.55,29.26,0.0,0.0,0.0,0.0,4.18,7.48,12.1,96.36
105.6826,37.18,284.02,154.88,109.45,43.34,142.56,84.59,31.57,0.0,0.0,0.0,0.0,0.0,4.95,8.03,67.32
105.6926,35.09,292.27,148.28,117.81,45.54,149.71,89.32,33.77,0.0,0.0,0.0,0.0,0.0,0.0,3.96,25.08
105.7026,33.11,296.45,141.68,123.97,45.54,156.97,94.05,33.77,0.0,0.0,0.0,0.0,0.0,0.0,0.0,5.5
105.7126,31.02,298.43,135.08,130.24,47.74,161.7,98.78,36.08,0.0,0.0,0.0,0.0,0.0,0.0,0.0,0.0
105.7226,31.02,296.45,128.48,134.31,49.94,166.54,101.2,38.28,0.0,0.0,0.0,0.0,0.0,0.0,0.0,0.0
105.7326,28.93,294.36,119.68,138.49,49.94,168.96,103.51,38.28,0.0,0.0,0.0,0.0,0.0,0.0,0.0,0.0
105.7426,28.93,286.11,115.28,142.67,52.03,173.47,105.93,40.59,0.0,0.0,0.0,0.0,0.0,0.0,0.0,0.0
105.7526,26.84,277.75,108.57,144.76,52.03,173.47,110.66,40.59,0.0,0.0,0.0,0.0,0.0,0.0,0.0,0.0
105.7626,26.84,267.3,104.06,146.74,54.23,175.78,113.08,40.59,0.0,0.0,0.0,0.0,0.0,0.0,0.0,0.0
105.7726,24.75,256.85,101.86,146.74,56.43,178.09,115.28,42.79,0.0,0.0,0.0,0.0,0.0,0.0,0.0,0.0
105.7826,24.75,244.31,101.86,146.74,58.63,178.09,117.59,42.79,0.0,0.0,0.0,0.0,0.0,0.0,0.0,0.0
105.7926,24.75,235.95,99.66,146.74,58.63,178.09,119.79,42.79,0.0,0.0,0.0,0.0,0.0,0.0,0.0,0.0
105.8026,24.75,227.59,95.15,148.83,60.72,178.09,122.1,45.1,0.0,0.0,0.0,0.0,0.0,0.0,0.0,0.0
105.8126,22.77,219.23,88.55,150.92,60.72,180.4,124.41,45.1,0.0,0.0,0.0,0.0,0.0,0.0,0.0,0.0
105.8226,22.77,212.96,81.84,153.01,60.72,180.4,124.41,45.1,0.0,0.0,0.0,0.0,0.0,0.0,0.0,0.0
105.8326,22.77,204.71,75.13,155.1,62.92,182.71,124.41,45.1,0.0,0.0,0.0,0.0,0.0,0.0,0.0,0.0
105.8426,22.77,196.46,70.62,157.08,62.92,182.71,126.61,45.1,0.0,0.0,0.0,0.0,0.0,0.0,0.0,0.0
105.8526,20.68,190.19,66.22,159.17,65.01,184.91,128.92,47.3,0.0,0.0,0.0,0.0,0.0,0.0,0.0,0.0
105.8626,20.68,181.94,61.71,163.35,67.21,187.22,131.23,47.3,0.0,0.0,0.0,0.0,0.0,0.0,0.0,0.0
105.8726,20.68,177.87,59.51,165.44,69.3,189.53,135.74,49.61,0.0,0.0,0.0,0.0,0.0,0.0,0.0,0.0
105.8826,20.68,171.6,55.11,169.62,69.3,194.15,140.25,49.61,0.0,0.0,0.0,0.0,0.0,0.0,0.0,0.0
105.8926,20.68,165.22,51.15,173.8,71.5,196.46,142.56,51.81,0.0,0.0,0.0,0.0,0.0,0.0,0.0,0.0
105.9026,18.59,156.42,47.19,178.09,73.59,200.97,147.07,54.12,0.0,0.0,0.0,0.0,0.0,0.0,0.0,0.0
105.9126,18.59,152.02,43.23,182.38,75.79,205.59,151.58,54.12,0.0,0.0,0.0,0.0,0.0,0.0,0.0,0.0
105.9226,18.59,145.42,39.27,186.56,77.88,210.21,156.09,58.63,0.0,0.0,0.0,0.0,0.0,0.0,0.0,0.0
105.9326,18.59,138.82,33.44,192.94,80.08,214.72,160.71,58.63,0.0,0.0,0.0,0.0,0.0,0.0,0.0,0.0
105.9426,18.59,134.42,29.48,199.32,82.17,219.34,165.22,60.72,0.0,0.0,0.0,0.0,0.0,0.0,0.0,0.0
105.9526,16.5,127.82,25.52,205.7,82.17,226.27,169.84,62.92,0.0,0.0,0.0,0.0,0.0,0.0,0.0,0.0
105.9626,16.5,119.02,19.58,212.08,84.37,233.09,174.46,65.12,0.0,0.0,0.0,0.0,0.0,0.0,0.0,0.0
105.9726,16.5,110.22,15.73,218.46,86.57,237.71,179.08,69.41,0.0,0.0,0.0,0.0,0.0,0.0,0.0,0.0
105.9826,14.41,100.21,13.75,224.84,86.57,244.64,183.81,71.61,0.0,0.0,0.0,0.0,0.0,0.0,0.0,0.0
105.9926,14.41,88.33,11.77,230.56,86.57,251.57,186.12,73.81,0.0,0.0,0.0,0.0,0.0,0.0,0.0,0.0
106.0026,14.41,76.34,9.79,234.3,86.57,256.19,190.74,73.81,0.0,0.0,0.0,0.0,0.0,0.0,0.0,0.0
106.0126,12.32,62.48,7.81,240.02,86.57,263.12,193.05,76.01,0.0,0.0,0.0,0.0,0.0,0.0,0.0,0.0
106.0226,12.32,48.95,7.81,243.87,84.37,270.05,195.47,78.21,9.13,0.0,0.0,0.0,0.0,0.0,0.0,0.0
106.0326,10.34,35.75,5.83,247.72,84.37,274.67,197.78,80.3,15.95,0.0,0.0,0.0,0.0,0.0,0.0,0.0
106.0426,8.25,26.29,5.83,247.72,84.37,281.49,200.09,82.5,18.26,0.0,0.0,0.0,0.0,0.0,0.0,0.0
106.0526,8.25,16.94,3.85,247.72,82.17,288.09,202.4,86.9,25.08,0.0,0.0,0.0,0.0,0.0,0.0,0.0
106.0626,6.16,11.22,0.0,240.02,77.88,294.69,207.02,91.19,32.01,0.0,0.0,0.0,0.0,0.0,0.0,0.0
106.0726,4.07,9.35,0.0,230.56,71.5,301.29,209.44,95.59,50.27,0.0,0.0,0.0,0.0,0.0,0.0,0.0
106.0826,0.0,5.61,0.0,218.46,65.01,308.0,211.75,102.08,78.65,0.0,0.0,0.0,0.0,0.0,0.0,0.0
106.0926,0.0,5.61,0.0,205.7,58.63,312.4,211.75,108.68,92.95,0.0,0.0,0.0,0.0,0.0,0.0,0.0
106.1026,0.0,3.74,0.0,190.85,49.94,316.8,214.06,115.28,128.04,0.0,0.0,0.0,0.0,0.0,0.0,0.0
106.1126,0.0,0.0,0.0,173.8,43.34,319.0,214.06,122.21,116.71,16.72,41.8,0.0,0.0,0.0,0.0,0.0
106.1226,0.0,0.0,0.0,157.08,36.85,319.0,216.37,126.83,69.08,67.1,65.89,4.95,12.65,0.0,14.08,0.0
106.1326,0.0,0.0,0.0,136.4,28.16,316.8,216.37,133.65,59.51,103.18,76.78,15.07,12.65,12.54,24.2,5.5
106.1426,0.0,0.0,0.0,111.65,19.47,312.4,214.06,140.58,52.58,111.65,89.87,15.07,19.03,20.13,38.28,8.36
106.1526,0.0,0.0,0.0,81.95,10.78,303.49,209.44,147.4,45.76,113.85,100.76,17.6,21.12,30.14,50.38,8.36
106.1626,0.0,0.0,0.0,50.16,8.58,285.89,197.78,156.53,36.52,122.54,107.25,20.13,23.21,42.79,61.27,11.11
106.1726,0.0,0.0,0.0,20.9,8.58,253.88,172.15,168.08,29.7,131.23,111.65,22.66,25.41,52.91,73.26,16.72
106.1826,0.0,0.0,0.0,12.54,6.49,194.15,133.43,184.58,27.39,137.72,120.67,25.19,27.5,62.7,87.67,19.47
106.1926,0.0,0.0,0.0,10.45,8.58,123.42,89.32,198.88,22.88,148.61,127.6,27.72,31.79,72.27,99.66,25.08
106.2026,0.0,0.0,0.0,10.45,8.58,73.81,49.61,210.76,22.88,157.3,136.84,30.14,33.88,81.84,113.96,27.83
106.2126,0.0,0.0,0.0,8.36,6.49,33.88,20.24,184.58,20.57,165.99,145.97,32.67,35.97,89.1,127.93,30.69
106.2226,0.0,0.0,0.0,6.27,6.49,16.94,15.73,113.08,18.26,172.37,150.59,35.2,38.06,98.67,137.17,36.19
106.2326,0.0,0.0,0.0,6.27,4.29,12.65,11.22,69.41,18.26,180.73,155.21,40.26,40.26,108.24,148.83,41.8
106.2426,0.0,0.0,0.0,4.18,4.29,8.47,9.02,47.3,15.95,189.09,155.21,42.79,42.35,115.5,155.87,47.41
106.2526,0.0,0.0,0.0,4.18,0.0,6.27,4.51,40.59,15.95,193.27,155.21,47.85,44.44,120.56,162.8,53.02
106.2626,0.0,0.0,0.0,4.18,0.0,4.18,0.0,27.06,13.64,199.54,155.21,50.38,46.53,128.15,169.95,58.63
106.2726,0.0,0.0,0.0,0.0,0.0,0.0,0.0,9.02,13.64,203.72,152.9,52.91,48.73,133.21,174.79,64.35
106.2826,0.0,0.0,0.0,0.0,0.0,0.0,0.0,0.0,11.44,205.81,148.28,55.44,48.73,138.27,179.63,73.15
106.2926,0.0,0.0,0.0,0.0,0.0,0.0,0.0,0.0,11.44,205.81,143.66,57.97,50.82,145.75,184.58,78.98
106.3026,0.0,0.0,0.0,0.0,0.0,0.0,0.0,0.0,11.44,203.72,139.15,60.39,52.91,150.81,189.42,84.81
106.3126,0.0,0.0,0.0,0.0,0.0,0.0,0.0,0.0,11.44,201.63,132.22,65.45,52.91,155.87,194.37,87.67
106.3226,0.0,0.0,0.0,0.0,0.0,0.0,0.0,0.0,11.44,197.45,125.29,67.98,55.11,158.4,196.79,93.5
106.3326,0.0,0.0,0.0,0.0,0.0,0.0,0.0,0.0,9.13,193.27,118.36,70.4,57.53,163.46,201.63,96.36
106.3426,0.0,0.0,0.0,0.0,0.0,0.0,0.0,0.0,9.13,187.0,111.65,72.93,60.06,165.99,206.47,102.19
106.3526,0.0,0.0,0.0,0.0,0.0,0.0,0.0,0.0,9.13,180.73,105.05,72.93,60.06,171.05,209.0,105.16
106.3626,0.0,0.0,0.0,0.0,0.0,0.0,0.0,0.0,9.13,176.55,98.56,75.46,62.59,173.36,213.84,110.99
106.3726,0.0,0.0,0.0,0.0,0.0,0.0,0.0,0.0,9.13,170.28,92.07,77.99,62.59,178.09,216.26,113.52
106.3826,0.0,0.0,0.0,0.0,0.0,0.0,0.0,0.0,9.13,165.99,85.47,80.41,65.12,180.4,221.21,118.58
106.3926,0.0,0.0,0.0,0.0,0.0,0.0,0.0,0.0,6.82,159.39,78.98,82.94,67.65,185.13,225.94,121.11
106.4026,0.0,0.0,0.0,0.0,0.0,0.0,0.0,0.0,9.13,152.9,72.49,85.47,67.65,187.44,230.78,126.17
106.4126,0.0,0.0,0.0,0.0,0.0,0.0,0.0,0.0,6.82,148.61,65.89,88.0,70.18,189.86,235.51,128.7
106.4226,0.0,0.0,0.0,0.0,0.0,0.0,0.0,0.0,6.82,142.01,59.4,90.53,72.71,192.17,237.93,131.23
106.4325,0.0,0.0,0.0,0.0,0.0,0.0,0.0,0.0,6.82,135.52,53.13,92.95,72.71,196.9,242.77,136.29
106.4425,0.0,0.0,0.0,0.0,0.0,0.0,0.0,0.0,6.82,129.03,47.41,95.48,75.24,201.63,247.61,141.35
106.4525,0.0,0.0,0.0,0.0,0.0,0.0,0.0,0.0,6.82,120.34,41.8,98.01,75.24,206.36,252.34,143.88
106.4625,0.0,0.0,0.0,0.0,0.0,0.0,0.0,0.0,6.82,113.85,34.1,100.54,77.77,208.67,257.18,148.94
106.4725,0.0,0.0,0.0,0.0,0.0,0.0,0.0,0.0,6.82,105.27,28.49,102.96,77.77,213.4,262.02,154.0
106.4825,0.0,0.0,0.0,0.0,0.0,0.0,0.0,0.0,6.82,96.8,22.77,105.49,80.3,218.13,266.75,156.53
106.4925,0.0,0.0,0.0,0.0,0.0,0.0,0.0,0.0,4.51,88.33,18.92,108.02,80.3,222.97,271.59,161.59
106.5025,0.0,0.0,0.0,0.0,0.0,0.0,0.0,0.0,4.51,77.66,15.18,113.08,80.3,227.81,274.01,166.76
106.5125,0.0,0.0,0.0,0.0,0.0,0.0,0.0,0.0,4.51,64.9,11.33,115.5,77.77,235.18,276.43,169.18
106.5225,0.0,0.0,0.0,0.0,0.0,0.0,0.0,0.0,4.51,52.25,9.46,118.03,77.77,240.13,280.94,174.24
106.5325,0.0,0.0,0.0,0.0,0.0,0.0,0.0,0.0,4.51,37.62,9.46,122.98,77.77,247.39,283.25,176.77
106.5425,0.0,0.0,0.0,0.0,0.0,0.0,0.0,0.0,4.51,25.08,7.59,125.51,75.24,254.76,285.56,181.72
106.5525,0.0,0.0,0.0,0.0,0.0,0.0,0.0,0.0,0.0,16.72,5.61,125.51,75.24,259.71,290.18,189.31
106.5625,14.41,0.0,0.0,0.0,0.0,0.0,0.0,0.0,0.0,10.45,5.61,122.98,70.18,264.55,292.49,194.26
106.5725,14.41,0.0,0.0,0.0,0.0,0.0,0.0,0.0,0.0,6.27,3.74,120.45,67.65,266.97,297.0,201.85
106.5825,16.5,0.0,0.0,0.0,0.0,0.0,0.0,0.0,0.0,4.18,0.0,113.08,62.59,271.92,299.31,211.86
106.5925,22.77,0.0,0.0,0.0,0.0,0.0,0.0,0.0,0.0,4.18,0.0,105.49,57.53,274.34,303.93,219.34
106.6025,28.93,0.0,0.0,0.0,0.0,0.0,0.0,0.0,0.0,0.0,0.0,100.54,50.82,276.76,308.55,229.24
106.6125,33.11,0.0,0.0,0.0,0.0,0.0,0.0,0.0,0.0,0.0,0.0,92.95,44.44,279.29,310.86,236.28
106.6225,35.09,0.0,0.0,0.0,0.0,0.0,0.0,0.0,0.0,0.0,0.0,85.47,38.06,279.29,313.17,243.32
106.6325,51.7,0.0,0.0,0.0,0.0,0.0,0.0,0.0,0.0,0.0,0.0,75.46,31.79,281.71,315.37,250.36
106.6425,88.44,0.0,0.0,0.0,0.0,0.0,0.0,0.0,0.0,0.0,0.0,65.45,25.41,284.13,315.37,259.71
106.6525,126.28,0.0,0.0,0.0,0.0,0.0,0.0,0.0,0.0,0.0,0.0,55.44,19.03,286.55,315.37,264.44
106.6625,174.13,5.61,0.0,0.0,0.0,0.0,0.0,0.0,0.0,0.0,0.0,42.79,14.74,286.55,310.86,271.48
106.6725,148.17,90.31,0.0,0.0,0.0,0.0,0.0,0.0,0.0,0.0,0.0,27.72,8.47,281.71,308.55,276.1
106.6825,88.44,181.94,7.81,22.99,0.0,0.0,0.0,0.0,0.0,0.0,0.0,12.54,6.27,274.34,299.31,280.94
106.6925,62.26,196.46,84.04,43.89,10.78,16.94,6.71,4.51,0.0,0.0,0.0,4.95,6.27,259.71,285.56,286.0
106.7025,60.06,208.89,117.48,50.16,21.67,33.88,18.04,6.71,0.0,0.0,0.0,0.0,6.27,235.18,259.6,291.06
106.7125,49.61,206.8,130.68,52.25,30.36,48.73,33.77,11.22,0.0,0.0,0.0,0.0,6.27,196.9,218.68,293.59
106.7225,43.45,202.62,137.28,56.54,32.56,59.73,47.3,13.53,0.0,0.0,0.0,0.0,6.27,148.28,165.11,296.12
106.7325,37.18,200.64,141.68,58.63,36.85,71.5,58.63,15.73,0.0,0.0,0.0,0.0,8.47,101.09,113.96,296.12
106.7425,33.11,206.8,143.88,65.01,39.05,80.85,68.09,20.24,0.0,0.0,0.0,0.0,8.47,62.7,58.85,280.94
106.7525,31.02,219.23,143.88,69.19,41.25,90.31,75.13,20.24,0.0,0.0,0.0,0.0,6.27,22.66,26.18,216.81
106.7625,28.93,229.68,146.08,73.48,41.25,97.35,82.28,24.75,0.0,0.0,0.0,0.0,6.27,15.07,20.13,136.29
106.7725,28.93,235.95,148.28,77.66,45.54,106.7,89.32,24.75,0.0,0.0,0.0,0.0,6.27,12.54,18.15,110.99
106.7825,26.84,244.31,146.08,84.04,45.54,113.85,94.05,27.06,0.0,0.0,0.0,0.0,4.18,7.48,14.08,105.16
106.7925,26.84,254.76,141.68,88.33,47.74,121.0,98.78,29.26,0.0,0.0,0.0,0.0,0.0,4.95,8.03,84.81
106.8025,24.75,261.03,137.28,94.6,49.94,128.15,103.51,31.57,0.0,0.0,0.0,0.0,0.0,0.0,6.05,50.16
106.8125,24.75,267.3,132.88,98.89,49.94,132.99,108.24,33.77,0.0,0.0,0.0,0.0,0.0,0.0,0.0,13.86
106.8225,24.75,269.39,130.68,105.27,52.03,140.14,113.08,33.77,0.0,0.0,0.0,0.0,0.0,0.0,0.0,5.5
106.8325,24.75,269.39,128.48,109.45,54.23,144.98,117.59,36.08,0.0,0.0,0.0,0.0,0.0,0.0,0.0,0.0
106.8425,22.77,267.3,128.48,113.63,56.43,149.71,122.1,38.28,0.0,0.0,0.0,0.0,0.0,0.0,0.0,0.0
106.8525,22.77,263.12,124.08,117.81,58.63,154.55,124.41,38.28,0.0,0.0,0.0,0.0,0.0,0.0,0.0,0.0
106.8625,22.77,256.85,119.68,119.9,60.72,156.97,128.92,40.59,0.0,0.0,0.0,0.0,0.0,0.0,0.0,0.0
106.8725,20.68,250.58,115.28,123.97,60.72,161.7,131.23,42.79,0.0,0.0,0.0,0.0,0.0,0.0,0.0,0.0
106.8825,20.68,244.31,108.57,128.15,62.92,164.12,135.74,42.79,0.0,0.0,0.0,0.0,0.0,0.0,0.0,0.0
106.8925,20.68,240.13,99.66,134.31,62.92,168.96,137.94,45.1,0.0,0.0,0.0,0.0,0.0,0.0,0.0,0.0
106.9025,20.68,233.86,88.55,138.49,65.01,173.47,137.94,45.1,0.0,0.0,0.0,0.0,0.0,0.0,0.0,0.0
106.9125,18.59,225.5,79.53,142.67,67.21,175.78,140.25,47.3,0.0,0.0,0.0,0.0,0.0,0.0,0.0,0.0
106.9225,18.59,219.23,70.62,146.74,67.21,178.09,142.56,47.3,0.0,0.0,0.0,0.0,0.0,0.0,0.0,0.0
106.9325,18.59,210.98,61.71,150.92,69.3,182.71,147.07,49.61,0.0,0.0,0.0,0.0,0.0,0.0,0.0,0.0
106.9425,18.59,202.62,55.11,155.1,71.5,184.91,149.38,49.61,0.0,0.0,0.0,0.0,0.0,0.0,0.0,0.0
106.9525,18.59,194.37,47.19,161.26,71.5,189.53,151.58,51.81,0.0,0.0,0.0,0.0,0.0,0.0,0.0,0.0
106.9625,16.5,186.12,41.25,165.44,73.59,191.84,156.09,54.12,0.0,0.0,0.0,0.0,0.0,0.0,0.0,0.0
106.9725,16.5,177.87,35.42,169.62,73.59,196.46,158.4,54.12,0.0,0.0,0.0,0.0,0.0,0.0,0.0,0.0
106.9825,16.5,169.51,29.48,173.8,75.79,198.66,160.71,56.32,0.0,0.0,0.0,0.0,0.0,0.0,0.0,0.0
106.9925,16.5,160.82,25.52,178.09,77.88,203.28,165.22,58.63,0.0,0.0,0.0,0.0,0.0,0.0,0.0,0.0
107.0025,16.5,149.82,19.58,182.38,77.88,207.9,167.53,58.63,0.0,0.0,0.0,0.0,0.0,0.0,0.0,0.0
107.0125,14.41,138.82,15.73,188.65,77.88,212.41,169.84,60.72,0.0,0.0,0.0,0.0,0.0,0.0,0.0,0.0
107.0225,14.41,130.02,13.75,195.03,80.08,217.03,172.15,62.92,0.0,0.0,0.0,0.0,0.0,0.0,0.0,0.0
107.0325,14.41,119.02,11.77,201.41,80.08,221.65,174.46,65.12,0.0,0.0,0.0,0.0,0.0,0.0,0.0,0.0
107.0425,14.41,108.13,9.79,205.7,80.08,226.27,176.77,65.12,0.0,0.0,0.0,0.0,0.0,0.0,0.0,0.0
107.0525,12.32,98.23,7.81,214.17,77.88,233.09,181.5,67.32,0.0,0.0,0.0,0.0,0.0,0.0,0.0,0.0
107.0625,12.32,86.35,7.81,220.55,77.88,237.71,183.81,69.41,0.0,0.0,0.0,0.0,0.0,0.0,0.0,0.0
107.0725,12.32,74.36,7.81,226.71,77.88,244.64,186.12,71.61,0.0,0.0,0.0,0.0,0.0,0.0,0.0,0.0
107.0825,12.32,62.48,5.83,232.43,77.88,251.57,188.43,73.81,0.0,0.0,0.0,0.0,0.0,0.0,0.0,0.0
107.0925,10.34,50.82,5.83,238.15,75.79,256.19,190.74,76.01,0.0,0.0,0.0,0.0,0.0,0.0,0.0,0.0
107.1025,10.34,39.49,5.83,242.0,75.79,263.12,193.05,78.21,0.0,0.0,0.0,0.0,0.0,0.0,0.0,0.0
107.1125,8.25,28.16,3.85,243.87,75.79,267.74,197.78,80.3,0.0,0.0,0.0,0.0,0.0,0.0,0.0,0.0
107.1225,8.25,18.81,3.85,243.87,77.88,274.67,202.4,84.7,0.0,0.0,0.0,0.0,0.0,0.0,0.0,0.0
107.1325,6.16,13.09,3.85,240.02,75.79,279.29,207.02,86.9,0.0,0.0,0.0,0.0,0.0,0.0,0.0,0.0
107.1425,4.07,9.35,0.0,234.3,73.59,285.89,211.75,93.39,9.13,0.0,0.0,0.0,0.0,0.0,0.0,0.0
107.1525,4.07,7.48,0.0,226.71,69.3,292.49,216.37,99.99,15.95,0.0,0.0,0.0,0.0,0.0,0.0,0.0
107.1625,0.0,5.61,0.0,218.46,62.92,296.89,218.68,106.48,18.26,0.0,0.0,0.0,0.0,0.0,0.0,0.0
107.1725,0.0,3.74,0.0,209.88,58.63,303.49,220.99,113.08,22.88,0.0,0.0,0.0,0.0,0.0,0.0,0.0
107.1825,0.0,3.74,0.0,199.32,52.03,310.2,223.41,119.9,32.01,0.0,0.0,0.0,0.0,0.0,0.0,0.0
107.1925,0.0,0.0,0.0,188.65,45.54,316.8,223.41,124.52,61.93,0.0,0.0,0.0,0.0,0.0,0.0,0.0
107.2025,0.0,0.0,0.0,178.09,39.05,321.2,223.41,131.34,107.25,0.0,0.0,0.0,0.0,0.0,0.0,0.0
107.2125,0.0,0.0,0.0,165.44,30.36,323.4,223.41,138.27,150.81,4.18,7.59,0.0,0.0,0.0,0.0,0.0
107.2225,0.0,0.0,0.0,148.83,23.87,325.6,220.99,142.78,104.94,37.62,68.09,0.0,0.0,0.0,0.0,0.0
107.2325,0.0,0.0,0.0,126.06,15.18,325.6,218.68,147.4,54.89,88.33,107.25,7.48,14.74,10.01,18.15,0.0
107.2425,0.0,0.0,0.0,103.07,8.58,321.2,211.75,154.33,43.45,115.94,127.6,12.54,14.74,22.66,30.25,8.36
107.2525,0.0,0.0,0.0,71.28,8.58,310.2,197.78,161.15,38.83,115.94,141.35,12.54,19.03,32.67,42.35,8.36
107.2625,0.0,0.0,0.0,37.62,8.58,288.09,174.46,170.39,29.7,115.94,145.97,15.07,23.21,45.32,56.54,13.86
107.2725,0.0,0.0,0.0,16.72,8.58,240.02,137.94,184.58,22.88,122.54,145.97,17.6,25.41,60.28,68.42,16.72
107.2825,0.0,0.0,0.0,12.54,8.58,161.7,96.47,201.19,15.95,124.63,150.59,20.13,29.59,69.85,85.25,22.33
107.2925,0.0,0.0,0.0,10.45,8.58,92.62,54.12,213.07,13.64,129.03,157.52,20.13,31.79,79.53,99.66,25.08
107.3025,0.0,0.0,0.0,8.36,8.58,48.73,22.55,196.46,13.64,135.52,166.76,22.66,35.97,86.68,113.96,27.83
107.3125,0.0,0.0,0.0,8.36,6.49,21.12,18.04,126.83,13.64,142.01,176.11,25.19,38.06,93.83,127.93,36.19
107.3225,0.0,0.0,0.0,6.27,6.49,14.74,13.53,78.21,11.44,146.41,183.04,25.19,40.26,101.09,139.59,41.8
107.3325,0.0,0.0,0.0,6.27,4.29,10.56,11.22,56.32,11.44,150.7,190.08,27.72,44.44,108.24,151.14,47.41
107.3425,0.0,0.0,0.0,4.18,0.0,6.27,6.71,45.1,11.44,152.9,192.39,30.14,46.53,113.08,160.49,55.77
107.3525,0.0,0.0,0.0,4.18,0.0,4.18,4.51,33.77,11.44,155.1,194.81,30.14,48.73,120.56,172.37,64.35
107.3625,0.0,0.0,0.0,0.0,0.0,0.0,0.0,15.73,9.13,157.3,194.81,32.67,52.91,125.62,179.63,76.01
107.3725,0.0,0.0,0.0,0.0,0.0,0.0,0.0,0.0,11.44,157.3,194.81,35.2,52.91,130.68,189.42,81.84
107.3825,0.0,0.0,0.0,0.0,0.0,0.0,0.0,0.0,9.13,159.39,192.39,37.73,55.11,133.21,196.79,90.53
107.3925,0.0,0.0,0.0,0.0,0.0,0.0,0.0,0.0,9.13,157.3,190.08,40.26,57.53,138.27,204.05,99.33
107.4025,0.0,0.0,0.0,0.0,0.0,0.0,0.0,0.0,9.13,155.1,187.77,40.26,60.06,143.22,211.42,105.16
107.4125,0.0,0.0,0.0,0.0,0.0,0.0,0.0,0.0,9.13,150.7,183.04,42.79,62.59,145.75,216.26,110.99
107.4225,0.0,0.0,0.0,0.0,0.0,0.0,0.0,0.0,9.13,146.41,178.42,42.79,65.12,148.28,221.21,116.05
107.4325,0.0,0.0,0.0,0.0,0.0,0.0,0.0,0.0,9.13,139.92,173.69,45.32,67.65,150.81,225.94,121.11
107.4425,0.0,0.0,0.0,0.0,0.0,0.0,0.0,0.0,9.13,135.52,169.07,45.32,67.65,153.34,230.78,123.64
107.4525,0.0,0.0,0.0,0.0,0.0,0.0,0.0,0.0,9.13,129.03,162.14,47.85,70.18,155.87,235.51,126.17
107.4625,0.0,0.0,0.0,0.0,0.0,0.0,0.0,0.0,9.13,122.54,157.52,47.85,72.71,155.87,240.35,131.23
107.4725,0.0,0.0,0.0,0.0,0.0,0.0,0.0,0.0,9.13,118.14,152.9,47.85,72.71,158.4,245.19,133.76
107.4825,0.0,0.0,0.0,0.0,0.0,0.0,0.0,0.0,6.82,113.85,148.28,50.38,75.24,160.93,249.92,136.29
107.4925,0.0,0.0,0.0,0.0,0.0,0.0,0.0,0.0,6.82,107.47,141.35,50.38,77.77,160.93,254.76,138.82
107.5025,0.0,0.0,0.0,0.0,0.0,0.0,0.0,0.0,6.82,101.09,134.53,52.91,77.77,163.46,259.6,141.35
107.5125,0.0,0.0,0.0,0.0,0.0,0.0,0.0,0.0,6.82,96.8,127.6,52.91,80.3,165.99,262.02,143.88
107.5225,0.0,0.0,0.0,0.0,0.0,0.0,0.0,0.0,6.82,92.51,118.36,52.91,82.83,168.52,266.75,146.41
107.5325,0.0,0.0,0.0,0.0,0.0,0.0,0.0,0.0,6.82,86.13,111.65,55.44,82.83,171.05,269.17,151.47
107.5425,0.0,0.0,0.0,0.0,0.0,0.0,0.0,0.0,6.82,79.86,105.05,55.44,85.25,173.36,276.43,154.0
107.5525,0.0,0.0,0.0,0.0,0.0,0.0,0.0,0.0,6.82,73.48,96.36,57.97,87.78,175.67,280.94,156.53
107.5625,0.0,0.0,0.0,0.0,0.0,0.0,0.0,0.0,6.82,67.1,87.67,60.39,87.78,178.09,285.56,161.59
107.5725,0.0,0.0,0.0,0.0,0.0,0.0,0.0,0.0,6.82,62.81,78.98,60.39,90.31,182.82,290.18,164.12
107.5825,0.0,0.0,0.0,0.0,0.0,0.0,0.0,0.0,6.82,54.34,70.29,62.92,92.84,185.13,294.8,166.76
107.5925,0.0,0.0,0.0,0.0,0.0,0.0,0.0,0.0,6.82,48.07,61.6,65.45,92.84,189.86,299.31,171.71
107.6025,0.0,0.0,0.0,0.0,0.0,0.0,0.0,0.0,6.82,43.89,53.13,67.98,92.84,194.59,303.93,174.24
107.6125,0.0,0.0,0.0,0.0,0.0,0.0,0.0,0.0,6.82,35.53,45.54,67.98,95.37,196.9,308.55,176.77
107.6225,0.0,0.0,0.0,0.0,0.0,0.0,0.0,0.0,4.51,29.26,37.95,70.4,95.37,201.63,310.86,181.72
107.6325,0.0,0.0,0.0,0.0,0.0,0.0,0.0,0.0,4.51,20.9,32.23,70.4,95.37,206.36,315.37,184.25
107.6425,0.0,0.0,0.0,0.0,0.0,0.0,0.0,0.0,4.51,14.63,24.64,72.93,95.37,211.09,317.68,189.31
107.6525,10.34,0.0,0.0,0.0,0.0,0.0,0.0,0.0,0.0,10.45,17.05,72.93,95.37,213.4,324.61,194.26
107.6625,14.41,0.0,0.0,0.0,0.0,0.0,0.0,0.0,0.0,6.27,11.33,70.4,92.84,215.82,329.23,199.32
107.6725,20.68,0.0,0.0,0.0,0.0,0.0,0.0,0.0,0.0,4.18,7.59,65.45,90.31,218.13,333.74,209.33
107.6825,22.77,0.0,0.0,0.0,0.0,0.0,0.0,0.0,0.0,0.0,5.61,60.39,85.25,220.55,340.56,219.34
107.6925,31.02,0.0,0.0,0.0,0.0,0.0,0.0,0.0,0.0,0.0,3.74,55.44,80.3,222.97,345.07,226.93
107.7025,37.18,0.0,0.0,0.0,0.0,0.0,0.0,0.0,0.0,0.0,3.74,50.38,72.71,225.39,347.27,233.86
107.7125,60.06,0.0,0.0,0.0,0.0,0.0,0.0,0.0,0.0,0.0,0.0,45.32,65.12,227.81,349.58,243.32
107.7225,136.18,0.0,0.0,0.0,0.0,0.0,0.0,0.0,0.0,0.0,0.0,37.73,55.11,227.81,351.89,250.36
107.7325,188.32,30.14,0.0,0.0,0.0,0.0,0.0,0.0,0.0,0.0,0.0,30.14,44.44,230.34,349.58,257.4
107.7425,146.19,134.42,0.0,0.0,0.0,0.0,0.0,0.0,0.0,0.0,0.0,20.13,35.97,227.81,345.07,264.44
107.7525,86.24,221.32,13.75,12.54,0.0,0.0,0.0,0.0,0.0,0.0,0.0,10.01,25.41,222.97,340.56,269.06
107.7625,49.61,240.13,75.13,45.98,0.0,10.56,0.0,0.0,0.0,0.0,0.0,0.0,16.94,213.4,331.54,273.79
107.7725,43.45,252.67,99.66,54.34,8.58,31.79,6.71,4.51,0.0,0.0,0.0,0.0,6.27,194.59,315.37,276.1
107.7825,35.09,248.49,106.37,62.81,17.27,55.11,15.73,9.02,0.0,0.0,0.0,0.0,4.18,165.99,287.87,276.1
107.7925,28.93,240.13,110.77,69.19,21.67,73.81,24.75,11.22,0.0,0.0,0.0,0.0,4.18,125.62,247.61,276.1
107.8025,26.84,238.04,106.37,73.48,23.87,85.58,33.77,13.53,0.0,0.0,0.0,0.0,4.18,86.68,196.79,273.79
107.8125,24.75,244.31,97.46,81.95,28.16,97.35,40.59,15.73,0.0,0.0,0.0,0.0,4.18,60.28,139.59,271.48
107.8225,22.77,250.58,90.75,86.13,30.36,106.7,47.3,18.04,0.0,0.0,0.0,0.0,6.27,32.67,85.25,262.02
107.8325,22.77,250.58,90.75,92.51,32.56,116.16,54.12,20.24,0.0,0.0,0.0,0.0,4.18,12.54,32.23,233.86
107.8425,22.77,252.67,90.75,98.89,34.65,123.42,60.94,22.55,0.0,0.0,0.0,0.0,4.18,10.01,20.13,154.0
107.8525,20.68,256.85,88.55,105.27,39.05,132.99,68.09,24.75,0.0,0.0,0.0,0.0,4.18,7.48,14.08,108.02
107.8624,20.68,261.03,84.04,111.65,41.25,137.72,72.82,27.06,0.0,0.0,0.0,0.0,0.0,4.95,12.1,87.67
107.8724,20.68,265.21,81.84,115.72,43.34,144.98,77.55,27.06,0.0,0.0,0.0,0.0,0.0,4.95,8.03,76.01
107.8824,20.68,265.21,81.84,119.9,45.54,149.71,84.59,29.26,0.0,0.0,0.0,0.0,0.0,0.0,6.05,58.63
107.8924,20.68,261.03,81.84,123.97,47.74,156.97,89.32,31.57,0.0,0.0,0.0,0.0,0.0,0.0,0.0,25.08
107.9024,20.68,256.85,86.24,128.15,49.94,161.7,96.47,31.57,0.0,0.0,0.0,0.0,0.0,0.0,0.0,5.5
107.9124,20.68,250.58,86.24,130.24,52.03,166.54,103.51,33.77,0.0,0.0,0.0,0.0,0.0,0.0,0.0,0.0
107.9224,20.68,246.4,86.24,134.31,54.23,173.47,110.66,36.08,0.0,0.0,0.0,0.0,0.0,0.0,0.0,0.0
107.9324,20.68,242.22,84.04,140.58,56.43,178.09,115.28,36.08,0.0,0.0,0.0,0.0,0.0,0.0,0.0,0.0
107.9424,18.59,235.95,79.53,144.76,58.63,182.71,119.79,38.28,0.0,0.0,0.0,0.0,0.0,0.0,0.0,0.0
107.9524,18.59,229.68,75.13,148.83,60.72,187.22,124.41,40.59,0.0,0.0,0.0,0.0,0.0,0.0,0.0,0.0
107.9624,18.59,223.41,70.62,155.1,62.92,191.84,128.92,40.59,0.0,0.0,0.0,0.0,0.0,0.0,0.0,0.0
107.9724,18.59,215.05,66.22,159.17,65.01,196.46,133.43,42.79,0.0,0.0,0.0,0.0,0.0,0.0,0.0,0.0
107.9824,18.59,208.89,59.51,163.35,67.21,200.97,137.94,45.1,0.0,0.0,0.0,0.0,0.0,0.0,0.0,0.0
107.9924,18.59,200.64,55.11,169.62,69.3,205.59,142.56,47.3,0.0,0.0,0.0,0.0,0.0,0.0,0.0,0.0
108.0024,16.5,192.28,49.17,173.8,69.3,207.9,144.76,47.3,0.0,0.0,0.0,0.0,0.0,0.0,0.0,0.0
108.0124,16.5,184.03,43.23,178.09,71.5,212.41,149.38,49.61,0.0,0.0,0.0,0.0,0.0,0.0,0.0,0.0
108.0224,16.5,173.69,37.29,182.38,73.59,217.03,153.89,51.81,0.0,0.0,0.0,0.0,0.0,0.0,0.0,0.0
108.0324,16.5,163.02,33.44,186.56,75.79,219.34,158.4,54.12,0.0,0.0,0.0,0.0,0.0,0.0,0.0,0.0
108.0424,16.5,152.02,27.5,190.85,75.79,223.96,162.91,54.12,0.0,0.0,0.0,0.0,0.0,0.0,0.0,0.0
108.0524,14.41,143.22,23.54,195.03,77.88,228.47,167.53,56.32,0.0,0.0,0.0,0.0,0.0,0.0,0.0,0.0
108.0624,14.41,132.22,19.58,199.32,80.08,230.78,169.84,58.63,0.0,0.0,0.0,0.0,0.0,0.0,0.0,0.0
108.0724,14.41,119.02,15.73,203.61,80.08,235.4,174.46,60.72,0.0,0.0,0.0,0.0,0.0,0.0,0.0,0.0
108.0824,14.41,106.15,13.75,207.79,80.08,240.02,176.77,62.92,0.0,0.0,0.0,0.0,0.0,0.0,0.0,0.0
108.0924,12.32,94.27,11.77,212.08,80.08,244.64,181.5,62.92,0.0,0.0,0.0,0.0,0.0,0.0,0.0,0.0
108.1024,12.32,80.3,9.79,216.26,80.08,249.26,183.81,65.12,0.0,0.0,0.0,0.0,0.0,0.0,0.0,0.0
108.1124,12.32,68.42,7.81,220.55,80.08,253.88,186.12,67.32,0.0,0.0,0.0,0.0,0.0,0.0,0.0,0.0
108.1224,12.32,56.54,7.81,226.71,80.08,260.81,190.74,69.41,0.0,0.0,0.0,0.0,0.0,0.0,0.0,0.0
108.1324,10.34,45.21,5.83,230.56,80.08,265.43,193.05,71.61,0.0,0.0,0.0,0.0,0.0,0.0,0.0,0.0
108.1424,10.34,35.75,5.83,234.3,80.08,270.05,195.47,73.81,0.0,0.0,0.0,0.0,0.0,0.0,0.0,0.0
108.1524,8.25,26.29,5.83,236.28,80.08,274.67,197.78,76.01,0.0,0.0,0.0,0.0,0.0,0.0,0.0,0.0
108.1624,8.25,18.81,3.85,236.28,80.08,279.29,202.4,78.21,0.0,0.0,0.0,0.0,0.0,0.0,0.0,0.0
108.1724,6.16,13.09,3.85,232.43,77.88,283.69,207.02,82.5,0.0,0.0,0.0,0.0,0.0,0.0,0.0,0.0
108.1824,4.07,11.22,0.0,226.71,75.79,288.09,211.75,86.9,0.0,0.0,0.0,0.0,0.0,0.0,0.0,0.0
108.1924,4.07,9.35,0.0,218.46,73.59,292.49,214.06,91.19,0.0,0.0,0.0,0.0,0.0,0.0,0.0,0.0
108.2024,0.0,5.61,0.0,209.88,69.3,296.89,218.68,95.59,9.13,0.0,0.0,0.0,0.0,0.0,0.0,0.0
108.2124,0.0,5.61,0.0,201.41,67.21,301.29,220.99,102.08,9.13,0.0,0.0,0.0,0.0,0.0,0.0,0.0
108.2224,0.0,3.74,0.0,190.85,60.72,303.49,223.41,106.48,18.26,0.0,0.0,0.0,0.0,0.0,0.0,0.0
108.2324,0.0,0.0,0.0,182.38,56.43,308.0,225.61,113.08,22.88,0.0,0.0,0.0,0.0,0.0,0.0,0.0
108.2424,0.0,0.0,0.0,173.8,52.03,310.2,227.92,117.59,29.7,0.0,0.0,0.0,0.0,0.0,0.0,0.0
108.2524,0.0,0.0,0.0,163.35,45.54,312.4,227.92,122.21,36.52,0.0,0.0,0.0,0.0,0.0,0.0,0.0
108.2624,0.0,0.0,0.0,155.1,39.05,316.8,227.92,126.83,52.58,0.0,0.0,0.0,0.0,0.0,0.0,0.0
108.2724,0.0,0.0,0.0,142.67,34.65,319.0,225.61,133.65,102.52,0.0,0.0,0.0,0.0,0.0,0.0,0.0
108.2824,0.0,0.0,0.0,128.15,25.96,319.0,223.41,135.96,128.04,0.0,0.0,0.0,0.0,0.0,0.0,0.0
108.2924,0.0,0.0,0.0,113.63,19.47,319.0,220.99,140.58,185.46,8.36,7.59,0.0,0.0,0.0,0.0,0.0
108.3024,0.0,0.0,0.0,92.51,12.98,316.8,216.37,145.09,116.71,60.72,83.38,0.0,0.0,0.0,0.0,0.0
108.3124,0.0,0.0,0.0,71.28,8.58,308.0,211.75,152.02,54.89,129.03,122.98,15.07,12.65,22.66,26.18,5.5
108.3224,0.0,0.0,0.0,43.89,8.58,292.49,200.09,158.84,47.96,148.61,143.66,20.13,16.94,37.73,44.33,8.36
108.3324,0.0,0.0,0.0,18.81,8.58,263.12,174.46,170.39,38.83,139.92,159.83,22.66,21.12,50.38,61.27,13.86
108.3424,0.0,0.0,0.0,12.54,8.58,203.28,135.74,187.0,27.39,142.01,159.83,25.19,25.41,65.12,80.41,19.47
108.3524,0.0,0.0,0.0,10.45,8.58,125.73,94.05,203.61,20.57,144.21,159.83,27.72,29.59,79.53,99.66,25.08
108.3624,0.0,0.0,0.0,8.36,8.58,69.19,49.61,213.07,18.26,148.61,164.45,32.67,31.79,91.41,118.58,30.69
108.3724,0.0,0.0,0.0,8.36,6.49,29.59,20.24,179.85,15.95,157.3,169.07,35.2,33.88,103.4,134.86,36.19
108.3824,0.0,0.0,0.0,6.27,6.49,16.94,15.73,102.08,13.64,163.79,173.69,37.73,38.06,110.66,148.83,44.66
108.3924,0.0,0.0,0.0,6.27,4.29,12.65,13.53,60.72,13.64,168.19,176.11,40.26,40.26,118.03,160.49,55.77
108.4024,0.0,0.0,0.0,4.18,0.0,8.47,9.02,40.59,13.64,172.37,176.11,42.79,44.44,128.15,169.95,64.35
108.4124,0.0,0.0,0.0,0.0,0.0,6.27,4.51,36.08,13.64,176.55,176.11,47.85,46.53,133.21,179.63,73.15
108.4224,0.0,0.0,0.0,0.0,0.0,4.18,0.0,22.55,11.44,178.64,173.69,50.38,48.73,138.27,187.0,84.81
108.4324,0.0,0.0,0.0,0.0,0.0,0.0,0.0,4.51,11.44,180.73,169.07,52.91,48.73,145.75,194.37,93.5
108.4424,0.0,0.0,0.0,0.0,0.0,0.0,0.0,0.0,11.44,180.73,164.45,55.44,50.82,150.81,201.63,99.33
108.4524,0.0,0.0,0.0,0.0,0.0,0.0,0.0,0.0,11.44,178.64,159.83,57.97,52.91,155.87,206.47,105.16
108.4624,0.0,0.0,0.0,0.0,0.0,0.0,0.0,0.0,9.13,176.55,152.9,60.39,55.11,160.93,211.42,113.52
108.4724,0.0,0.0,0.0,0.0,0.0,0.0,0.0,0.0,9.13,174.46,145.97,62.92,57.53,165.99,216.26,118.58
108.4824,0.0,0.0,0.0,0.0,0.0,0.0,0.0,0.0,9.13,168.19,139.15,65.45,60.06,168.52,223.52,121.11
108.4924,0.0,0.0,0.0,0.0,0.0,0.0,0.0,0.0,9.13,161.59,129.91,70.4,60.06,173.36,225.94,126.17
108.5024,0.0,0.0,0.0,0.0,0.0,0.0,0.0,0.0,9.13,155.1,120.67,72.93,62.59,178.09,230.78,131.23
108.5124,0.0,0.0,0.0,0.0,0.0,0.0,0.0,0.0,9.13,148.61,111.65,75.46,65.12,180.4,235.51,133.76
108.5224,0.0,0.0,0.0,0.0,0.0,0.0,0.0,0.0,9.13,142.01,100.76,77.99,65.12,185.13,237.93,136.29
108.5324,0.0,0.0,0.0,0.0,0.0,0.0,0.0,0.0,9.13,135.52,89.87,80.41,67.65,187.44,242.77,141.35
108.5424,0.0,0.0,0.0,0.0,0.0,0.0,0.0,0.0,6.82,129.03,78.98,82.94,70.18,192.17,245.19,143.88
108.5524,0.0,0.0,0.0,0.0,0.0,0.0,0.0,0.0,6.82,120.34,70.29,85.47,70.18,194.59,247.61,146.41
108.5624,0.0,0.0,0.0,0.0,0.0,0.0,0.0,0.0,6.82,113.85,61.6,85.47,72.71,196.9,252.34,151.47
108.5724,0.0,0.0,0.0,0.0,0.0,0.0,0.0,0.0,6.82,105.27,53.13,88.0,72.71,201.63,254.76,154.0
108.5824,0.0,0.0,0.0,0.0,0.0,0.0,0.0,0.0,6.82,101.09,45.54,90.53,75.24,203.94,259.6,156.53
108.5924,0.0,0.0,0.0,0.0,0.0,0.0,0.0,0.0,6.82,92.51,39.82,92.95,75.24,206.36,262.02,159.06
108.6024,0.0,0.0,0.0,0.0,0.0,0.0,0.0,0.0,6.82,86.13,34.1,95.48,75.24,208.67,266.75,161.59
108.6124,0.0,0.0,0.0,0.0,0.0,0.0,0.0,0.0,6.82,77.66,28.49,95.48,75.24,213.4,271.59,166.76
108.6224,0.0,0.0,0.0,0.0,0.0,0.0,0.0,0.0,6.82,71.28,20.9,98.01,77.77,215.82,274.01,169.18
108.6324,0.0,0.0,0.0,0.0,0.0,0.0,0.0,0.0,6.82,62.81,17.05,100.54,77.77,218.13,280.94,174.24
108.6424,0.0,0.0,0.0,0.0,0.0,0.0,0.0,0.0,6.82,52.25,15.18,102.96,77.77,222.97,283.25,176.77
108.6524,0.0,0.0,0.0,0.0,0.0,0.0,0.0,0.0,4.51,41.8,11.33,105.49,77.77,227.81,287.87,181.72
108.6624,0.0,0.0,0.0,0.0,0.0,0.0,0.0,0.0,4.51,31.35,11.33,108.02,77.77,232.76,290.18,186.78
108.6724,0.0,0.0,0.0,0.0,0.0,0.0,0.0,0.0,4.51,22.99,9.46,110.55,77.77,237.6,294.8,191.73
108.6824,0.0,0.0,0.0,0.0,0.0,0.0,0.0,0.0,0.0,14.63,7.59,110.55,77.77,242.55,299.31,196.79
108.6924,0.0,0.0,0.0,0.0,0.0,0.0,0.0,0.0,0.0,10.45,5.61,108.02,75.24,247.39,303.93,204.27
108.7024,0.0,0.0,0.0,0.0,0.0,0.0,0.0,0.0,0.0,6.27,3.74,105.49,72.71,252.34,306.24,211.86
108.7124,0.0,0.0,0.0,0.0,0.0,0.0,0.0,0.0,0.0,4.18,3.74,102.96,67.65,254.76,310.86,219.34
108.7224,4.07,0.0,0.0,0.0,0.0,0.0,0.0,0.0,0.0,4.18,0.0,98.01,65.12,257.18,315.37,224.4
108.7324,14.41,0.0,0.0,0.0,0.0,0.0,0.0,0.0,0.0,0.0,0.0,92.95,60.06,262.13,319.99,231.55
108.7424,20.68,0.0,0.0,0.0,0.0,0.0,0.0,0.0,0.0,0.0,0.0,88.0,55.11,264.55,322.3,238.59
108.7524,24.75,0.0,0.0,0.0,0.0,0.0,0.0,0.0,0.0,0.0,0.0,80.41,48.73,266.97,326.92,245.63
108.7624,28.93,0.0,0.0,0.0,0.0,0.0,0.0,0.0,0.0,0.0,0.0,75.46,44.44,269.5,329.23,254.98
108.7724,35.09,0.0,0.0,0.0,0.0,0.0,0.0,0.0,0.0,0.0,0.0,67.98,38.06,271.92,331.54,259.71
108.7824,37.18,0.0,0.0,0.0,0.0,0.0,0.0,0.0,0.0,0.0,0.0,60.39,31.79,274.34,331.54,266.75
108.7924,55.88,0.0,0.0,0.0,0.0,0.0,0.0,0.0,0.0,0.0,0.0,50.38,27.5,276.76,331.54,271.48
108.8024,114.4,0.0,0.0,0.0,0.0,0.0,0.0,0.0,0.0,0.0,0.0,42.79,21.12,279.29,329.23,278.52
108.8124,168.08,7.48,0.0,0.0,0.0,0.0,0.0,0.0,0.0,0.0,0.0,30.14,14.74,279.29,324.61,283.47
108.8224,140.25,96.25,0.0,0.0,0.0,0.0,0.0,0.0,0.0,0.0,0.0,20.13,10.56,276.76,315.37,286.0
108.8324,79.64,160.82,47.19,39.71,0.0,6.27,0.0,0.0,0.0,0.0,0.0,7.48,6.27,269.5,306.24,291.06
108.8424,66.66,188.21,97.46,52.25,15.18,29.59,9.02,4.51,0.0,0.0,0.0,0.0,6.27,254.76,285.56,293.59
108.8524,57.97,196.46,115.28,58.63,21.67,50.82,18.04,9.02,0.0,0.0,0.0,0.0,6.27,227.81,257.18,296.12
108.8624,45.54,198.55,126.28,62.81,28.16,69.19,33.77,13.53,0.0,0.0,0.0,0.0,6.27,192.17,211.42,301.18
108.8724,37.18,200.64,128.48,69.19,30.36,83.27,45.1,15.73,0.0,0.0,0.0,0.0,8.47,140.8,155.87,301.18
108.8824,31.02,208.89,126.28,75.57,34.65,95.04,54.12,18.04,0.0,0.0,0.0,0.0,8.47,96.25,104.39,298.65
108.8924,28.93,219.23,124.08,81.95,36.85,106.7,60.94,20.24,0.0,0.0,0.0,0.0,8.47,55.44,48.4,280.94
108.9024,26.84,227.59,126.28,88.33,39.05,113.85,70.4,22.55,0.0,0.0,0.0,0.0,8.47,20.13,26.18,201.85
108.9124,24.75,229.68,130.68,92.51,41.25,121.0,77.55,24.75,0.0,0.0,0.0,0.0,6.27,15.07,22.11,128.7
108.9224,24.75,235.95,130.68,96.8,43.34,128.15,82.28,27.06,0.0,0.0,0.0,0.0,4.18,10.01,18.15,105.16
108.9324,24.75,242.22,128.48,103.07,45.54,135.41,89.32,29.26,0.0,0.0,0.0,0.0,4.18,7.48,14.08,102.19
108.9424,22.77,248.49,126.28,109.45,47.74,142.56,94.05,31.57,0.0,0.0,0.0,0.0,0.0,4.95,10.01,78.98
108.9524,22.77,252.67,119.68,115.72,49.94,149.71,98.78,31.57,0.0,0.0,0.0,0.0,0.0,0.0,6.05,41.8
108.9624,22.77,254.76,113.08,121.99,52.03,156.97,103.51,33.77,0.0,0.0,0.0,0.0,0.0,0.0,0.0,11.11
108.9724,20.68,252.67,108.57,128.15,52.03,161.7,108.24,33.77,0.0,0.0,0.0,0.0,0.0,0.0,0.0,5.5
108.9824,20.68,248.49,104.06,134.31,54.23,168.96,113.08,36.08,0.0,0.0,0.0,0.0,0.0,0.0,0.0,0.0
108.9924,20.68,242.22,97.46,140.58,56.43,173.47,117.59,38.28,0.0,0.0,0.0,0.0,0.0,0.0,0.0,0.0
109.0024,18.59,235.95,88.55,144.76,60.72,178.09,119.79,38.28,0.0,0.0,0.0,0.0,0.0,0.0,0.0,0.0
109.0124,18.59,227.59,79.53,150.92,60.72,182.71,124.41,40.59,0.0,0.0,0.0,0.0,0.0,0.0,0.0,0.0
109.0224,18.59,217.14,70.62,157.08,62.92,187.22,128.92,42.79,0.0,0.0,0.0,0.0,0.0,0.0,0.0,0.0
109.0324,16.5,208.89,59.51,163.35,65.01,191.84,133.43,42.79,0.0,0.0,0.0,0.0,0.0,0.0,0.0,0.0
109.0424,16.5,198.55,51.15,167.53,67.21,196.46,135.74,45.1,0.0,0.0,0.0,0.0,0.0,0.0,0.0,0.0
109.0524,16.5,190.19,45.21,173.8,69.3,200.97,140.25,47.3,0.0,0.0,0.0,0.0,0.0,0.0,0.0,0.0
109.0624,16.5,179.85,37.29,178.09,69.3,205.59,142.56,47.3,0.0,0.0,0.0,0.0,0.0,0.0,0.0,0.0
109.0724,14.41,169.51,31.46,182.38,71.5,210.21,147.07,49.61,0.0,0.0,0.0,0.0,0.0,0.0,0.0,0.0
109.0824,14.41,160.82,25.52,186.56,73.59,212.41,151.58,51.81,0.0,0.0,0.0,0.0,0.0,0.0,0.0,0.0
109.0924,14.41,149.82,21.56,190.85,75.79,217.03,153.89,51.81,0.0,0.0,0.0,0.0,0.0,0.0,0.0,0.0
109.1024,14.41,138.82,17.71,197.23,75.79,221.65,158.4,54.12,0.0,0.0,0.0,0.0,0.0,0.0,0.0,0.0
109.1124,14.41,127.82,13.75,201.41,75.79,226.27,162.91,56.32,0.0,0.0,0.0,0.0,0.0,0.0,0.0,0.0
109.1224,12.32,112.42,11.77,205.7,77.88,230.78,165.22,58.63,0.0,0.0,0.0,0.0,0.0,0.0,0.0,0.0
109.1324,12.32,100.21,9.79,209.88,77.88,235.4,169.84,60.72,0.0,0.0,0.0,0.0,0.0,0.0,0.0,0.0
109.1424,12.32,88.33,7.81,214.17,77.88,240.02,172.15,60.72,0.0,0.0,0.0,0.0,0.0,0.0,0.0,0.0
109.1524,12.32,76.34,7.81,220.55,77.88,244.64,174.46,62.92,0.0,0.0,0.0,0.0,0.0,0.0,0.0,0.0
109.1624,10.34,64.46,5.83,224.84,75.79,251.57,176.77,65.12,0.0,0.0,0.0,0.0,0.0,0.0,0.0,0.0
109.1724,10.34,54.56,5.83,228.58,75.79,256.19,179.08,65.12,0.0,0.0,0.0,0.0,0.0,0.0,0.0,0.0
109.1824,10.34,43.34,5.83,232.43,75.79,260.81,181.5,67.32,0.0,0.0,0.0,0.0,0.0,0.0,0.0,0.0
109.1924,8.25,35.75,5.83,236.28,75.79,265.43,183.81,69.41,0.0,0.0,0.0,0.0,0.0,0.0,0.0,0.0
109.2024,8.25,26.29,3.85,238.15,75.79,270.05,186.12,69.41,0.0,0.0,0.0,0.0,0.0,0.0,0.0,0.0
109.2124,8.25,18.81,3.85,238.15,75.79,274.67,190.74,71.61,0.0,0.0,0.0,0.0,0.0,0.0,0.0,0.0
109.2224,6.16,13.09,3.85,238.15,75.79,279.29,195.47,73.81,0.0,0.0,0.0,0.0,0.0,0.0,0.0,0.0
109.2324,6.16,11.22,3.85,234.3,73.59,283.69,197.78,76.01,0.0,0.0,0.0,0.0,0.0,0.0,0.0,0.0
109.2424,4.07,9.35,0.0,228.58,71.5,288.09,202.4,80.3,0.0,0.0,0.0,0.0,0.0,0.0,0.0,0.0
109.2524,4.07,7.48,0.0,222.64,69.3,292.49,204.71,84.7,0.0,0.0,0.0,0.0,0.0,0.0,0.0,0.0
109.2624,0.0,5.61,0.0,214.17,67.21,294.69,209.44,89.1,0.0,0.0,0.0,0.0,0.0,0.0,0.0,0.0
109.2724,0.0,3.74,0.0,205.7,62.92,299.09,214.06,93.39,9.13,0.0,0.0,0.0,0.0,0.0,0.0,0.0
109.2824,0.0,3.74,0.0,199.32,60.72,303.49,216.37,99.99,13.64,0.0,0.0,0.0,0.0,0.0,0.0,0.0
109.2923,0.0,0.0,0.0,190.85,56.43,308.0,218.68,104.28,18.26,0.0,0.0,0.0,0.0,0.0,0.0,0.0
109.3023,0.0,0.0,0.0,184.47,52.03,312.4,220.99,110.88,22.88,0.0,0.0,0.0,0.0,0.0,0.0,0.0
109.3123,0.0,0.0,0.0,176.0,47.74,316.8,223.41,115.28,27.39,0.0,0.0,0.0,0.0,0.0,0.0,0.0
109.3223,0.0,0.0,0.0,167.53,41.25,321.2,223.41,122.21,36.52,0.0,0.0,0.0,0.0,0.0,0.0,0.0
109.3323,0.0,0.0,0.0,157.08,34.65,325.6,225.61,126.83,52.58,0.0,0.0,0.0,0.0,0.0,0.0,0.0
109.3423,0.0,0.0,0.0,144.76,28.16,327.8,225.61,133.65,116.71,0.0,0.0,0.0,0.0,0.0,0.0,0.0
109.3523,0.0,0.0,0.0,132.33,21.67,330.11,223.41,138.27,137.17,18.81,43.67,0.0,0.0,0.0,0.0,0.0
109.3623,0.0,0.0,0.0,113.63,12.98,330.11,218.68,142.78,71.5,69.19,85.47,0.0,14.74,0.0,20.13,0.0
109.3723,0.0,0.0,0.0,92.51,8.58,327.8,214.06,147.4,47.96,111.65,105.05,12.54,14.74,17.6,32.23,8.36
109.3823,0.0,0.0,0.0,67.1,6.49,316.8,204.71,154.33,38.83,124.63,116.05,15.07,21.12,30.14,54.45,13.86
109.3923,0.0,0.0,0.0,35.53,8.58,296.89,190.74,163.46,27.39,120.34,122.98,17.6,25.41,45.32,75.68,16.72
109.4023,0.0,0.0,0.0,14.63,8.58,256.19,158.4,179.85,18.26,124.63,120.67,20.13,29.59,65.12,97.24,25.08
109.4123,0.0,0.0,0.0,12.54,8.58,182.71,117.59,196.46,13.64,122.54,122.98,25.19,33.88,77.11,120.89,30.69
109.4223,0.0,0.0,0.0,10.45,8.58,109.12,77.55,213.07,11.44,124.63,127.6,27.72,38.06,89.1,141.9,41.8
109.4323,0.0,0.0,0.0,8.36,8.58,62.15,31.57,215.49,11.44,129.03,132.22,30.14,42.35,101.09,158.18,50.16
109.4423,0.0,0.0,0.0,8.36,6.49,25.41,20.24,152.02,11.44,131.23,136.84,32.67,46.53,108.24,174.79,64.35
109.4523,0.0,0.0,0.0,6.27,6.49,16.94,15.73,86.9,9.13,133.32,139.15,35.2,48.73,118.03,189.42,81.84
109.4623,0.0,0.0,0.0,6.27,4.29,12.65,11.22,54.12,9.13,133.32,141.35,37.73,52.91,123.09,201.63,96.36
109.4723,0.0,0.0,0.0,4.18,0.0,8.47,6.71,40.59,9.13,133.32,141.35,40.26,55.11,130.68,213.84,108.02
109.4823,0.0,0.0,0.0,0.0,0.0,4.18,4.51,31.57,9.13,133.32,139.15,42.79,57.53,135.74,225.94,118.58
109.4923,0.0,0.0,0.0,0.0,0.0,4.18,0.0,11.22,9.13,133.32,136.84,45.32,62.59,140.8,233.2,128.7
109.5023,0.0,0.0,0.0,0.0,0.0,0.0,0.0,0.0,9.13,133.32,132.22,47.85,65.12,145.75,242.77,136.29
109.5123,0.0,0.0,0.0,0.0,0.0,0.0,0.0,0.0,6.82,131.23,127.6,50.38,67.65,153.34,249.92,141.35
109.5223,0.0,0.0,0.0,0.0,0.0,0.0,0.0,0.0,6.82,129.03,120.67,52.91,70.18,155.87,257.18,148.94
109.5323,0.0,0.0,0.0,0.0,0.0,0.0,0.0,0.0,6.82,124.63,116.05,55.44,72.71,160.93,262.02,154.0
109.5423,0.0,0.0,0.0,0.0,0.0,0.0,0.0,0.0,6.82,120.34,109.45,57.97,75.24,165.99,269.17,159.06
109.5523,0.0,0.0,0.0,0.0,0.0,0.0,0.0,0.0,6.82,113.85,102.96,60.39,77.77,168.52,274.01,164.12
109.5623,0.0,0.0,0.0,0.0,0.0,0.0,0.0,0.0,6.82,107.47,94.27,60.39,77.77,171.05,278.63,169.18
109.5723,0.0,0.0,0.0,0.0,0.0,0.0,0.0,0.0,6.82,98.89,87.67,62.92,80.3,173.36,283.25,171.71
109.5823,0.0,0.0,0.0,0.0,0.0,0.0,0.0,0.0,6.82,94.71,78.98,65.45,82.83,175.67,287.87,174.24
109.5923,0.0,0.0,0.0,0.0,0.0,0.0,0.0,0.0,6.82,88.33,72.49,65.45,82.83,180.4,292.49,176.77
109.6023,0.0,0.0,0.0,0.0,0.0,0.0,0.0,0.0,6.82,81.95,68.09,65.45,85.25,180.4,294.8,179.19
109.6123,0.0,0.0,0.0,0.0,0.0,0.0,0.0,0.0,6.82,77.66,61.6,67.98,85.25,182.82,299.31,181.72
109.6223,0.0,0.0,0.0,0.0,0.0,0.0,0.0,0.0,6.82,71.28,55.11,67.98,87.78,185.13,303.93,184.25
109.6323,0.0,0.0,0.0,0.0,0.0,0.0,0.0,0.0,6.82,62.81,49.39,70.4,87.78,185.13,306.24,186.78
109.6423,0.0,0.0,0.0,0.0,0.0,0.0,0.0,0.0,6.82,56.43,43.67,70.4,87.78,187.44,310.86,189.31
109.6523,0.0,0.0,0.0,0.0,0.0,0.0,0.0,0.0,4.51,50.16,37.95,70.4,90.31,189.86,315.37,191.73
109.6623,0.0,0.0,0.0,0.0,0.0,0.0,0.0,0.0,6.82,43.89,34.1,72.93,90.31,192.17,319.99,194.26
109.6723,0.0,0.0,0.0,0.0,0.0,0.0,0.0,0.0,4.51,37.62,28.49,72.93,90.31,194.59,322.3,196.79
109.6823,0.0,0.0,0.0,0.0,0.0,0.0,0.0,0.0,4.51,29.26,22.77,75.46,90.31,196.9,326.92,199.32
109.6923,0.0,0.0,0.0,0.0,0.0,0.0,0.0,0.0,4.51,22.99,18.92,75.46,90.31,199.32,329.23,201.85
109.7023,0.0,0.0,0.0,0.0,0.0,0.0,0.0,0.0,4.51,14.63,15.18,75.46,90.31,203.94,333.74,204.27
109.7123,0.0,0.0,0.0,0.0,0.0,0.0,0.0,0.0,0.0,10.45,11.33,77.99,90.31,206.36,338.25,206.8
109.7223,0.0,0.0,0.0,0.0,0.0,0.0,0.0,0.0,0.0,6.27,7.59,75.46,87.78,208.67,340.56,211.86
109.7323,0.0,0.0,0.0,0.0,0.0,0.0,0.0,0.0,0.0,4.18,5.61,75.46,85.25,213.4,345.07,216.81
109.7423,0.0,0.0,0.0,0.0,0.0,0.0,0.0,0.0,0.0,0.0,3.74,72.93,82.83,215.82,347.27,221.87
109.7523,0.0,0.0,0.0,0.0,0.0,0.0,0.0,0.0,0.0,0.0,3.74,70.4,77.77,220.55,351.89,229.24
109.7623,0.0,0.0,0.0,0.0,0.0,0.0,0.0,0.0,0.0,0.0,0.0,67.98,72.71,222.97,354.09,233.86
109.7723,6.16,0.0,0.0,0.0,0.0,0.0,0.0,0.0,0.0,0.0,0.0,62.92,67.65,225.39,358.6,240.9
109.7823,16.5,0.0,0.0,0.0,0.0,0.0,0.0,0.0,0.0,0.0,0.0,57.97,62.59,227.81,360.91,245.63
109.7923,20.68,0.0,0.0,0.0,0.0,0.0,0.0,0.0,0.0,0.0,0.0,52.91,55.11,230.34,363.11,252.67
109.8023,22.77,0.0,0.0,0.0,0.0,0.0,0.0,0.0,0.0,0.0,0.0,47.85,48.73,230.34,365.42,259.71
109.8123,28.93,0.0,0.0,0.0,0.0,0.0,0.0,0.0,0.0,0.0,0.0,40.26,44.44,232.76,367.62,264.44
109.8223,37.18,0.0,0.0,0.0,0.0,0.0,0.0,0.0,0.0,0.0,0.0,32.67,35.97,232.76,367.62,271.48
109.8323,39.27,0.0,0.0,0.0,0.0,0.0,0.0,0.0,0.0,0.0,0.0,25.19,29.59,232.76,367.62,276.1
109.8423,51.7,0.0,0.0,0.0,0.0,0.0,0.0,0.0,0.0,0.0,0.0,15.07,23.21,235.18,367.62,280.94
109.8523,114.4,0.0,0.0,0.0,0.0,0.0,0.0,0.0,0.0,0.0,0.0,7.48,16.94,235.18,363.11,286.0
109.8623,178.2,9.35,0.0,0.0,0.0,0.0,0.0,0.0,0.0,0.0,0.0,0.0,10.56,230.34,356.4,293.59
109.8723,162.03,90.31,5.83,0.0,0.0,0.0,0.0,0.0,0.0,0.0,0.0,0.0,6.27,222.97,347.27,296.12
109.8823,77.55,149.82,77.33,29.26,8.58,4.18,0.0,0.0,0.0,0.0,0.0,0.0,4.18,208.67,331.54,301.18
109.8923,53.79,192.28,106.37,48.07,17.27,23.21,11.22,6.71,0.0,0.0,0.0,0.0,6.27,187.44,308.55,303.71
109.9023,45.54,196.46,124.08,52.25,25.96,42.35,27.06,11.22,0.0,0.0,0.0,0.0,6.27,163.46,274.01,306.24
109.9123,35.09,186.12,135.08,58.63,30.36,57.42,42.79,15.73,0.0,0.0,0.0,0.0,6.27,130.68,228.36,308.77
109.9223,28.93,184.03,135.08,62.81,34.65,76.23,58.63,20.24,0.0,0.0,0.0,0.0,8.47,101.09,172.37,311.3
109.9323,24.75,186.12,132.88,69.19,39.05,90.31,72.82,22.55,0.0,0.0,0.0,0.0,8.47,72.27,118.58,311.3
109.9423,22.77,188.21,132.88,75.57,43.34,102.08,84.59,24.75,0.0,0.0,0.0,0.0,8.47,35.2,56.54,298.65
109.9523,20.68,188.21,137.28,79.75,45.54,111.43,94.05,27.06,0.0,0.0,0.0,0.0,8.47,17.6,26.18,219.34
109.9623,20.68,188.21,139.48,84.04,49.94,121.0,105.93,29.26,0.0,0.0,0.0,0.0,6.27,12.54,22.11,146.41
109.9723,20.68,192.28,141.68,90.42,52.03,130.57,115.28,31.57,0.0,0.0,0.0,0.0,4.18,10.01,18.15,121.11
109.9823,18.59,194.37,143.88,94.6,56.43,137.72,122.1,33.77,0.0,0.0,0.0,0.0,4.18,7.48,14.08,110.99
109.9923,18.59,198.55,143.88,98.89,58.63,142.56,128.92,36.08,0.0,0.0,0.0,0.0,0.0,4.95,10.01,84.81
110.0023,18.59,200.64,143.88,100.98,60.72,149.71,135.74,38.28,0.0,0.0,0.0,0.0,0.0,0.0,6.05,39.05
110.0123,18.59,202.62,143.88,105.27,62.92,154.55,140.25,40.59,0.0,0.0,0.0,0.0,0.0,0.0,3.96,11.11
110.0223,18.59,200.64,146.08,109.45,65.01,156.97,144.76,42.79,0.0,0.0,0.0,0.0,0.0,0.0,0.0,5.5
110.0323,18.59,198.55,146.08,111.65,67.21,161.7,151.58,45.1,0.0,0.0,0.0,0.0,0.0,0.0,0.0,0.0
110.0423,18.59,194.37,143.88,115.72,69.3,166.54,153.89,47.3,0.0,0.0,0.0,0.0,0.0,0.0,0.0,0.0
110.0523,18.59,190.19,139.48,117.81,69.3,168.96,156.09,49.61,0.0,0.0,0.0,0.0,0.0,0.0,0.0,0.0
110.0623,18.59,186.12,135.08,121.99,71.5,171.16,158.4,51.81,0.0,0.0,0.0,0.0,0.0,0.0,0.0,0.0
110.0723,16.5,181.94,130.68,123.97,73.59,175.78,160.71,51.81,0.0,0.0,0.0,0.0,0.0,0.0,0.0,0.0
110.0823,16.5,173.69,124.08,128.15,75.79,178.09,165.22,54.12,0.0,0.0,0.0,0.0,0.0,0.0,0.0,0.0
110.0923,16.5,167.53,119.68,130.24,75.79,180.4,167.53,56.32,0.0,0.0,0.0,0.0,0.0,0.0,0.0,0.0
110.1023,16.5,158.62,113.08,134.31,77.88,184.91,169.84,56.32,0.0,0.0,0.0,0.0,0.0,0.0,0.0,0.0
110.1123,16.5,149.82,106.37,138.49,80.08,187.22,174.46,58.63,0.0,0.0,0.0,0.0,0.0,0.0,0.0,0.0
110.1223,16.5,141.02,99.66,142.67,82.17,191.84,179.08,60.72,0.0,0.0,0.0,0.0,0.0,0.0,0.0,0.0
110.1323,16.5,132.22,92.95,144.76,84.37,194.15,181.5,62.92,0.0,0.0,0.0,0.0,0.0,0.0,0.0,0.0
110.1423,14.41,121.22,84.04,148.83,84.37,198.66,186.12,65.12,0.0,0.0,0.0,0.0,0.0,0.0,0.0,0.0
110.1523,14.41,112.42,75.13,150.92,86.57,200.97,190.74,67.32,0.0,0.0,0.0,0.0,0.0,0.0,0.0,0.0
110.1623,14.41,104.17,66.22,155.1,88.66,205.59,195.47,69.41,0.0,0.0,0.0,0.0,0.0,0.0,0.0,0.0
110.1723,14.41,96.25,57.31,157.08,90.86,207.9,200.09,71.61,0.0,0.0,0.0,0.0,0.0,0.0,0.0,0.0
110.1823,14.41,86.35,49.17,159.17,92.95,210.21,204.71,73.81,0.0,0.0,0.0,0.0,0.0,0.0,0.0,0.0
110.1923,14.41,78.32,41.25,163.35,92.95,214.72,207.02,73.81,0.0,0.0,0.0,0.0,0.0,0.0,0.0,0.0
110.2023,12.32,70.4,33.44,165.44,95.15,219.34,211.75,76.01,0.0,0.0,0.0,0.0,0.0,0.0,0.0,0.0
110.2123,12.32,62.48,25.52,169.62,95.15,221.65,216.37,78.21,0.0,0.0,0.0,0.0,0.0,0.0,0.0,0.0
110.2223,12.32,52.69,19.58,173.8,97.24,226.27,218.68,80.3,0.0,0.0,0.0,0.0,0.0,0.0,0.0,0.0
110.2323,12.32,43.34,15.73,178.09,95.15,233.09,223.41,82.5,0.0,0.0,0.0,0.0,0.0,0.0,0.0,0.0
110.2423,10.34,33.88,11.77,182.38,95.15,237.71,225.61,84.7,0.0,0.0,0.0,0.0,0.0,0.0,0.0,0.0
110.2523,10.34,24.42,9.79,186.56,95.15,244.64,227.92,89.1,0.0,0.0,0.0,0.0,0.0,0.0,0.0,0.0
110.2623,8.25,16.94,7.81,190.85,92.95,251.57,230.23,91.19,0.0,0.0,0.0,0.0,0.0,0.0,0.0,0.0
110.2723,8.25,13.09,5.83,190.85,92.95,256.19,232.54,93.39,0.0,0.0,0.0,0.0,0.0,0.0,0.0,0.0
110.2823,6.16,9.35,3.85,186.56,90.86,263.12,234.85,97.79,0.0,0.0,0.0,0.0,0.0,0.0,0.0,0.0
110.2923,4.07,7.48,3.85,184.47,86.57,267.74,239.47,102.08,0.0,0.0,0.0,0.0,0.0,0.0,0.0,0.0
110.3023,4.07,7.48,0.0,178.09,84.37,272.36,241.78,106.48,0.0,0.0,0.0,0.0,0.0,0.0,0.0,0.0
110.3123,0.0,5.61,0.0,173.8,80.08,276.98,243.98,110.88,0.0,0.0,0.0,0.0,0.0,0.0,0.0,0.0
110.3223,0.0,3.74,0.0,167.53,75.79,281.49,246.29,115.28,15.95,0.0,0.0,0.0,0.0,0.0,0.0,0.0
110.3323,0.0,3.74,0.0,161.26,71.5,285.89,248.6,119.9,15.95,0.0,0.0,0.0,0.0,0.0,0.0,0.0
110.3423,0.0,0.0,0.0,155.1,67.21,288.09,248.6,124.52,25.08,0.0,0.0,0.0,0.0,0.0,0.0,0.0
110.3523,0.0,0.0,0.0,148.83,60.72,292.49,248.6,129.03,34.32,0.0,0.0,0.0,0.0,0.0,0.0,0.0
110.3623,0.0,0.0,0.0,142.67,56.43,294.69,248.6,131.34,47.96,0.0,0.0,0.0,0.0,0.0,0.0,0.0
110.3723,0.0,0.0,0.0,136.4,49.94,299.09,246.29,133.65,76.23,0.0,0.0,0.0,0.0,0.0,0.0,0.0
110.3823,0.0,0.0,0.0,128.15,43.34,301.29,241.78,135.96,116.71,0.0,0.0,0.0,0.0,0.0,0.0,0.0
110.3923,0.0,0.0,0.0,119.9,34.65,305.8,237.16,138.27,137.17,0.0,0.0,0.0,0.0,0.0,0.0,0.0
110.4023,0.0,0.0,0.0,107.36,25.96,305.8,232.54,140.58,164.45,0.0,9.46,0.0,0.0,0.0,0.0,0.0
110.4123,0.0,0.0,0.0,92.51,17.27,303.49,230.23,145.09,104.94,48.07,76.78,0.0,0.0,0.0,0.0,0.0
110.4223,0.0,0.0,0.0,75.57,10.78,299.09,223.41,147.4,66.66,120.34,111.65,12.54,10.56,15.07,24.2,8.36
110.4323,0.0,0.0,0.0,54.34,8.58,290.29,214.06,154.33,57.2,133.32,129.91,17.6,16.94,30.14,40.37,11.11
110.4423,0.0,0.0,0.0,27.17,8.58,270.05,200.09,163.46,45.76,126.83,143.66,17.6,21.12,42.79,56.54,13.86
110.4523,0.0,0.0,0.0,12.54,8.58,226.27,174.46,175.12,32.01,133.32,145.97,22.66,25.41,57.97,73.26,19.47
110.4623,0.0,0.0,0.0,8.36,8.58,161.7,137.94,191.73,22.88,137.72,148.28,25.19,29.59,72.27,92.4,25.08
110.4723,0.0,0.0,0.0,8.36,8.58,97.35,98.78,210.76,18.26,139.92,155.21,25.19,33.88,84.26,113.96,30.69
110.4823,0.0,0.0,0.0,6.27,8.58,59.73,54.12,220.22,13.64,144.21,159.83,30.14,35.97,93.83,130.24,36.19
110.4923,0.0,0.0,0.0,6.27,6.49,25.41,22.55,187.0,13.64,144.21,166.76,30.14,40.26,103.4,148.83,39.05
110.5023,0.0,0.0,0.0,4.18,6.49,16.94,18.04,106.48,11.44,146.41,171.38,32.67,44.44,110.66,162.8,47.41
110.5123,0.0,0.0,0.0,4.18,4.29,12.65,15.73,62.92,11.44,148.61,173.69,35.2,46.53,118.03,174.79,55.77
110.5223,0.0,0.0,0.0,4.18,4.29,8.47,11.22,42.79,11.44,148.61,176.11,35.2,48.73,123.09,187.0,64.35
110.5323,0.0,0.0,0.0,0.0,0.0,6.27,6.71,38.28,9.13,150.7,176.11,37.73,50.82,128.15,199.21,73.15
110.5423,0.0,0.0,0.0,0.0,0.0,4.18,4.51,27.06,9.13,150.7,176.11,40.26,52.91,133.21,209.0,81.84
110.5523,0.0,0.0,0.0,0.0,0.0,0.0,0.0,6.71,9.13,150.7,178.42,40.26,55.11,135.74,216.26,90.53
110.5623,0.0,0.0,0.0,0.0,0.0,0.0,0.0,0.0,9.13,150.7,176.11,42.79,57.53,140.8,223.52,99.33
110.5723,0.0,0.0,0.0,0.0,0.0,0.0,0.0,0.0,9.13,150.7,176.11,42.79,60.06,143.22,230.78,108.02
110.5823,0.0,0.0,0.0,0.0,0.0,0.0,0.0,0.0,9.13,146.41,173.69,45.32,62.59,145.75,235.51,113.52
110.5923,0.0,0.0,0.0,0.0,0.0,0.0,0.0,0.0,9.13,144.21,171.38,45.32,62.59,150.81,240.35,121.11
110.6023,0.0,0.0,0.0,0.0,0.0,0.0,0.0,0.0,9.13,139.92,166.76,47.85,65.12,150.81,245.19,126.17
110.6123,0.0,0.0,0.0,0.0,0.0,0.0,0.0,0.0,6.82,133.32,162.14,47.85,67.65,153.34,252.34,128.7
110.6223,0.0,0.0,0.0,0.0,0.0,0.0,0.0,0.0,6.82,126.83,157.52,47.85,67.65,155.87,254.76,133.76
110.6323,0.0,0.0,0.0,0.0,0.0,0.0,0.0,0.0,6.82,120.34,152.9,50.38,70.18,158.4,259.6,138.82
110.6423,0.0,0.0,0.0,0.0,0.0,0.0,0.0,0.0,6.82,115.94,148.28,52.91,72.71,160.93,264.33,141.35
110.6523,0.0,0.0,0.0,0.0,0.0,0.0,0.0,0.0,6.82,109.56,141.35,52.91,72.71,163.46,266.75,143.88
110.6623,0.0,0.0,0.0,0.0,0.0,0.0,0.0,0.0,6.82,103.18,134.53,52.91,75.24,165.99,271.59,146.41
110.6723,0.0,0.0,0.0,0.0,0.0,0.0,0.0,0.0,6.82,98.89,127.6,55.44,75.24,168.52,274.01,151.47
110.6823,0.0,0.0,0.0,0.0,0.0,0.0,0.0,0.0,6.82,92.51,120.67,55.44,77.77,171.05,278.63,151.47
110.6923,0.0,0.0,0.0,0.0,0.0,0.0,0.0,0.0,6.82,88.33,113.85,57.97,77.77,173.36,280.94,156.53
110.7023,0.0,0.0,0.0,0.0,0.0,0.0,0.0,0.0,6.82,81.95,105.05,60.39,80.3,175.67,285.56,159.06
110.7123,0.0,0.0,0.0,0.0,0.0,0.0,0.0,0.0,6.82,77.66,98.56,62.92,80.3,178.09,290.18,161.59
110.7222,0.0,0.0,0.0,0.0,0.0,0.0,0.0,0.0,4.51,71.28,89.87,62.92,82.83,180.4,294.8,164.12
110.7322,0.0,0.0,0.0,0.0,0.0,0.0,0.0,0.0,4.51,64.9,83.38,65.45,82.83,182.82,297.0,166.76
110.7422,0.0,0.0,0.0,0.0,0.0,0.0,0.0,0.0,4.51,58.63,74.69,65.45,85.25,185.13,301.62,171.71
110.7522,0.0,0.0,0.0,0.0,0.0,0.0,0.0,0.0,4.51,54.34,65.89,67.98,85.25,189.86,306.24,174.24
110.7622,0.0,0.0,0.0,0.0,0.0,0.0,0.0,0.0,6.82,48.07,57.2,67.98,87.78,192.17,310.86,176.77
110.7722,0.0,0.0,0.0,0.0,0.0,0.0,0.0,0.0,4.51,41.8,49.39,70.4,87.78,196.9,315.37,181.72
110.7822,0.0,0.0,0.0,0.0,0.0,0.0,0.0,0.0,4.51,35.53,41.8,72.93,90.31,199.32,319.99,184.25
110.7922,0.0,0.0,0.0,0.0,0.0,0.0,0.0,0.0,4.51,29.26,34.1,75.46,90.31,203.94,324.61,186.78
110.8022,0.0,0.0,0.0,0.0,0.0,0.0,0.0,0.0,4.51,20.9,26.51,75.46,90.31,208.67,329.23,191.73
110.8122,0.0,0.0,0.0,0.0,0.0,0.0,0.0,0.0,4.51,14.63,18.92,75.46,90.31,213.4,333.74,196.79
110.8222,0.0,0.0,0.0,0.0,0.0,0.0,0.0,0.0,0.0,8.36,13.2,75.46,90.31,218.13,338.25,201.85
110.8322,0.0,0.0,0.0,0.0,0.0,0.0,0.0,0.0,0.0,6.27,9.46,72.93,87.78,220.55,342.76,209.33
110.8422,0.0,0.0,0.0,0.0,0.0,0.0,0.0,0.0,0.0,4.18,7.59,70.4,85.25,222.97,347.27,216.81
110.8522,14.41,0.0,0.0,0.0,0.0,0.0,0.0,0.0,0.0,0.0,3.74,65.45,80.3,225.39,351.89,224.4
110.8622,20.68,0.0,0.0,0.0,0.0,0.0,0.0,0.0,0.0,0.0,3.74,60.39,75.24,227.81,354.09,231.55
110.8722,28.93,0.0,0.0,0.0,0.0,0.0,0.0,0.0,0.0,0.0,3.74,55.44,67.65,230.34,358.6,238.59
110.8822,31.02,0.0,0.0,0.0,0.0,0.0,0.0,0.0,0.0,0.0,0.0,52.91,60.06,232.76,360.91,247.94
110.8922,35.09,0.0,0.0,0.0,0.0,0.0,0.0,0.0,0.0,0.0,0.0,45.32,52.91,235.18,363.11,254.98
110.9022,41.36,0.0,0.0,0.0,0.0,0.0,0.0,0.0,0.0,0.0,0.0,37.73,44.44,237.6,365.42,262.02
110.9122,94.93,0.0,0.0,0.0,0.0,0.0,0.0,0.0,0.0,0.0,0.0,30.14,38.06,240.13,365.42,269.06
110.9222,148.17,0.0,0.0,0.0,0.0,0.0,0.0,0.0,0.0,0.0,0.0,22.66,29.59,240.13,363.11,276.1
110.9322,192.39,18.81,0.0,0.0,0.0,0.0,0.0,0.0,0.0,0.0,0.0,12.54,23.21,240.13,358.6,280.94
110.9422,156.09,106.15,0.0,0.0,0.0,0.0,0.0,0.0,0.0,0.0,0.0,4.95,14.74,235.18,354.09,286.0
110.9522,101.42,184.03,3.85,0.0,0.0,0.0,0.0,0.0,0.0,0.0,0.0,0.0,8.47,225.39,345.07,291.06
110.9622,55.88,204.71,68.42,41.8,0.0,19.03,0.0,0.0,0.0,0.0,0.0,0.0,4.18,208.67,329.23,293.59
110.9722,47.52,217.14,115.28,45.98,8.58,44.44,11.22,6.71,0.0,0.0,0.0,0.0,4.18,185.13,303.93,296.12
110.9822,39.27,215.05,126.28,52.25,17.27,66.77,24.75,11.22,0.0,0.0,0.0,0.0,4.18,155.87,269.17,298.65
110.9922,31.02,202.62,141.68,54.34,23.87,80.85,40.59,18.04,0.0,0.0,0.0,0.0,6.27,120.56,218.68,298.65
111.0022,26.84,194.37,148.28,56.54,28.16,92.62,56.32,20.24,0.0,0.0,0.0,0.0,6.27,91.41,160.49,301.18
111.0122,24.75,194.37,152.68,60.72,30.36,104.39,68.09,22.55,0.0,0.0,0.0,0.0,8.47,62.7,104.39,298.65
111.0222,22.77,198.55,154.88,65.01,34.65,113.85,77.55,27.06,0.0,0.0,0.0,0.0,6.27,25.19,44.33,273.79
111.0322,22.77,198.55,157.08,67.1,36.85,121.0,87.01,29.26,0.0,0.0,0.0,0.0,6.27,15.07,24.2,184.25
111.0422,20.68,202.62,157.08,71.28,39.05,130.57,94.05,31.57,0.0,0.0,0.0,0.0,6.27,12.54,20.13,126.17
111.0522,20.68,210.98,154.88,77.66,41.25,137.72,101.2,33.77,0.0,0.0,0.0,0.0,4.18,10.01,16.06,108.02
111.0622,20.68,219.23,148.28,84.04,43.34,147.29,105.93,36.08,0.0,0.0,0.0,0.0,0.0,4.95,12.1,96.36
111.0722,20.68,225.5,141.68,90.42,43.34,154.55,110.66,38.28,0.0,0.0,0.0,0.0,0.0,0.0,8.03,70.18
111.0822,18.59,231.77,137.28,96.8,45.54,161.7,115.28,40.59,0.0,0.0,0.0,0.0,0.0,0.0,3.96,27.83
111.0922,18.59,231.77,132.88,100.98,47.74,168.96,119.79,42.79,0.0,0.0,0.0,0.0,0.0,0.0,0.0,8.36
111.1022,18.59,227.59,130.68,107.36,49.94,173.47,124.41,47.3,0.0,0.0,0.0,0.0,0.0,0.0,0.0,0.0
111.1122,18.59,223.41,126.28,111.65,52.03,178.09,128.92,49.61,0.0,0.0,0.0,0.0,0.0,0.0,0.0,0.0
111.1222,18.59,219.23,121.88,117.81,54.23,184.91,133.43,51.81,0.0,0.0,0.0,0.0,0.0,0.0,0.0,0.0
111.1322,16.5,215.05,113.08,123.97,54.23,189.53,137.94,54.12,0.0,0.0,0.0,0.0,0.0,0.0,0.0,0.0
111.1422,16.5,210.98,104.06,130.24,56.43,196.46,140.25,56.32,0.0,0.0,0.0,0.0,0.0,0.0,0.0,0.0
111.1522,16.5,204.71,92.95,136.4,58.63,200.97,142.56,58.63,0.0,0.0,0.0,0.0,0.0,0.0,0.0,0.0
111.1622,16.5,196.46,79.53,142.67,58.63,205.59,144.76,60.72,0.0,0.0,0.0,0.0,0.0,0.0,0.0,0.0
111.1722,16.5,188.21,68.42,146.74,60.72,210.21,147.07,62.92,0.0,0.0,0.0,0.0,0.0,0.0,0.0,0.0
111.1822,16.5,177.87,59.51,153.01,62.92,214.72,151.58,65.12,0.0,0.0,0.0,0.0,0.0,0.0,0.0,0.0
111.1922,14.41,169.51,51.15,157.08,62.92,219.34,153.89,67.32,0.0,0.0,0.0,0.0,0.0,0.0,0.0,0.0
111.2022,14.41,160.82,45.21,161.26,65.01,221.65,158.4,69.41,0.0,0.0,0.0,0.0,0.0,0.0,0.0,0.0
111.2122,14.41,152.02,39.27,165.44,67.21,226.27,160.71,71.61,0.0,0.0,0.0,0.0,0.0,0.0,0.0,0.0
111.2222,14.41,141.02,33.44,169.62,67.21,230.78,165.22,73.81,0.0,0.0,0.0,0.0,0.0,0.0,0.0,0.0
111.2322,14.41,130.02,29.48,173.8,69.3,233.09,167.53,76.01,0.0,0.0,0.0,0.0,0.0,0.0,0.0,0.0
111.2422,12.32,121.22,25.52,176.0,71.5,235.4,172.15,78.21,0.0,0.0,0.0,0.0,0.0,0.0,0.0,0.0
111.2522,12.32,110.22,21.56,178.09,71.5,240.02,174.46,80.3,0.0,0.0,0.0,0.0,0.0,0.0,0.0,0.0
111.2622,12.32,98.23,17.71,182.38,71.5,242.33,179.08,82.5,0.0,0.0,0.0,0.0,0.0,0.0,0.0,0.0
111.2722,12.32,88.33,13.75,186.56,73.59,246.95,181.5,86.9,0.0,0.0,0.0,0.0,0.0,0.0,0.0,0.0
111.2822,12.32,78.32,11.77,190.85,73.59,251.57,183.81,89.1,0.0,0.0,0.0,0.0,0.0,0.0,0.0,0.0
111.2922,10.34,66.44,9.79,192.94,73.59,256.19,188.43,91.19,0.0,0.0,0.0,0.0,0.0,0.0,0.0,0.0
111.3022,10.34,56.54,7.81,197.23,73.59,260.81,190.74,93.39,0.0,0.0,0.0,0.0,0.0,0.0,0.0,0.0
111.3122,10.34,47.08,7.81,201.41,71.5,265.43,193.05,95.59,0.0,0.0,0.0,0.0,0.0,0.0,0.0,0.0
111.3222,10.34,37.62,5.83,205.7,73.59,270.05,195.47,97.79,0.0,0.0,0.0,0.0,0.0,0.0,0.0,0.0
111.3322,8.25,28.16,5.83,209.88,73.59,276.98,197.78,99.99,0.0,0.0,0.0,0.0,0.0,0.0,0.0,0.0
111.3422,8.25,22.55,5.83,212.08,73.59,281.49,200.09,104.28,0.0,0.0,0.0,0.0,0.0,0.0,0.0,0.0
111.3522,8.25,16.94,3.85,212.08,73.59,283.69,202.4,106.48,0.0,0.0,0.0,0.0,0.0,0.0,0.0,0.0
111.3622,6.16,11.22,3.85,209.88,71.5,288.09,207.02,110.88,0.0,0.0,0.0,0.0,0.0,0.0,0.0,0.0
111.3722,6.16,9.35,3.85,205.7,71.5,292.49,209.44,115.28,0.0,0.0,0.0,0.0,0.0,0.0,0.0,0.0
111.3822,4.07,7.48,0.0,199.32,69.3,294.69,211.75,117.59,0.0,0.0,0.0,0.0,0.0,0.0,0.0,0.0
111.3922,0.0,7.48,0.0,190.85,67.21,299.09,214.06,124.52,0.0,0.0,0.0,0.0,0.0,0.0,0.0,0.0
111.4022,0.0,5.61,0.0,184.47,62.92,301.29,218.68,129.03,0.0,0.0,0.0,0.0,0.0,0.0,0.0,0.0
111.4122,0.0,3.74,0.0,176.0,60.72,303.49,220.99,131.34,0.0,0.0,0.0,0.0,0.0,0.0,0.0,0.0
111.4222,0.0,0.0,0.0,169.62,56.43,308.0,223.41,138.27,11.44,0.0,0.0,0.0,0.0,0.0,0.0,0.0
111.4322,0.0,0.0,0.0,163.35,52.03,310.2,223.41,142.78,13.64,0.0,0.0,0.0,0.0,0.0,0.0,0.0
111.4422,0.0,0.0,0.0,157.08,47.74,314.6,225.61,145.09,18.26,0.0,0.0,0.0,0.0,0.0,0.0,0.0
111.4522,0.0,0.0,0.0,148.83,43.34,316.8,225.61,149.71,22.88,0.0,0.0,0.0,0.0,0.0,0.0,0.0
111.4622,0.0,0.0,0.0,140.58,39.05,321.2,225.61,154.33,29.7,0.0,0.0,0.0,0.0,0.0,0.0,0.0
111.4722,0.0,0.0,0.0,130.24,32.56,325.6,223.41,158.84,47.96,0.0,0.0,0.0,0.0,0.0,0.0,0.0
111.4822,0.0,0.0,0.0,119.9,25.96,327.8,223.41,161.15,119.02,0.0,0.0,0.0,0.0,0.0,0.0,0.0
111.4922,0.0,0.0,0.0,105.27,17.27,327.8,220.99,165.77,153.12,14.63,37.95,0.0,0.0,0.0,0.0,0.0
111.5022,0.0,0.0,0.0,88.33,10.78,325.6,216.37,168.08,78.65,77.66,89.87,0.0,0.0,0.0,0.0,0.0
111.5122,0.0,0.0,0.0,69.19,8.58,319.0,209.44,172.7,38.83,126.83,120.67,10.01,10.56,12.54,24.2,5.5
111.5222,0.0,0.0,0.0,41.8,6.49,305.8,200.09,179.85,32.01,146.41,141.35,15.07,16.94,25.19,44.33,8.36
111.5322,0.0,0.0,0.0,18.81,8.58,281.49,179.08,187.0,27.39,137.72,152.9,17.6,21.12,35.2,58.85,8.36
111.5422,0.0,0.0,0.0,10.45,8.58,230.78,144.76,201.19,18.26,142.01,150.59,20.13,23.21,55.44,73.26,13.86
111.5522,0.0,0.0,0.0,10.45,8.58,156.97,105.93,215.49,11.44,146.41,148.28,25.19,27.5,69.85,89.98,19.47
111.5622,0.0,0.0,0.0,8.36,8.58,92.62,63.36,227.26,11.44,152.9,148.28,30.14,29.59,81.84,106.81,25.08
111.5722,0.0,0.0,0.0,6.27,8.58,46.53,27.06,217.8,9.13,161.59,152.9,35.2,33.88,91.41,123.2,30.69
111.5822,0.0,0.0,0.0,6.27,6.49,21.12,18.04,142.78,9.13,168.19,155.21,37.73,35.97,103.4,137.17,36.19
111.5922,0.0,0.0,0.0,4.18,6.49,14.74,15.73,80.3,9.13,174.46,155.21,42.79,40.26,110.66,148.83,44.66
111.6022,0.0,0.0,0.0,4.18,4.29,12.65,11.22,51.81,6.82,178.64,155.21,47.85,40.26,120.56,158.18,55.77
111.6122,0.0,0.0,0.0,0.0,0.0,8.47,6.71,40.59,9.13,182.82,152.9,50.38,44.44,128.15,165.11,64.35
111.6222,0.0,0.0,0.0,0.0,0.0,4.18,4.51,33.77,6.82,184.91,150.59,55.44,44.44,135.74,174.79,76.01
111.6322,0.0,0.0,0.0,0.0,0.0,0.0,0.0,13.53,6.82,184.91,145.97,60.39,48.73,140.8,184.58,87.67
111.6422,0.0,0.0,0.0,0.0,0.0,0.0,0.0,0.0,6.82,184.91,141.35,62.92,50.82,148.28,189.42,96.36
111.6522,0.0,0.0,0.0,0.0,0.0,0.0,0.0,0.0,6.82,184.91,134.53,67.98,52.91,153.34,196.79,105.16
111.6622,0.0,0.0,0.0,0.0,0.0,0.0,0.0,0.0,6.82,182.82,127.6,70.4,55.11,158.4,204.05,113.52
111.6722,0.0,0.0,0.0,0.0,0.0,0.0,0.0,0.0,6.82,180.73,122.98,72.93,57.53,165.99,209.0,118.58
111.6822,0.0,0.0,0.0,0.0,0.0,0.0,0.0,0.0,6.82,176.55,113.85,77.99,57.53,171.05,213.84,123.64
111.6922,0.0,0.0,0.0,0.0,0.0,0.0,0.0,0.0,6.82,172.37,102.96,80.41,60.06,175.67,218.68,128.7
111.7022,0.0,0.0,0.0,0.0,0.0,0.0,0.0,0.0,4.51,165.99,94.27,82.94,60.06,178.09,221.21,133.76
111.7122,0.0,0.0,0.0,0.0,0.0,0.0,0.0,0.0,4.51,159.39,81.18,85.47,62.59,182.82,225.94,136.29
111.7222,0.0,0.0,0.0,0.0,0.0,0.0,0.0,0.0,4.51,152.9,72.49,90.53,65.12,187.44,228.36,141.35
111.7322,0.0,0.0,0.0,0.0,0.0,0.0,0.0,0.0,4.51,146.41,61.6,90.53,65.12,189.86,230.78,143.88
111.7422,0.0,0.0,0.0,0.0,0.0,0.0,0.0,0.0,4.51,137.72,53.13,95.48,67.65,194.59,235.51,146.41
111.7522,0.0,0.0,0.0,0.0,0.0,0.0,0.0,0.0,4.51,131.23,45.54,98.01,67.65,196.9,237.93,148.94
111.7622,0.0,0.0,0.0,0.0,0.0,0.0,0.0,0.0,4.51,122.54,39.82,100.54,70.18,201.63,242.77,154.0
111.7722,0.0,0.0,0.0,0.0,0.0,0.0,0.0,0.0,4.51,113.85,32.23,102.96,70.18,203.94,245.19,156.53
111.7822,0.0,0.0,0.0,0.0,0.0,0.0,0.0,0.0,4.51,107.47,26.51,102.96,70.18,206.36,249.92,159.06
111.7922,0.0,0.0,0.0,0.0,0.0,0.0,0.0,0.0,4.51,98.89,22.77,105.49,70.18,208.67,252.34,161.59
111.8022,0.0,0.0,0.0,0.0,0.0,0.0,0.0,0.0,0.0,90.42,17.05,108.02,70.18,213.4,254.76,166.76
111.8122,0.0,0.0,0.0,0.0,0.0,0.0,0.0,0.0,0.0,79.86,15.18,110.55,70.18,215.82,257.18,169.18
111.8222,0.0,0.0,0.0,0.0,0.0,0.0,0.0,0.0,0.0,71.28,13.2,110.55,70.18,218.13,262.02,171.71
111.8322,0.0,0.0,0.0,0.0,0.0,0.0,0.0,0.0,0.0,62.81,11.33,113.08,70.18,222.97,264.33,174.24
111.8422,0.0,0.0,0.0,0.0,0.0,0.0,0.0,0.0,0.0,54.34,9.46,115.5,70.18,225.39,269.17,179.19
111.8522,0.0,0.0,0.0,0.0,0.0,0.0,0.0,0.0,0.0,43.89,9.46,118.03,70.18,230.34,271.59,181.72
111.8622,0.0,0.0,0.0,0.0,0.0,0.0,0.0,0.0,0.0,33.44,7.59,120.45,70.18,232.76,276.43,184.25
111.8722,0.0,0.0,0.0,0.0,0.0,0.0,0.0,0.0,0.0,25.08,7.59,120.45,70.18,237.6,278.63,186.78
111.8822,0.0,0.0,0.0,0.0,0.0,0.0,0.0,0.0,0.0,18.81,5.61,122.98,70.18,240.13,280.94,191.73
111.8922,0.0,0.0,0.0,0.0,0.0,0.0,0.0,0.0,0.0,12.54,5.61,120.45,67.65,244.97,285.56,196.79
111.9022,0.0,0.0,0.0,0.0,0.0,0.0,0.0,0.0,0.0,6.27,3.74,118.03,67.65,247.39,287.87,204.27
111.9122,0.0,0.0,0.0,0.0,0.0,0.0,0.0,0.0,0.0,6.27,3.74,115.5,65.12,249.92,290.18,209.33
111.9222,0.0,0.0,0.0,0.0,0.0,0.0,0.0,0.0,0.0,4.18,3.74,110.55,60.06,254.76,294.8,216.81
111.9322,0.0,0.0,0.0,0.0,0.0,0.0,0.0,0.0,0.0,0.0,0.0,108.02,57.53,257.18,299.31,221.87
111.9422,0.0,0.0,0.0,0.0,0.0,0.0,0.0,0.0,0.0,0.0,0.0,102.96,52.91,259.71,301.62,229.24
111.9522,10.34,0.0,0.0,0.0,0.0,0.0,0.0,0.0,0.0,0.0,0.0,98.01,48.73,262.13,306.24,236.28
111.9622,12.32,0.0,0.0,0.0,0.0,0.0,0.0,0.0,0.0,0.0,0.0,90.53,44.44,266.97,310.86,243.32
111.9722,22.77,0.0,0.0,0.0,0.0,0.0,0.0,0.0,0.0,0.0,0.0,85.47,40.26,269.5,313.17,250.36
111.9822,28.93,0.0,0.0,0.0,0.0,0.0,0.0,0.0,0.0,0.0,0.0,77.99,35.97,271.92,315.37,257.4
111.9922,33.11,0.0,0.0,0.0,0.0,0.0,0.0,0.0,0.0,0.0,0.0,70.4,31.79,274.34,317.68,264.44
112.0022,37.18,0.0,0.0,0.0,0.0,0.0,0.0,0.0,0.0,0.0,0.0,62.92,25.41,276.76,319.99,271.48
112.0122,64.46,0.0,0.0,0.0,0.0,0.0,0.0,0.0,0.0,0.0,0.0,55.44,19.03,279.29,319.99,278.52
112.0222,90.53,0.0,0.0,0.0,0.0,0.0,0.0,0.0,0.0,0.0,0.0,42.79,14.74,281.71,315.37,283.47
112.0322,142.23,0.0,0.0,0.0,0.0,0.0,0.0,0.0,0.0,0.0,0.0,32.67,10.56,284.13,310.86,288.53
112.0422,160.05,60.5,0.0,0.0,0.0,0.0,0.0,0.0,0.0,0.0,0.0,20.13,6.27,281.71,303.93,293.59
112.0522,99.33,163.02,9.79,16.72,0.0,0.0,0.0,0.0,0.0,0.0,0.0,10.01,6.27,276.76,290.18,298.65
112.0622,64.46,184.03,88.55,48.07,6.49,16.94,4.51,0.0,0.0,0.0,0.0,0.0,6.27,264.55,271.59,301.18
112.0722,60.06,202.62,121.88,56.54,17.27,40.26,11.22,6.71,0.0,0.0,0.0,0.0,6.27,242.55,240.35,303.71
112.0822,47.52,200.64,135.08,60.72,28.16,59.73,24.75,11.22,0.0,0.0,0.0,0.0,8.47,206.36,199.21,308.77
112.0922,41.36,198.55,139.48,65.01,30.36,71.5,33.77,13.53,0.0,0.0,0.0,0.0,8.47,155.87,148.83,308.77
112.1022,35.09,202.62,139.48,69.19,34.65,83.27,45.1,15.73,0.0,0.0,0.0,0.0,8.47,101.09,97.24,306.24
112.1122,31.02,210.98,137.28,73.48,34.65,95.04,54.12,18.04,0.0,0.0,0.0,0.0,10.56,57.97,44.33,283.47
112.1222,28.93,223.41,137.28,79.75,36.85,104.39,60.94,20.24,0.0,0.0,0.0,0.0,8.47,22.66,26.18,199.32
112.1322,26.84,235.95,139.48,84.04,39.05,111.43,68.09,22.55,0.0,0.0,0.0,0.0,6.27,12.54,24.2,133.76
112.1422,26.84,246.4,143.88,90.42,41.25,121.0,72.82,24.75,0.0,0.0,0.0,0.0,6.27,12.54,18.15,113.52
112.1521,26.84,254.76,141.68,96.8,41.25,128.15,77.55,27.06,0.0,0.0,0.0,0.0,4.18,7.48,14.08,110.99
112.1621,24.75,265.21,139.48,103.07,43.34,137.72,82.28,29.26,0.0,0.0,0.0,0.0,0.0,4.95,10.01,84.81
112.1721,24.75,273.57,132.88,109.45,43.34,142.56,84.59,29.26,0.0,0.0,0.0,0.0,0.0,0.0,6.05,47.41
112.1821,24.75,277.75,128.48,115.72,45.54,149.71,89.32,31.57,0.0,0.0,0.0,0.0,0.0,0.0,0.0,13.86
112.1921,22.77,281.93,121.88,121.99,47.74,154.55,94.05,33.77,0.0,0.0,0.0,0.0,0.0,0.0,0.0,5.5
112.2021,22.77,279.95,119.68,128.15,49.94,159.28,98.78,33.77,0.0,0.0,0.0,0.0,0.0,0.0,0.0,0.0
112.2121,20.68,277.75,117.48,130.24,49.94,164.12,101.2,36.08,0.0,0.0,0.0,0.0,0.0,0.0,0.0,0.0
112.2221,20.68,271.48,117.48,134.31,52.03,168.96,105.93,38.28,0.0,0.0,0.0,0.0,0.0,0.0,0.0,0.0
112.2321,20.68,265.21,115.28,138.49,54.23,171.16,110.66,40.59,0.0,0.0,0.0,0.0,0.0,0.0,0.0,0.0
112.2421,20.68,256.85,110.77,140.58,56.43,175.78,113.08,40.59,0.0,0.0,0.0,0.0,0.0,0.0,0.0,0.0
112.2521,18.59,246.4,108.57,144.76,58.63,178.09,117.59,42.79,0.0,0.0,0.0,0.0,0.0,0.0,0.0,0.0
112.2621,18.59,238.04,101.86,146.74,60.72,180.4,122.1,45.1,0.0,0.0,0.0,0.0,0.0,0.0,0.0,0.0
112.2721,18.59,227.59,97.46,148.83,62.92,182.71,124.41,45.1,0.0,0.0,0.0,0.0,0.0,0.0,0.0,0.0
112.2821,18.59,219.23,90.75,153.01,62.92,184.91,126.61,47.3,0.0,0.0,0.0,0.0,0.0,0.0,0.0,0.0
112.2921,18.59,208.89,86.24,155.1,65.01,187.22,131.23,47.3,0.0,0.0,0.0,0.0,0.0,0.0,0.0,0.0
112.3021,16.5,200.64,81.84,157.08,67.21,189.53,133.43,49.61,0.0,0.0,0.0,0.0,0.0,0.0,0.0,0.0
112.3121,16.5,190.19,77.33,159.17,69.3,191.84,137.94,49.61,0.0,0.0,0.0,0.0,0.0,0.0,0.0,0.0
112.3221,16.5,179.85,75.13,161.26,71.5,196.46,142.56,51.81,0.0,0.0,0.0,0.0,0.0,0.0,0.0,0.0
112.3321,16.5,169.51,70.62,165.44,73.59,198.66,147.07,54.12,0.0,0.0,0.0,0.0,0.0,0.0,0.0,0.0
112.3421,16.5,160.82,66.22,167.53,75.79,200.97,151.58,56.32,0.0,0.0,0.0,0.0,0.0,0.0,0.0,0.0
112.3521,14.41,152.02,59.51,169.62,77.88,205.59,156.09,58.63,0.0,0.0,0.0,0.0,0.0,0.0,0.0,0.0
112.3621,16.5,143.22,55.11,173.8,80.08,207.9,160.71,60.72,0.0,0.0,0.0,0.0,0.0,0.0,0.0,0.0
112.3721,14.41,134.42,47.19,178.09,82.17,212.41,165.22,62.92,0.0,0.0,0.0,0.0,0.0,0.0,0.0,0.0
112.3821,14.41,125.62,43.23,182.38,84.37,217.03,169.84,65.12,0.0,0.0,0.0,0.0,0.0,0.0,0.0,0.0
112.3921,14.41,114.62,37.29,186.56,84.37,221.65,174.46,67.32,0.0,0.0,0.0,0.0,0.0,0.0,0.0,0.0
112.4021,14.41,106.15,31.46,190.85,86.57,226.27,179.08,69.41,0.0,0.0,0.0,0.0,0.0,0.0,0.0,0.0
112.4121,14.41,98.23,25.52,195.03,88.66,230.78,183.81,73.81,0.0,0.0,0.0,0.0,0.0,0.0,0.0,0.0
112.4221,12.32,88.33,21.56,201.41,88.66,235.4,188.43,76.01,0.0,0.0,0.0,0.0,0.0,0.0,0.0,0.0
112.4321,12.32,78.32,17.71,205.7,90.86,242.33,193.05,80.3,0.0,0.0,0.0,0.0,0.0,0.0,0.0,0.0
112.4421,12.32,68.42,13.75,209.88,90.86,246.95,195.47,82.5,0.0,0.0,0.0,0.0,0.0,0.0,0.0,0.0
112.4521,12.32,56.54,11.77,216.26,90.86,253.88,200.09,84.7,0.0,0.0,0.0,0.0,0.0,0.0,0.0,0.0
112.4621,10.34,45.21,9.79,220.55,90.86,258.5,202.4,89.1,0.0,0.0,0.0,0.0,0.0,0.0,0.0,0.0
112.4721,10.34,33.88,7.81,222.64,90.86,263.12,207.02,91.19,0.0,0.0,0.0,0.0,0.0,0.0,0.0,0.0
112.4821,8.25,24.42,5.83,224.84,90.86,270.05,211.75,95.59,0.0,0.0,0.0,0.0,0.0,0.0,0.0,0.0
112.4921,8.25,16.94,5.83,224.84,92.95,274.67,214.06,97.79,0.0,0.0,0.0,0.0,0.0,0.0,0.0,0.0
112.5021,6.16,13.09,3.85,220.55,90.86,276.98,218.68,102.08,0.0,0.0,0.0,0.0,0.0,0.0,0.0,0.0
112.5121,4.07,9.35,3.85,214.17,88.66,281.49,220.99,108.68,0.0,0.0,0.0,0.0,0.0,0.0,0.0,0.0
112.5221,4.07,7.48,0.0,205.7,84.37,285.89,223.41,113.08,6.82,0.0,0.0,0.0,0.0,0.0,0.0,0.0
112.5321,0.0,5.61,0.0,197.23,80.08,288.09,225.61,117.59,11.44,0.0,0.0,0.0,0.0,0.0,0.0,0.0
112.5421,0.0,3.74,0.0,186.56,75.79,292.49,227.92,124.52,22.88,0.0,0.0,0.0,0.0,0.0,0.0,0.0
112.5521,0.0,3.74,0.0,178.09,71.5,296.89,230.23,129.03,25.08,0.0,0.0,0.0,0.0,0.0,0.0,0.0
112.5621,0.0,0.0,0.0,169.62,65.01,299.09,232.54,135.96,32.01,0.0,0.0,0.0,0.0,0.0,0.0,0.0
112.5721,0.0,0.0,0.0,159.17,58.63,303.49,232.54,140.58,57.2,0.0,0.0,0.0,0.0,0.0,0.0,0.0
112.5821,0.0,0.0,0.0,148.83,52.03,305.8,232.54,145.09,100.1,0.0,0.0,0.0,0.0,0.0,0.0,0.0
112.5921,0.0,0.0,0.0,134.31,45.54,305.8,232.54,149.71,141.68,0.0,0.0,0.0,0.0,0.0,0.0,0.0
112.6021,0.0,0.0,0.0,117.81,39.05,305.8,232.54,154.33,183.04,25.08,9.46,0.0,0.0,0.0,0.0,0.0
112.6121,0.0,0.0,0.0,98.89,30.36,303.49,232.54,158.84,107.25,84.04,68.09,0.0,0.0,0.0,0.0,0.0
112.6221,0.0,0.0,0.0,77.66,19.47,294.69,232.54,161.15,59.51,142.01,102.96,7.48,6.27,4.95,20.13,0.0
112.6321,0.0,0.0,0.0,52.25,12.98,285.89,225.61,168.08,45.76,157.3,120.67,15.07,8.47,15.07,30.25,5.5
112.6421,0.0,0.0,0.0,25.08,8.58,265.43,214.06,172.7,36.52,159.39,129.91,17.6,10.56,25.19,42.35,8.36
112.6521,0.0,0.0,0.0,12.54,8.58,228.47,183.81,184.58,27.39,159.39,134.53,22.66,12.65,40.26,52.47,11.11
112.6621,0.0,0.0,0.0,10.45,8.58,166.54,142.56,196.46,20.57,165.99,134.53,25.19,16.94,55.44,63.69,13.86
112.6721,0.0,0.0,0.0,8.36,8.58,99.66,91.74,208.34,15.95,170.28,136.84,27.72,16.94,67.54,78.1,16.72
112.6821,0.0,0.0,0.0,6.27,8.58,55.11,45.1,215.49,15.95,176.55,145.97,30.14,19.03,79.53,87.67,19.47
112.6921,0.0,0.0,0.0,6.27,6.49,23.21,20.24,168.08,13.64,184.91,150.59,32.67,21.12,86.68,101.97,25.08
112.7021,0.0,0.0,0.0,6.27,6.49,14.74,15.73,91.19,13.64,195.36,157.52,35.2,23.21,96.25,113.96,27.83
112.7121,0.0,0.0,0.0,4.18,4.29,12.65,11.22,56.32,11.44,201.63,162.14,37.73,25.41,103.4,123.2,33.44
112.7221,0.0,0.0,0.0,4.18,4.29,8.47,9.02,40.59,11.44,209.99,164.45,40.26,27.5,110.66,132.55,36.19
112.7321,0.0,0.0,0.0,0.0,0.0,6.27,4.51,36.08,11.44,216.26,166.76,45.32,29.59,118.03,141.9,41.8
112.7421,0.0,0.0,0.0,0.0,0.0,0.0,0.0,24.75,11.44,220.44,169.07,47.85,31.79,125.62,151.14,44.66
112.7521,0.0,0.0,0.0,0.0,0.0,0.0,0.0,4.51,11.44,224.62,169.07,50.38,31.79,133.21,160.49,50.16
112.7621,0.0,0.0,0.0,0.0,0.0,0.0,0.0,0.0,9.13,226.71,169.07,52.91,33.88,138.27,167.53,55.77
112.7721,0.0,0.0,0.0,0.0,0.0,0.0,0.0,0.0,9.13,226.71,169.07,55.44,35.97,143.22,174.79,64.35
112.7821,0.0,0.0,0.0,0.0,0.0,0.0,0.0,0.0,9.13,224.62,169.07,57.97,38.06,148.28,179.63,70.18
112.7921,0.0,0.0,0.0,0.0,0.0,0.0,0.0,0.0,9.13,224.62,164.45,60.39,38.06,153.34,184.58,76.01
112.8021,0.0,0.0,0.0,0.0,0.0,0.0,0.0,0.0,9.13,222.64,162.14,62.92,40.26,158.4,189.42,81.84
112.8121,0.0,0.0,0.0,0.0,0.0,0.0,0.0,0.0,9.13,218.35,157.52,62.92,40.26,160.93,191.84,87.67
112.8221,0.0,0.0,0.0,0.0,0.0,0.0,0.0,0.0,9.13,214.17,152.9,65.45,42.35,163.46,194.37,90.53
112.8321,0.0,0.0,0.0,0.0,0.0,0.0,0.0,0.0,9.13,209.99,148.28,67.98,42.35,168.52,196.79,93.5
112.8421,0.0,0.0,0.0,0.0,0.0,0.0,0.0,0.0,9.13,205.81,141.35,70.4,44.44,171.05,199.21,96.36
112.8521,0.0,0.0,0.0,0.0,0.0,0.0,0.0,0.0,6.82,199.54,134.53,72.93,44.44,173.36,201.63,99.33
112.8621,0.0,0.0,0.0,0.0,0.0,0.0,0.0,0.0,6.82,195.36,125.29,72.93,44.44,175.67,201.63,99.33
112.8721,0.0,0.0,0.0,0.0,0.0,0.0,0.0,0.0,9.13,191.18,116.05,75.46,46.53,178.09,204.05,102.19
112.8821,0.0,0.0,0.0,0.0,0.0,0.0,0.0,0.0,6.82,184.91,109.45,77.99,46.53,180.4,204.05,105.16
112.8921,0.0,0.0,0.0,0.0,0.0,0.0,0.0,0.0,6.82,178.64,100.76,80.41,46.53,182.82,206.47,108.02
112.9021,0.0,0.0,0.0,0.0,0.0,0.0,0.0,0.0,6.82,172.37,92.07,80.41,48.73,185.13,209.0,110.99
112.9121,0.0,0.0,0.0,0.0,0.0,0.0,0.0,0.0,6.82,163.79,83.38,85.47,48.73,187.44,211.42,113.52
112.9221,0.0,0.0,0.0,0.0,0.0,0.0,0.0,0.0,6.82,159.39,76.78,85.47,48.73,189.86,213.84,116.05
112.9321,0.0,0.0,0.0,0.0,0.0,0.0,0.0,0.0,6.82,152.9,70.29,88.0,50.82,192.17,218.68,118.58
112.9421,0.0,0.0,0.0,0.0,0.0,0.0,0.0,0.0,4.51,146.41,63.8,90.53,50.82,194.59,221.21,121.11
112.9521,0.0,0.0,0.0,0.0,0.0,0.0,0.0,0.0,6.82,142.01,57.2,92.95,52.91,199.32,223.52,126.17
112.9621,0.0,0.0,0.0,0.0,0.0,0.0,0.0,0.0,4.51,135.52,51.26,95.48,52.91,201.63,225.94,128.7
112.9721,0.0,0.0,0.0,0.0,0.0,0.0,0.0,0.0,4.51,131.23,43.67,98.01,55.11,206.36,230.78,133.76
112.9821,0.0,0.0,0.0,0.0,0.0,0.0,0.0,0.0,6.82,126.83,39.82,100.54,55.11,208.67,233.2,136.29
112.9921,0.0,0.0,0.0,0.0,0.0,0.0,0.0,0.0,4.51,122.54,32.23,105.49,57.53,215.82,240.35,141.35
113.0021,0.0,0.0,0.0,0.0,0.0,0.0,0.0,0.0,4.51,115.94,28.49,108.02,57.53,218.13,242.77,146.41
113.0121,0.0,0.0,0.0,0.0,0.0,0.0,0.0,0.0,4.51,109.56,24.64,110.55,57.53,222.97,247.61,151.47
113.0221,0.0,0.0,0.0,0.0,0.0,0.0,0.0,0.0,4.51,101.09,18.92,113.08,60.06,227.81,252.34,156.53
113.0321,0.0,0.0,0.0,0.0,0.0,0.0,0.0,0.0,4.51,92.51,15.18,115.5,60.06,232.76,257.18,161.59
113.0421,0.0,0.0,0.0,0.0,0.0,0.0,0.0,0.0,4.51,81.95,13.2,120.45,60.06,237.6,262.02,166.76
113.0521,0.0,0.0,0.0,0.0,0.0,0.0,0.0,0.0,4.51,69.19,11.33,122.98,57.53,242.55,264.33,171.71
113.0621,0.0,0.0,0.0,0.0,0.0,0.0,0.0,0.0,4.51,56.43,11.33,125.51,60.06,247.39,269.17,174.24
113.0721,0.0,0.0,0.0,0.0,0.0,0.0,0.0,0.0,0.0,43.89,9.46,127.93,57.53,252.34,271.59,179.19
113.0821,0.0,0.0,0.0,0.0,0.0,0.0,0.0,0.0,0.0,33.44,7.59,130.46,57.53,257.18,274.01,184.25
113.0921,0.0,0.0,0.0,0.0,0.0,0.0,0.0,0.0,0.0,22.99,7.59,132.88,57.53,262.13,278.63,189.31
113.1021,0.0,0.0,0.0,0.0,0.0,0.0,0.0,0.0,0.0,16.72,5.61,130.46,55.11,266.97,280.94,194.26
113.1121,0.0,0.0,0.0,0.0,0.0,0.0,0.0,0.0,0.0,10.45,3.74,130.46,52.91,271.92,283.25,201.85
113.1221,6.16,0.0,0.0,0.0,0.0,0.0,0.0,0.0,0.0,6.27,0.0,125.51,48.73,276.76,287.87,209.33
113.1321,20.68,0.0,0.0,0.0,0.0,0.0,0.0,0.0,0.0,4.18,0.0,120.45,42.35,281.71,290.18,216.81
113.1421,41.36,0.0,0.0,0.0,0.0,0.0,0.0,0.0,0.0,4.18,0.0,113.08,38.06,286.55,292.49,224.4
113.1521,64.46,0.0,0.0,0.0,0.0,0.0,0.0,0.0,0.0,0.0,0.0,105.49,31.79,289.08,294.8,231.55
113.1621,79.64,0.0,0.0,0.0,0.0,0.0,0.0,0.0,0.0,0.0,0.0,95.48,27.5,291.5,297.0,238.59
113.1721,103.62,0.0,0.0,0.0,0.0,0.0,0.0,0.0,0.0,0.0,0.0,85.47,21.12,293.92,299.31,245.63
113.1821,122.32,0.0,0.0,0.0,0.0,0.0,0.0,0.0,0.0,0.0,0.0,75.46,16.94,296.34,299.31,254.98
113.1921,162.03,0.0,0.0,0.0,0.0,0.0,0.0,0.0,0.0,0.0,0.0,62.92,12.65,296.34,299.31,259.71
113.2021,202.51,32.01,0.0,0.0,0.0,0.0,0.0,0.0,0.0,0.0,0.0,47.85,8.47,296.34,294.8,266.75
113.2121,162.03,116.82,0.0,0.0,0.0,0.0,0.0,0.0,0.0,0.0,0.0,32.67,6.27,293.92,290.18,269.06
113.2221,122.32,175.78,21.56,22.99,0.0,0.0,0.0,0.0,0.0,0.0,0.0,17.6,6.27,289.08,276.43,273.79
113.2321,90.53,177.87,95.15,43.89,10.78,19.03,4.51,0.0,0.0,0.0,0.0,7.48,6.27,276.76,257.18,276.1
113.2421,84.04,186.12,124.08,50.16,19.47,38.06,13.53,6.71,0.0,0.0,0.0,4.95,6.27,249.92,225.94,278.52
113.2521,73.15,186.12,135.08,52.25,28.16,52.91,29.26,9.02,0.0,0.0,0.0,0.0,6.27,208.67,179.63,280.94
113.2621,64.46,181.94,139.48,52.25,30.36,64.46,40.59,11.22,0.0,0.0,0.0,4.95,8.47,158.4,125.62,280.94
113.2721,55.88,181.94,143.88,54.34,34.65,76.23,54.12,13.53,0.0,0.0,0.0,4.95,8.47,105.82,78.1,278.52
113.2821,51.7,186.12,148.28,58.63,39.05,85.58,65.67,15.73,0.0,0.0,0.0,4.95,8.47,67.54,36.3,252.67
113.2921,49.61,194.37,154.88,60.72,41.25,92.62,75.13,20.24,0.0,0.0,0.0,4.95,8.47,25.19,26.18,174.24
113.3021,47.52,202.62,159.28,62.81,43.34,99.66,84.59,20.24,0.0,0.0,0.0,0.0,6.27,17.6,22.11,123.64
113.3121,45.54,208.89,163.68,67.1,45.54,106.7,91.74,22.55,0.0,0.0,0.0,0.0,4.18,12.54,18.15,108.02
113.3221,43.45,217.14,165.88,71.28,47.74,116.16,98.78,24.75,0.0,0.0,0.0,0.0,4.18,10.01,14.08,105.16
113.3321,43.45,227.59,165.88,73.48,49.94,123.42,105.93,27.06,0.0,0.0,0.0,0.0,0.0,7.48,10.01,78.98
113.3421,41.36,233.86,168.19,77.66,52.03,128.15,110.66,29.26,0.0,0.0,0.0,0.0,0.0,4.95,6.05,44.66
113.3521,41.36,238.04,168.19,79.75,54.23,132.99,117.59,31.57,0.0,0.0,0.0,0.0,0.0,0.0,3.96,11.11
113.3621,41.36,240.13,170.5,84.04,56.43,140.14,122.1,33.77,0.0,0.0,0.0,0.0,0.0,0.0,0.0,5.5
113.3721,39.27,240.13,172.81,86.13,58.63,142.56,126.61,36.08,0.0,0.0,0.0,0.0,0.0,0.0,0.0,0.0
113.3821,37.18,238.04,172.81,88.33,58.63,147.29,131.23,38.28,0.0,0.0,0.0,0.0,0.0,0.0,0.0,0.0
113.3921,37.18,233.86,170.5,90.42,60.72,149.71,135.74,38.28,0.0,0.0,0.0,0.0,0.0,0.0,0.0,0.0
113.4021,35.09,229.68,168.19,92.51,62.92,154.55,140.25,40.59,0.0,0.0,0.0,0.0,0.0,0.0,0.0,0.0
113.4121,33.11,223.41,165.88,94.6,65.01,156.97,142.56,42.79,0.0,0.0,0.0,0.0,0.0,0.0,0.0,0.0
113.4221,31.02,217.14,159.28,96.8,67.21,159.28,147.07,42.79,0.0,0.0,0.0,0.0,0.0,0.0,0.0,0.0
113.4321,31.02,210.98,154.88,98.89,67.21,161.7,149.38,45.1,0.0,0.0,0.0,0.0,0.0,0.0,0.0,0.0
113.4421,28.93,204.71,150.48,100.98,69.3,164.12,151.58,47.3,0.0,0.0,0.0,0.0,0.0,0.0,0.0,0.0
113.4521,28.93,198.55,148.28,103.07,71.5,164.12,153.89,47.3,0.0,0.0,0.0,0.0,0.0,0.0,0.0,0.0
113.4621,26.84,190.19,143.88,103.07,71.5,166.54,158.4,49.61,0.0,0.0,0.0,0.0,0.0,0.0,0.0,0.0
113.4721,26.84,181.94,139.48,107.36,73.59,171.16,160.71,51.81,0.0,0.0,0.0,0.0,0.0,0.0,0.0,0.0
113.4821,24.75,173.69,135.08,109.45,75.79,173.47,165.22,51.81,0.0,0.0,0.0,0.0,0.0,0.0,0.0,0.0
113.4921,24.75,165.22,128.48,111.65,77.88,175.78,169.84,54.12,0.0,0.0,0.0,0.0,0.0,0.0,0.0,0.0
113.5021,22.77,156.42,119.68,113.63,80.08,178.09,172.15,56.32,0.0,0.0,0.0,0.0,0.0,0.0,0.0,0.0
113.5121,20.68,147.62,113.08,115.72,82.17,180.4,176.77,58.63,0.0,0.0,0.0,0.0,0.0,0.0,0.0,0.0
113.5221,20.68,138.82,104.06,119.9,84.37,184.91,181.5,60.72,0.0,0.0,0.0,0.0,0.0,0.0,0.0,0.0
113.5321,20.68,132.22,95.15,123.97,86.57,187.22,186.12,62.92,0.0,0.0,0.0,0.0,0.0,0.0,0.0,0.0
113.5421,18.59,123.42,88.55,126.06,88.66,191.84,190.74,65.12,0.0,0.0,0.0,0.0,0.0,0.0,0.0,0.0
113.5521,18.59,114.62,77.33,130.24,90.86,196.46,195.47,67.32,0.0,0.0,0.0,0.0,0.0,0.0,0.0,0.0
113.5621,18.59,108.13,68.42,134.31,92.95,200.97,200.09,69.41,0.0,0.0,0.0,0.0,0.0,0.0,0.0,0.0
113.572,16.5,100.21,57.31,138.49,95.15,205.59,204.71,73.81,0.0,0.0,0.0,0.0,0.0,0.0,0.0,0.0
113.582,16.5,94.27,49.17,142.67,97.24,210.21,211.75,76.01,0.0,0.0,0.0,0.0,0.0,0.0,0.0,0.0
113.592,16.5,86.35,41.25,146.74,97.24,214.72,216.37,78.21,0.0,0.0,0.0,0.0,0.0,0.0,0.0,0.0
113.602,16.5,80.3,35.42,150.92,99.44,219.34,220.99,82.5,0.0,0.0,0.0,0.0,0.0,0.0,0.0,0.0
113.612,14.41,72.38,27.5,155.1,101.53,223.96,227.92,84.7,0.0,0.0,0.0,0.0,0.0,0.0,0.0,0.0
113.622,14.41,64.46,21.56,159.17,103.73,230.78,232.54,89.1,0.0,0.0,0.0,0.0,0.0,0.0,0.0,0.0
113.632,14.41,54.56,15.73,163.35,103.73,235.4,237.16,93.39,0.0,0.0,0.0,0.0,0.0,0.0,0.0,0.0
113.642,12.32,43.34,11.77,167.53,103.73,242.33,241.78,95.59,0.0,0.0,0.0,0.0,0.0,0.0,0.0,0.0
113.652,12.32,32.01,9.79,171.71,103.73,246.95,246.29,99.99,0.0,0.0,0.0,0.0,0.0,0.0,0.0,0.0
113.662,10.34,20.68,7.81,173.8,103.73,253.88,248.6,104.28,0.0,0.0,0.0,0.0,0.0,0.0,0.0,0.0
113.672,8.25,15.07,5.83,176.0,103.73,258.5,250.91,108.68,0.0,0.0,0.0,0.0,0.0,0.0,0.0,0.0
113.682,6.16,11.22,3.85,171.71,101.53,265.43,255.53,113.08,9.13,0.0,0.0,0.0,0.0,0.0,0.0,0.0
113.692,4.07,7.48,3.85,167.53,97.24,270.05,257.84,117.59,13.64,0.0,0.0,0.0,0.0,0.0,0.0,0.0
113.702,4.07,5.61,0.0,163.35,92.95,274.67,257.84,124.52,20.57,0.0,0.0,0.0,0.0,0.0,0.0,0.0
113.712,0.0,3.74,0.0,157.08,86.57,279.29,260.15,129.03,22.88,0.0,0.0,0.0,0.0,0.0,0.0,0.0
113.722,0.0,3.74,0.0,148.83,80.08,283.69,260.15,133.65,32.01,0.0,0.0,0.0,0.0,0.0,0.0,0.0
113.732,0.0,0.0,0.0,142.67,71.5,285.89,260.15,138.27,66.66,0.0,0.0,0.0,0.0,0.0,0.0,0.0
113.742,0.0,0.0,0.0,134.31,65.01,290.29,257.84,142.78,104.94,0.0,0.0,0.0,0.0,0.0,0.0,0.0
113.752,0.0,0.0,0.0,121.99,56.43,290.29,257.84,147.4,125.84,0.0,0.0,0.0,0.0,0.0,0.0,0.0
113.762,0.0,0.0,0.0,109.45,47.74,290.29,255.53,154.33,183.04,0.0,3.74,0.0,0.0,0.0,0.0,0.0
113.772,0.0,0.0,0.0,92.51,41.25,288.09,255.53,158.84,143.99,58.63,59.4,0.0,0.0,0.0,0.0,0.0
113.782,0.0,0.0,0.0,73.48,30.36,283.69,253.22,161.15,88.22,129.03,92.07,0.0,0.0,0.0,0.0,0.0
113.792,0.0,0.0,0.0,52.25,19.47,274.67,250.91,165.77,52.58,159.39,118.36,12.54,8.47,12.54,18.15,5.5
113.802,0.0,0.0,0.0,29.26,10.78,258.5,239.47,170.39,43.45,163.79,127.6,17.6,14.74,25.19,30.25,8.36
113.812,0.0,0.0,0.0,12.54,8.58,233.09,218.68,177.43,29.7,163.79,132.22,22.66,16.94,40.26,44.33,11.11
113.822,0.0,0.0,0.0,8.36,8.58,182.71,181.5,187.0,20.57,168.19,129.91,25.19,21.12,55.44,54.45,13.86
113.832,0.0,0.0,0.0,6.27,8.58,123.42,133.43,196.46,15.95,172.37,129.91,27.72,23.21,67.54,66.11,19.47
113.842,0.0,0.0,0.0,4.18,8.58,73.81,84.59,208.34,13.64,176.55,134.53,32.67,27.5,79.53,80.41,22.33
113.852,0.0,0.0,0.0,4.18,8.58,38.06,38.28,213.07,13.64,184.91,139.15,35.2,29.59,89.1,92.4,25.08
113.862,0.0,0.0,0.0,4.18,6.49,16.94,20.24,149.71,13.64,191.18,143.66,37.73,31.79,98.67,104.39,27.83
113.872,0.0,0.0,0.0,0.0,6.49,12.65,15.73,80.3,11.44,197.45,148.28,40.26,31.79,105.82,116.27,33.44
113.882,0.0,0.0,0.0,0.0,4.29,8.47,11.22,45.1,11.44,201.63,152.9,42.79,35.97,115.5,127.93,39.05
113.892,0.0,0.0,0.0,0.0,0.0,6.27,9.02,33.77,11.44,205.81,155.21,47.85,38.06,123.09,139.59,44.66
113.902,0.0,0.0,0.0,0.0,0.0,4.18,4.51,29.26,11.44,207.9,155.21,50.38,40.26,130.68,148.83,50.16
113.912,0.0,0.0,0.0,0.0,0.0,0.0,0.0,18.04,11.44,209.99,155.21,52.91,42.35,138.27,158.18,58.63
113.922,0.0,0.0,0.0,0.0,0.0,0.0,0.0,0.0,9.13,209.99,155.21,55.44,44.44,143.22,167.53,67.32
113.932,0.0,0.0,0.0,0.0,0.0,0.0,0.0,0.0,9.13,209.99,152.9,57.97,46.53,150.81,174.79,76.01
113.942,0.0,0.0,0.0,0.0,0.0,0.0,0.0,0.0,9.13,209.99,150.59,60.39,48.73,155.87,182.16,84.81
113.952,0.0,0.0,0.0,0.0,0.0,0.0,0.0,0.0,9.13,205.81,145.97,62.92,50.82,160.93,189.42,93.5
113.962,0.0,0.0,0.0,0.0,0.0,0.0,0.0,0.0,9.13,201.63,141.35,65.45,52.91,165.99,194.37,102.19
113.972,0.0,0.0,0.0,0.0,0.0,0.0,0.0,0.0,9.13,197.45,136.84,67.98,55.11,171.05,201.63,110.99
113.982,0.0,0.0,0.0,0.0,0.0,0.0,0.0,0.0,9.13,191.18,129.91,70.4,57.53,173.36,206.47,116.05
113.992,0.0,0.0,0.0,0.0,0.0,0.0,0.0,0.0,9.13,187.0,122.98,72.93,57.53,178.09,211.42,121.11
114.002,0.0,0.0,0.0,0.0,0.0,0.0,0.0,0.0,9.13,180.73,116.05,75.46,60.06,180.4,213.84,126.17
114.012,0.0,0.0,0.0,0.0,0.0,0.0,0.0,0.0,6.82,174.46,107.25,77.99,60.06,185.13,218.68,128.7
114.022,0.0,0.0,0.0,0.0,0.0,0.0,0.0,0.0,6.82,168.19,98.56,80.41,62.59,187.44,223.52,133.76
114.032,0.0,0.0,0.0,0.0,0.0,0.0,0.0,0.0,6.82,159.39,87.67,82.94,65.12,192.17,225.94,136.29
114.042,0.0,0.0,0.0,0.0,0.0,0.0,0.0,0.0,6.82,152.9,78.98,85.47,65.12,194.59,230.78,141.35
114.052,0.0,0.0,0.0,0.0,0.0,0.0,0.0,0.0,6.82,144.21,70.29,88.0,67.65,196.9,235.51,143.88
114.062,0.0,0.0,0.0,0.0,0.0,0.0,0.0,0.0,6.82,137.72,61.6,90.53,70.18,199.32,237.93,148.94
114.072,0.0,0.0,0.0,0.0,0.0,0.0,0.0,0.0,6.82,129.03,55.11,90.53,70.18,201.63,242.77,151.47
114.082,0.0,0.0,0.0,0.0,0.0,0.0,0.0,0.0,4.51,122.54,49.39,92.95,70.18,206.36,247.61,154.0
114.092,0.0,0.0,0.0,0.0,0.0,0.0,0.0,0.0,6.82,115.94,43.67,95.48,72.71,208.67,249.92,156.53
114.102,0.0,0.0,0.0,0.0,0.0,0.0,0.0,0.0,6.82,107.47,37.95,98.01,72.71,211.09,254.76,161.59
114.112,0.0,0.0,0.0,0.0,0.0,0.0,0.0,0.0,6.82,101.09,32.23,98.01,72.71,213.4,259.6,164.12
114.122,0.0,0.0,0.0,0.0,0.0,0.0,0.0,0.0,4.51,94.71,26.51,100.54,75.24,215.82,262.02,166.76
114.132,0.0,0.0,0.0,0.0,0.0,0.0,0.0,0.0,4.51,86.13,20.9,100.54,75.24,218.13,266.75,171.71
114.142,0.0,0.0,0.0,0.0,0.0,0.0,0.0,0.0,4.51,79.86,17.05,102.96,75.24,222.97,269.17,174.24
114.152,0.0,0.0,0.0,0.0,0.0,0.0,0.0,0.0,4.51,71.28,15.18,105.49,75.24,225.39,271.59,176.77
114.162,0.0,0.0,0.0,0.0,0.0,0.0,0.0,0.0,4.51,60.72,13.2,108.02,75.24,230.34,276.43,179.19
114.172,0.0,0.0,0.0,0.0,0.0,0.0,0.0,0.0,4.51,52.25,11.33,110.55,75.24,235.18,278.63,184.25
114.182,0.0,0.0,0.0,0.0,0.0,0.0,0.0,0.0,4.51,41.8,9.46,113.08,75.24,240.13,280.94,186.78
114.192,0.0,0.0,0.0,0.0,0.0,0.0,0.0,0.0,0.0,31.35,9.46,115.5,72.71,242.55,283.25,191.73
114.202,0.0,0.0,0.0,0.0,0.0,0.0,0.0,0.0,0.0,22.99,7.59,115.5,72.71,247.39,287.87,196.79
114.212,0.0,0.0,0.0,0.0,0.0,0.0,0.0,0.0,0.0,16.72,5.61,115.5,72.71,249.92,290.18,199.32
114.222,0.0,0.0,0.0,0.0,0.0,0.0,0.0,0.0,0.0,10.45,5.61,115.5,70.18,254.76,292.49,206.8
114.232,0.0,0.0,0.0,0.0,0.0,0.0,0.0,0.0,0.0,6.27,3.74,113.08,67.65,257.18,297.0,211.86
114.242,0.0,0.0,0.0,0.0,0.0,0.0,0.0,0.0,0.0,4.18,0.0,108.02,65.12,262.13,299.31,216.81
114.252,4.07,0.0,0.0,0.0,0.0,0.0,0.0,0.0,0.0,4.18,0.0,105.49,60.06,264.55,303.93,224.4
114.262,10.34,0.0,0.0,0.0,0.0,0.0,0.0,0.0,0.0,0.0,0.0,100.54,55.11,269.5,306.24,231.55
114.272,18.59,0.0,0.0,0.0,0.0,0.0,0.0,0.0,0.0,0.0,0.0,95.48,50.82,271.92,308.55,238.59
114.282,24.75,0.0,0.0,0.0,0.0,0.0,0.0,0.0,0.0,0.0,0.0,90.53,44.44,276.76,310.86,245.63
114.292,37.18,0.0,0.0,0.0,0.0,0.0,0.0,0.0,0.0,0.0,0.0,82.94,40.26,279.29,310.86,250.36
114.302,60.06,0.0,0.0,0.0,0.0,0.0,0.0,0.0,0.0,0.0,0.0,77.99,33.88,284.13,313.17,257.4
114.312,75.35,0.0,0.0,0.0,0.0,0.0,0.0,0.0,0.0,0.0,0.0,67.98,27.5,284.13,313.17,264.44
114.322,99.33,0.0,0.0,0.0,0.0,0.0,0.0,0.0,0.0,0.0,0.0,57.97,23.21,286.55,313.17,271.48
114.332,136.18,0.0,0.0,0.0,0.0,0.0,0.0,0.0,0.0,0.0,0.0,47.85,16.94,286.55,310.86,276.1
114.342,184.25,13.09,0.0,0.0,0.0,0.0,0.0,0.0,0.0,0.0,0.0,35.2,12.65,286.55,306.24,280.94
114.352,154.11,102.19,0.0,0.0,0.0,0.0,0.0,0.0,0.0,0.0,0.0,20.13,6.27,284.13,299.31,283.47
114.362,116.38,173.69,25.52,27.17,0.0,0.0,0.0,0.0,0.0,0.0,0.0,7.48,6.27,274.34,285.56,286.0
114.372,88.44,186.12,90.75,48.07,10.78,14.74,4.51,0.0,0.0,0.0,0.0,0.0,6.27,259.71,264.33,291.06
114.382,81.84,194.37,113.08,54.34,17.27,33.88,11.22,6.71,0.0,0.0,0.0,0.0,6.27,230.34,230.78,293.59
114.392,66.66,194.37,124.08,56.54,25.96,50.82,22.55,9.02,0.0,0.0,0.0,0.0,6.27,192.17,189.42,296.12
114.402,57.97,192.28,126.28,58.63,28.16,62.15,33.77,11.22,0.0,0.0,0.0,0.0,6.27,140.8,139.59,298.65
114.412,49.61,192.28,130.68,62.81,32.56,71.5,45.1,15.73,0.0,0.0,0.0,0.0,8.47,96.25,89.98,293.59
114.422,45.54,198.55,132.88,65.01,34.65,83.27,56.32,18.04,0.0,0.0,0.0,0.0,8.47,55.44,42.35,271.48
114.432,41.36,204.71,139.48,69.19,39.05,90.31,65.67,18.04,0.0,0.0,0.0,0.0,8.47,20.13,26.18,189.31
114.442,41.36,212.96,148.28,71.28,41.25,97.35,72.82,20.24,0.0,0.0,0.0,0.0,6.27,15.07,22.11,131.23
114.452,41.36,219.23,152.68,73.48,45.54,104.39,82.28,22.55,0.0,0.0,0.0,0.0,6.27,12.54,18.15,113.52
114.462,39.27,225.5,154.88,77.66,47.74,111.43,89.32,24.75,0.0,0.0,0.0,0.0,4.18,10.01,14.08,108.02
114.472,39.27,233.86,157.08,81.95,49.94,118.58,96.47,27.06,0.0,0.0,0.0,0.0,0.0,4.95,10.01,84.81
114.482,37.18,240.13,157.08,84.04,52.03,123.42,103.51,27.06,0.0,0.0,0.0,0.0,0.0,0.0,6.05,47.41
114.492,37.18,244.31,159.28,88.33,54.23,128.15,108.24,29.26,0.0,0.0,0.0,0.0,0.0,0.0,3.96,13.86
114.502,37.18,248.49,159.28,90.42,54.23,132.99,113.08,31.57,0.0,0.0,0.0,0.0,0.0,0.0,0.0,5.5
114.512,35.09,248.49,159.28,94.6,56.43,137.72,117.59,31.57,0.0,0.0,0.0,0.0,0.0,0.0,0.0,0.0
114.522,35.09,246.4,161.48,96.8,58.63,140.14,119.79,33.77,0.0,0.0,0.0,0.0,0.0,0.0,0.0,0.0
114.532,33.11,242.22,161.48,98.89,58.63,144.98,124.41,33.77,0.0,0.0,0.0,0.0,0.0,0.0,0.0,0.0
114.542,31.02,238.04,159.28,100.98,60.72,147.29,128.92,36.08,0.0,0.0,0.0,0.0,0.0,0.0,0.0,0.0
114.552,31.02,233.86,159.28,103.07,62.92,149.71,131.23,36.08,0.0,0.0,0.0,0.0,0.0,0.0,0.0,0.0
114.562,28.93,229.68,157.08,105.27,62.92,152.13,135.74,38.28,0.0,0.0,0.0,0.0,0.0,0.0,0.0,0.0
114.572,28.93,223.41,152.68,105.27,65.01,154.55,137.94,38.28,0.0,0.0,0.0,0.0,0.0,0.0,0.0,0.0
114.582,26.84,217.14,148.28,107.36,65.01,156.97,140.25,38.28,0.0,0.0,0.0,0.0,0.0,0.0,0.0,0.0
114.592,26.84,210.98,143.88,109.45,67.21,159.28,142.56,40.59,0.0,0.0,0.0,0.0,0.0,0.0,0.0,0.0
114.602,26.84,206.8,139.48,111.65,67.21,161.7,144.76,40.59,0.0,0.0,0.0,0.0,0.0,0.0,0.0,0.0
114.612,24.75,198.55,135.08,113.63,69.3,161.7,147.07,42.79,0.0,0.0,0.0,0.0,0.0,0.0,0.0,0.0
114.622,24.75,192.28,132.88,115.72,69.3,164.12,149.38,42.79,0.0,0.0,0.0,0.0,0.0,0.0,0.0,0.0
114.632,22.77,184.03,128.48,117.81,71.5,166.54,151.58,45.1,0.0,0.0,0.0,0.0,0.0,0.0,0.0,0.0
114.642,22.77,179.85,124.08,119.9,71.5,168.96,153.89,45.1,0.0,0.0,0.0,0.0,0.0,0.0,0.0,0.0
114.652,22.77,173.69,119.68,121.99,73.59,171.16,158.4,45.1,0.0,0.0,0.0,0.0,0.0,0.0,0.0,0.0
114.662,20.68,167.53,113.08,123.97,75.79,173.47,160.71,47.3,0.0,0.0,0.0,0.0,0.0,0.0,0.0,0.0
114.672,20.68,160.82,106.37,128.15,77.88,175.78,162.91,49.61,0.0,0.0,0.0,0.0,0.0,0.0,0.0,0.0
114.682,20.68,154.22,97.46,130.24,77.88,178.09,167.53,49.61,0.0,0.0,0.0,0.0,0.0,0.0,0.0,0.0
114.692,18.59,147.62,90.75,134.31,80.08,182.71,172.15,51.81,0.0,0.0,0.0,0.0,0.0,0.0,0.0,0.0
114.702,18.59,143.22,84.04,138.49,82.17,184.91,174.46,54.12,0.0,0.0,0.0,0.0,0.0,0.0,0.0,0.0
114.712,18.59,136.62,75.13,142.67,84.37,189.53,181.5,56.32,0.0,0.0,0.0,0.0,0.0,0.0,0.0,0.0
114.722,16.5,132.22,68.42,146.74,86.57,194.15,186.12,58.63,0.0,0.0,0.0,0.0,0.0,0.0,0.0,0.0
114.732,16.5,125.62,59.51,153.01,88.66,200.97,190.74,60.72,0.0,0.0,0.0,0.0,0.0,0.0,0.0,0.0
114.742,16.5,119.02,51.15,157.08,90.86,205.59,195.47,62.92,0.0,0.0,0.0,0.0,0.0,0.0,0.0,0.0
114.752,16.5,112.42,45.21,163.35,92.95,210.21,200.09,65.12,0.0,0.0,0.0,0.0,0.0,0.0,0.0,0.0
114.762,14.41,106.15,37.29,169.62,92.95,217.03,202.4,65.12,0.0,0.0,0.0,0.0,0.0,0.0,0.0,0.0
114.772,14.41,98.23,29.48,176.0,95.15,221.65,207.02,67.32,0.0,0.0,0.0,0.0,0.0,0.0,0.0,0.0
114.782,14.41,88.33,23.54,180.18,95.15,228.47,211.75,69.41,0.0,0.0,0.0,0.0,0.0,0.0,0.0,0.0
114.792,12.32,78.32,17.71,184.47,95.15,233.09,216.37,71.61,0.0,0.0,0.0,0.0,0.0,0.0,0.0,0.0
114.802,12.32,64.46,13.75,190.85,95.15,240.02,218.68,73.81,0.0,0.0,0.0,0.0,0.0,0.0,0.0,0.0
114.812,12.32,50.82,11.77,195.03,95.15,244.64,223.41,76.01,0.0,0.0,0.0,0.0,0.0,0.0,0.0,0.0
114.822,10.34,35.75,9.79,199.32,92.95,249.26,225.61,78.21,11.44,0.0,0.0,0.0,0.0,0.0,0.0,0.0
114.832,8.25,24.42,7.81,201.41,92.95,256.19,227.92,78.21,11.44,0.0,0.0,0.0,0.0,0.0,0.0,0.0
114.842,8.25,15.07,5.83,201.41,92.95,260.81,230.23,80.3,18.26,0.0,0.0,0.0,0.0,0.0,0.0,0.0
114.852,6.16,9.35,3.85,195.03,88.66,265.43,234.85,84.7,22.88,0.0,0.0,0.0,0.0,0.0,0.0,0.0
114.862,4.07,7.48,3.85,188.65,82.17,272.36,237.16,89.1,32.01,0.0,0.0,0.0,0.0,0.0,0.0,0.0
114.872,0.0,5.61,0.0,180.18,77.88,276.98,239.47,93.39,73.81,0.0,0.0,0.0,0.0,0.0,0.0,0.0
114.882,0.0,3.74,0.0,171.71,69.3,281.49,239.47,97.79,97.79,0.0,0.0,0.0,0.0,0.0,0.0,0.0
114.892,0.0,3.74,0.0,159.17,62.92,283.69,239.47,104.28,119.02,0.0,0.0,0.0,0.0,0.0,0.0,0.0
114.902,0.0,0.0,0.0,146.74,54.23,285.89,241.78,108.68,155.32,25.08,5.61,0.0,0.0,0.0,0.0,0.0
114.912,0.0,0.0,0.0,132.33,47.74,283.69,241.78,115.28,90.53,79.86,70.29,0.0,0.0,0.0,0.0,0.0
114.922,0.0,0.0,0.0,113.63,39.05,283.69,241.78,122.21,41.14,131.23,98.56,0.0,0.0,0.0,3.96,0.0
114.932,0.0,0.0,0.0,92.51,30.36,276.98,241.78,129.03,22.88,150.7,120.67,17.6,8.47,10.01,16.06,5.5
114.942,0.0,0.0,0.0,69.19,19.47,267.74,239.47,135.96,18.26,157.3,129.91,22.66,12.65,20.13,28.27,5.5
114.952,0.0,0.0,0.0,43.89,10.78,251.57,234.85,142.78,13.64,159.39,132.22,25.19,14.74,30.14,38.28,8.36
114.962,0.0,0.0,0.0,16.72,6.49,228.47,216.37,149.71,11.44,163.79,129.91,30.14,16.94,42.79,46.42,11.11
114.972,0.0,0.0,0.0,8.36,6.49,184.91,181.5,161.15,11.44,172.37,132.22,32.67,19.03,55.44,52.47,13.86
114.982,0.0,0.0,0.0,6.27,6.49,125.73,133.43,172.7,9.13,180.73,134.53,35.2,19.03,65.12,58.85,16.72
114.992,0.0,0.0,0.0,6.27,6.49,73.81,87.01,184.58,9.13,191.18,136.84,40.26,21.12,74.69,63.69,19.47
115.0019,0.0,0.0,0.0,4.18,6.49,38.06,38.28,191.73,9.13,203.72,139.15,42.79,21.12,84.26,70.84,22.33
115.0119,0.0,0.0,0.0,4.18,6.49,14.74,18.04,140.58,9.13,218.35,136.84,47.85,23.21,93.83,75.68,22.33
115.0219,0.0,0.0,0.0,0.0,4.29,10.56,13.53,76.01,9.13,230.78,134.53,52.91,23.21,103.4,80.41,25.08
115.0319,0.0,0.0,0.0,0.0,0.0,8.47,9.02,42.79,6.82,242.99,132.22,57.97,25.41,113.08,85.25,27.83
115.0419,0.0,0.0,0.0,0.0,0.0,4.18,6.71,27.06,6.82,251.13,127.6,62.92,25.41,120.56,89.98,30.69
115.0519,0.0,0.0,0.0,0.0,0.0,0.0,4.51,22.55,6.82,259.27,122.98,65.45,27.5,130.68,97.24,33.44
115.0619,0.0,0.0,0.0,0.0,0.0,0.0,0.0,13.53,6.82,267.41,122.98,70.4,27.5,138.27,101.97,33.44
115.0719,0.0,0.0,0.0,0.0,0.0,0.0,0.0,0.0,6.82,271.48,118.36,75.46,29.59,148.28,106.81,39.05
115.0819,0.0,0.0,0.0,0.0,0.0,0.0,0.0,0.0,6.82,273.57,116.05,77.99,29.59,153.34,111.65,39.05
115.0919,0.0,0.0,0.0,0.0,0.0,0.0,0.0,0.0,6.82,275.66,113.85,82.94,31.79,160.93,118.58,41.8
115.1019,0.0,0.0,0.0,0.0,0.0,0.0,0.0,0.0,6.82,275.66,109.45,85.47,31.79,168.52,120.89,44.66
115.1119,0.0,0.0,0.0,0.0,0.0,0.0,0.0,0.0,6.82,273.57,105.05,90.53,33.88,175.67,125.62,47.41
115.1219,0.0,0.0,0.0,0.0,0.0,0.0,0.0,0.0,6.82,271.48,98.56,95.48,33.88,182.82,132.55,50.16
115.1319,0.0,0.0,0.0,0.0,0.0,0.0,0.0,0.0,6.82,267.41,94.27,98.01,35.97,187.44,134.86,53.02
115.1419,0.0,0.0,0.0,0.0,0.0,0.0,0.0,0.0,4.51,265.43,89.87,100.54,35.97,192.17,139.59,55.77
115.1519,0.0,0.0,0.0,0.0,0.0,0.0,0.0,0.0,4.51,261.36,85.47,102.96,38.06,196.9,141.9,58.63
115.1619,0.0,0.0,0.0,0.0,0.0,0.0,0.0,0.0,6.82,257.29,81.18,105.49,38.06,201.63,144.21,61.49
115.1719,0.0,0.0,0.0,0.0,0.0,0.0,0.0,0.0,6.82,255.2,74.69,108.02,40.26,203.94,146.52,64.35
115.1819,0.0,0.0,0.0,0.0,0.0,0.0,0.0,0.0,6.82,251.13,70.29,110.55,40.26,206.36,148.83,67.32
115.1919,0.0,0.0,0.0,0.0,0.0,0.0,0.0,0.0,6.82,247.06,65.89,113.08,40.26,208.67,151.14,67.32
115.2019,0.0,0.0,0.0,0.0,0.0,0.0,0.0,0.0,4.51,244.97,61.6,115.5,40.26,208.67,151.14,70.18
115.2119,0.0,0.0,0.0,0.0,0.0,0.0,0.0,0.0,6.82,240.9,55.11,115.5,40.26,213.4,151.14,70.18
115.2219,0.0,0.0,0.0,0.0,0.0,0.0,0.0,0.0,4.51,234.85,51.26,118.03,40.26,213.4,153.56,70.18
115.2319,0.0,0.0,0.0,0.0,0.0,0.0,0.0,0.0,4.51,230.78,47.41,120.45,42.35,215.82,153.56,73.15
115.2419,0.0,0.0,0.0,0.0,0.0,0.0,0.0,0.0,4.51,224.62,43.67,120.45,42.35,215.82,153.56,76.01
115.2519,0.0,0.0,0.0,0.0,0.0,0.0,0.0,0.0,4.51,220.44,39.82,122.98,42.35,218.13,155.87,76.01
115.2619,0.0,0.0,0.0,0.0,0.0,0.0,0.0,0.0,4.51,216.26,36.08,125.51,42.35,220.55,158.18,78.98
115.2719,0.0,0.0,0.0,0.0,0.0,0.0,0.0,0.0,4.51,212.08,32.23,127.93,42.35,222.97,158.18,78.98
115.2819,0.0,0.0,0.0,0.0,0.0,0.0,0.0,0.0,4.51,205.81,30.36,127.93,44.44,222.97,160.49,81.84
115.2919,0.0,0.0,0.0,0.0,0.0,0.0,0.0,0.0,4.51,201.63,26.51,132.88,44.44,225.39,162.8,84.81
115.3019,0.0,0.0,0.0,0.0,0.0,0.0,0.0,0.0,4.51,195.36,22.77,135.41,44.44,230.34,165.11,87.67
115.3119,0.0,0.0,0.0,0.0,0.0,0.0,0.0,0.0,4.51,189.09,20.9,135.41,44.44,232.76,165.11,90.53
115.3219,0.0,0.0,0.0,0.0,0.0,0.0,0.0,0.0,4.51,182.82,17.05,140.36,44.44,235.18,167.53,93.5
115.3319,0.0,0.0,0.0,0.0,0.0,0.0,0.0,0.0,4.51,174.46,15.18,142.89,46.53,240.13,172.37,99.33
115.3419,0.0,0.0,0.0,0.0,0.0,0.0,0.0,0.0,0.0,165.99,13.2,147.84,46.53,244.97,174.79,105.16
115.3519,0.0,0.0,0.0,0.0,0.0,0.0,0.0,0.0,4.51,152.9,11.33,152.79,46.53,249.92,177.21,108.02
115.3619,0.0,0.0,0.0,0.0,0.0,0.0,0.0,0.0,4.51,142.01,9.46,155.32,46.53,252.34,179.63,113.52
115.3719,0.0,0.0,0.0,0.0,0.0,0.0,0.0,0.0,0.0,129.03,9.46,160.27,46.53,257.18,184.58,118.58
115.3819,0.0,0.0,0.0,0.0,0.0,0.0,0.0,0.0,0.0,115.94,7.59,162.8,44.44,262.13,189.42,123.64
115.3919,0.0,0.0,0.0,0.0,0.0,0.0,0.0,0.0,0.0,101.09,7.59,167.97,46.53,266.97,194.37,128.7
115.4019,0.0,0.0,0.0,0.0,0.0,0.0,0.0,0.0,0.0,86.13,7.59,170.61,44.44,271.92,196.79,133.76
115.4119,0.0,0.0,0.0,0.0,0.0,0.0,0.0,0.0,0.0,71.28,7.59,173.25,44.44,276.76,201.63,138.82
115.4219,0.0,0.0,0.0,0.0,0.0,0.0,0.0,0.0,0.0,56.43,7.59,175.89,44.44,281.71,204.05,143.88
115.4319,6.16,0.0,0.0,0.0,0.0,0.0,0.0,0.0,0.0,43.89,5.61,178.53,42.35,286.55,206.47,148.94
115.4419,18.59,0.0,0.0,0.0,0.0,0.0,0.0,0.0,0.0,31.35,3.74,181.17,42.35,291.5,209.0,154.0
115.4519,24.75,0.0,0.0,0.0,0.0,0.0,0.0,0.0,0.0,20.9,3.74,178.53,42.35,298.87,213.84,161.59
115.4619,43.45,0.0,0.0,0.0,0.0,0.0,0.0,0.0,0.0,14.63,0.0,175.89,40.26,303.71,216.26,169.18
115.4719,66.66,0.0,0.0,0.0,0.0,0.0,0.0,0.0,0.0,8.36,0.0,167.97,35.97,308.66,221.21,176.77
115.4819,90.53,0.0,0.0,0.0,0.0,0.0,0.0,0.0,0.0,6.27,0.0,160.27,31.79,311.08,225.94,189.31
115.4919,120.34,0.0,0.0,0.0,0.0,0.0,0.0,0.0,0.0,4.18,0.0,150.37,27.5,316.03,228.36,196.79
115.5019,162.03,0.0,0.0,0.0,0.0,0.0,0.0,0.0,0.0,4.18,0.0,137.94,23.21,318.45,233.2,206.8
115.5119,190.3,45.21,0.0,0.0,0.0,0.0,0.0,0.0,0.0,0.0,0.0,125.51,16.94,318.45,233.2,216.81
115.5219,156.09,125.62,3.85,0.0,0.0,0.0,0.0,0.0,0.0,0.0,0.0,110.55,12.65,318.45,233.2,224.4
115.5319,103.62,158.62,72.93,25.08,0.0,0.0,0.0,0.0,0.0,0.0,0.0,95.48,8.47,318.45,230.78,231.55
115.5419,84.04,179.85,110.77,39.71,8.58,12.65,4.51,0.0,0.0,0.0,0.0,72.93,6.27,313.5,223.52,236.28
115.5519,73.15,186.12,124.08,45.98,17.27,27.5,9.02,6.71,0.0,0.0,0.0,50.38,4.18,308.66,209.0,240.9
115.5619,62.26,181.94,135.08,48.07,23.87,42.35,18.04,9.02,0.0,0.0,0.0,22.66,6.27,291.5,187.0,245.63
115.5719,53.79,184.03,135.08,52.25,25.96,50.82,27.06,11.22,0.0,0.0,0.0,7.48,6.27,249.92,151.14,252.67
115.5819,49.61,188.21,135.08,54.34,28.16,59.73,33.77,13.53,0.0,0.0,0.0,7.48,6.27,182.82,106.81,254.98
115.5919,45.54,196.46,139.48,56.54,30.36,66.77,40.59,13.53,0.0,0.0,0.0,4.95,8.47,110.66,63.69,252.67
115.6019,43.45,208.89,141.68,60.72,32.56,76.23,45.1,15.73,0.0,0.0,0.0,4.95,8.47,62.7,28.27,219.34
115.6119,43.45,223.41,146.08,65.01,32.56,83.27,51.81,18.04,0.0,0.0,0.0,4.95,6.27,22.66,22.11,146.41
115.6219,41.36,238.04,146.08,69.19,34.65,92.62,56.32,18.04,0.0,0.0,0.0,4.95,4.18,15.07,18.15,108.02
115.6319,39.27,252.67,146.08,75.57,34.65,99.66,60.94,20.24,0.0,0.0,0.0,4.95,4.18,12.54,14.08,96.36
115.6419,37.18,265.21,143.88,81.95,36.85,109.12,65.67,22.55,0.0,0.0,0.0,0.0,0.0,7.48,10.01,87.67
115.6519,37.18,275.66,141.68,86.13,36.85,113.85,70.4,22.55,0.0,0.0,0.0,0.0,0.0,4.95,6.05,67.32
115.6619,35.09,281.93,141.68,92.51,39.05,121.0,75.13,24.75,0.0,0.0,0.0,0.0,0.0,4.95,3.96,36.19
115.6719,35.09,286.11,143.88,94.6,41.25,125.73,79.86,24.75,0.0,0.0,0.0,0.0,0.0,0.0,0.0,5.5
115.6819,33.11,286.11,146.08,98.89,43.34,130.57,84.59,27.06,0.0,0.0,0.0,0.0,0.0,0.0,0.0,0.0
115.6919,33.11,284.02,148.28,103.07,45.54,135.41,91.74,27.06,0.0,0.0,0.0,0.0,0.0,0.0,0.0,0.0
115.7019,31.02,281.93,148.28,105.27,47.74,140.14,96.47,29.26,0.0,0.0,0.0,0.0,0.0,0.0,0.0,0.0
115.7119,28.93,277.75,148.28,109.45,49.94,144.98,101.2,31.57,0.0,0.0,0.0,0.0,0.0,0.0,0.0,0.0
115.7219,28.93,273.57,146.08,113.63,52.03,149.71,103.51,31.57,0.0,0.0,0.0,0.0,0.0,0.0,0.0,0.0
115.7319,26.84,269.39,141.68,115.72,52.03,152.13,108.24,33.77,0.0,0.0,0.0,0.0,0.0,0.0,0.0,0.0
115.7419,26.84,263.12,137.28,119.9,54.23,156.97,110.66,33.77,0.0,0.0,0.0,0.0,0.0,0.0,0.0,0.0
115.7519,26.84,258.94,132.88,121.99,54.23,159.28,113.08,33.77,0.0,0.0,0.0,0.0,0.0,0.0,0.0,0.0
115.7619,24.75,252.67,128.48,123.97,56.43,161.7,115.28,36.08,0.0,0.0,0.0,0.0,0.0,0.0,0.0,0.0
115.7719,24.75,248.49,124.08,128.15,58.63,164.12,117.59,36.08,0.0,0.0,0.0,0.0,0.0,0.0,0.0,0.0
115.7819,22.77,242.22,119.68,130.24,58.63,166.54,119.79,36.08,0.0,0.0,0.0,0.0,0.0,0.0,0.0,0.0
115.7919,22.77,235.95,115.28,132.33,60.72,166.54,122.1,38.28,0.0,0.0,0.0,0.0,0.0,0.0,0.0,0.0
115.8019,22.77,227.59,113.08,134.31,60.72,168.96,124.41,38.28,0.0,0.0,0.0,0.0,0.0,0.0,0.0,0.0
115.8119,22.77,221.32,106.37,136.4,62.92,171.16,126.61,38.28,0.0,0.0,0.0,0.0,0.0,0.0,0.0,0.0
115.8219,20.68,212.96,101.86,140.58,65.01,173.47,128.92,38.28,0.0,0.0,0.0,0.0,0.0,0.0,0.0,0.0
115.8319,20.68,204.71,95.15,142.67,65.01,175.78,131.23,40.59,0.0,0.0,0.0,0.0,0.0,0.0,0.0,0.0
115.8419,18.59,196.46,86.24,146.74,67.21,180.4,133.43,40.59,0.0,0.0,0.0,0.0,0.0,0.0,0.0,0.0
115.8519,18.59,190.19,79.53,150.92,69.3,182.71,135.74,42.79,0.0,0.0,0.0,0.0,0.0,0.0,0.0,0.0
115.8619,18.59,179.85,70.62,155.1,69.3,187.22,140.25,42.79,0.0,0.0,0.0,0.0,0.0,0.0,0.0,0.0
115.8719,18.59,171.6,61.71,159.17,71.5,191.84,142.56,45.1,0.0,0.0,0.0,0.0,0.0,0.0,0.0,0.0
115.8819,16.5,165.22,55.11,165.44,73.59,194.15,147.07,45.1,0.0,0.0,0.0,0.0,0.0,0.0,0.0,0.0
115.8919,16.5,156.42,49.17,169.62,75.79,198.66,151.58,47.3,0.0,0.0,0.0,0.0,0.0,0.0,0.0,0.0
115.9019,16.5,147.62,41.25,176.0,77.88,203.28,156.09,47.3,0.0,0.0,0.0,0.0,0.0,0.0,0.0,0.0
115.9119,16.5,138.82,35.42,180.18,80.08,207.9,160.71,49.61,0.0,0.0,0.0,0.0,0.0,0.0,0.0,0.0
115.9219,14.41,130.02,29.48,186.56,80.08,214.72,165.22,51.81,0.0,0.0,0.0,0.0,0.0,0.0,0.0,0.0
115.9319,14.41,119.02,23.54,190.85,82.17,219.34,169.84,54.12,0.0,0.0,0.0,0.0,0.0,0.0,0.0,0.0
115.9419,14.41,106.15,17.71,195.03,82.17,223.96,174.46,56.32,0.0,0.0,0.0,0.0,0.0,0.0,0.0,0.0
115.9519,12.32,94.27,13.75,201.41,84.37,230.78,179.08,58.63,0.0,0.0,0.0,0.0,0.0,0.0,0.0,0.0
115.9619,12.32,82.28,11.77,205.7,84.37,235.4,183.81,60.72,0.0,0.0,0.0,0.0,0.0,0.0,0.0,0.0
115.9719,12.32,68.42,9.79,212.08,84.37,240.02,186.12,65.12,0.0,0.0,0.0,0.0,0.0,0.0,0.0,0.0
115.9819,10.34,54.56,9.79,216.26,84.37,246.95,190.74,67.32,0.0,0.0,0.0,0.0,0.0,0.0,0.0,0.0
115.9919,10.34,39.49,7.81,218.46,82.17,251.57,195.47,69.41,0.0,0.0,0.0,0.0,0.0,0.0,0.0,0.0
116.0019,8.25,28.16,5.83,222.64,82.17,258.5,200.09,71.61,9.13,0.0,0.0,0.0,0.0,0.0,0.0,0.0
116.0119,6.16,18.81,5.83,220.55,82.17,265.43,202.4,76.01,13.64,0.0,0.0,0.0,0.0,0.0,0.0,0.0
116.0219,6.16,13.09,3.85,216.26,80.08,270.05,209.44,80.3,18.26,0.0,0.0,0.0,0.0,0.0,0.0,0.0
116.0319,4.07,9.35,0.0,207.79,75.79,276.98,211.75,86.9,25.08,0.0,0.0,0.0,0.0,0.0,0.0,0.0
116.0419,0.0,7.48,0.0,199.32,69.3,281.49,216.37,93.39,52.58,0.0,0.0,0.0,0.0,0.0,0.0,0.0
116.0519,0.0,5.61,0.0,186.56,62.92,285.89,218.68,99.99,95.37,0.0,0.0,0.0,0.0,0.0,0.0,0.0
116.0619,0.0,3.74,0.0,173.8,56.43,290.29,218.68,106.48,139.48,0.0,0.0,0.0,0.0,0.0,0.0,0.0
116.0719,0.0,3.74,0.0,161.26,47.74,292.49,220.99,113.08,178.42,10.45,15.18,0.0,0.0,0.0,0.0,0.0
116.0819,0.0,0.0,0.0,144.76,41.25,292.49,220.99,119.9,104.94,60.72,65.89,0.0,0.0,0.0,0.0,0.0
116.0919,0.0,0.0,0.0,126.06,34.65,290.29,223.41,126.83,52.58,113.85,94.27,10.01,14.74,4.95,16.06,0.0
116.1019,0.0,0.0,0.0,105.27,25.96,288.09,220.99,135.96,45.76,133.32,109.45,15.07,16.94,12.54,24.2,0.0
116.1119,0.0,0.0,0.0,79.75,15.18,281.49,218.68,142.78,36.52,131.23,116.05,17.6,21.12,20.13,34.32,5.5
116.1219,0.0,0.0,0.0,54.34,8.58,267.74,211.75,149.71,29.7,133.32,118.36,20.13,23.21,30.14,44.33,8.36
116.1319,0.0,0.0,0.0,25.08,6.49,249.26,195.47,156.53,22.88,142.01,116.05,25.19,25.41,42.79,52.47,11.11
116.1419,0.0,0.0,0.0,12.54,6.49,214.72,160.71,168.08,18.26,146.41,118.36,27.72,27.5,52.91,63.69,13.86
116.1519,0.0,0.0,0.0,8.36,6.49,156.97,117.59,179.85,15.95,152.9,125.29,30.14,29.59,62.7,70.84,16.72
116.1619,0.0,0.0,0.0,6.27,6.49,92.62,72.82,191.73,13.64,159.39,132.22,30.14,31.79,69.85,82.83,16.72
116.1719,0.0,0.0,0.0,6.27,6.49,50.82,31.57,194.04,13.64,168.19,139.15,32.67,33.88,79.53,94.82,19.47
116.1819,0.0,0.0,0.0,4.18,6.49,21.12,18.04,147.4,13.64,174.46,145.97,35.2,35.97,86.68,106.81,25.08
116.1919,0.0,0.0,0.0,4.18,6.49,12.65,13.53,84.7,11.44,180.73,152.9,37.73,40.26,96.25,116.27,27.83
116.2019,0.0,0.0,0.0,4.18,4.29,10.56,11.22,51.81,11.44,187.0,159.83,40.26,40.26,101.09,125.62,30.69
116.2119,0.0,0.0,0.0,0.0,0.0,6.27,6.71,38.28,11.44,193.27,162.14,42.79,42.35,110.66,137.17,36.19
116.2219,0.0,0.0,0.0,0.0,0.0,4.18,4.51,31.57,11.44,197.45,166.76,45.32,44.44,118.03,146.52,41.8
116.2319,0.0,0.0,0.0,0.0,0.0,0.0,0.0,22.55,11.44,201.63,169.07,47.85,48.73,123.09,155.87,47.41
116.2419,0.0,0.0,0.0,0.0,0.0,0.0,0.0,4.51,9.13,203.72,171.38,50.38,50.82,128.15,162.8,55.77
116.2519,0.0,0.0,0.0,0.0,0.0,0.0,0.0,0.0,9.13,205.81,171.38,52.91,50.82,133.21,167.53,64.35
116.2619,0.0,0.0,0.0,0.0,0.0,0.0,0.0,0.0,9.13,205.81,171.38,52.91,52.91,138.27,174.79,70.18
116.2719,0.0,0.0,0.0,0.0,0.0,0.0,0.0,0.0,9.13,203.72,169.07,55.44,55.11,143.22,182.16,78.98
116.2819,0.0,0.0,0.0,0.0,0.0,0.0,0.0,0.0,9.13,199.54,166.76,57.97,57.53,145.75,187.0,84.81
116.2919,0.0,0.0,0.0,0.0,0.0,0.0,0.0,0.0,9.13,195.36,162.14,60.39,57.53,150.81,191.84,90.53
116.3019,0.0,0.0,0.0,0.0,0.0,0.0,0.0,0.0,9.13,189.09,157.52,60.39,60.06,153.34,196.79,99.33
116.3119,0.0,0.0,0.0,0.0,0.0,0.0,0.0,0.0,6.82,184.91,152.9,62.92,62.59,155.87,199.21,102.19
116.3219,0.0,0.0,0.0,0.0,0.0,0.0,0.0,0.0,6.82,180.73,148.28,65.45,62.59,160.93,204.05,108.02
116.3319,0.0,0.0,0.0,0.0,0.0,0.0,0.0,0.0,6.82,176.55,141.35,65.45,65.12,163.46,206.47,110.99
116.3419,0.0,0.0,0.0,0.0,0.0,0.0,0.0,0.0,6.82,172.37,136.84,67.98,65.12,165.99,211.42,116.05
116.3519,0.0,0.0,0.0,0.0,0.0,0.0,0.0,0.0,6.82,165.99,129.91,70.4,67.65,168.52,213.84,118.58
116.3619,0.0,0.0,0.0,0.0,0.0,0.0,0.0,0.0,6.82,161.59,122.98,72.93,67.65,171.05,216.26,121.11
116.3719,0.0,0.0,0.0,0.0,0.0,0.0,0.0,0.0,6.82,155.1,113.85,72.93,70.18,173.36,218.68,126.17
116.3819,0.0,0.0,0.0,0.0,0.0,0.0,0.0,0.0,6.82,148.61,107.25,75.46,70.18,175.67,223.52,128.7
116.3919,0.0,0.0,0.0,0.0,0.0,0.0,0.0,0.0,6.82,142.01,98.56,77.99,72.71,180.4,225.94,131.23
116.4019,0.0,0.0,0.0,0.0,0.0,0.0,0.0,0.0,6.82,137.72,92.07,80.41,72.71,182.82,230.78,133.76
116.4119,0.0,0.0,0.0,0.0,0.0,0.0,0.0,0.0,6.82,131.23,83.38,82.94,75.24,187.44,230.78,136.29
116.4219,0.0,0.0,0.0,0.0,0.0,0.0,0.0,0.0,4.51,126.83,74.69,85.47,75.24,192.17,235.51,141.35
116.4318,0.0,0.0,0.0,0.0,0.0,0.0,0.0,0.0,6.82,120.34,65.89,88.0,77.77,196.9,237.93,146.41
116.4418,0.0,0.0,0.0,0.0,0.0,0.0,0.0,0.0,4.51,113.85,57.2,90.53,77.77,199.32,242.77,148.94
116.4518,0.0,0.0,0.0,0.0,0.0,0.0,0.0,0.0,4.51,109.56,49.39,95.48,80.3,203.94,245.19,154.0
116.4618,0.0,0.0,0.0,0.0,0.0,0.0,0.0,0.0,4.51,103.18,39.82,98.01,80.3,208.67,249.92,159.06
116.4718,0.0,0.0,0.0,0.0,0.0,0.0,0.0,0.0,4.51,94.71,32.23,100.54,82.83,213.4,254.76,161.59
116.4818,0.0,0.0,0.0,0.0,0.0,0.0,0.0,0.0,4.51,86.13,26.51,102.96,82.83,218.13,257.18,166.76
116.4918,0.0,0.0,0.0,0.0,0.0,0.0,0.0,0.0,4.51,75.57,18.92,105.49,82.83,222.97,262.02,171.71
116.5018,0.0,0.0,0.0,0.0,0.0,0.0,0.0,0.0,4.51,64.9,15.18,108.02,82.83,230.34,266.75,174.24
116.5118,0.0,0.0,0.0,0.0,0.0,0.0,0.0,0.0,0.0,52.25,13.2,113.08,82.83,232.76,271.59,179.19
116.5218,0.0,0.0,0.0,0.0,0.0,0.0,0.0,0.0,0.0,39.71,11.33,113.08,82.83,240.13,276.43,184.25
116.5318,0.0,0.0,0.0,0.0,0.0,0.0,0.0,0.0,0.0,25.08,9.46,115.5,80.3,244.97,278.63,189.31
116.5418,6.16,0.0,0.0,0.0,0.0,0.0,0.0,0.0,0.0,16.72,7.59,115.5,80.3,247.39,283.25,194.26
116.5518,10.34,0.0,0.0,0.0,0.0,0.0,0.0,0.0,0.0,10.45,5.61,113.08,77.77,252.34,285.56,199.32
116.5618,14.41,0.0,0.0,0.0,0.0,0.0,0.0,0.0,0.0,8.36,3.74,110.55,75.24,254.76,287.87,206.8
116.5718,22.77,0.0,0.0,0.0,0.0,0.0,0.0,0.0,0.0,6.27,3.74,105.49,70.18,259.71,290.18,214.39
116.5818,28.93,0.0,0.0,0.0,0.0,0.0,0.0,0.0,0.0,4.18,0.0,98.01,65.12,262.13,294.8,221.87
116.5918,31.02,0.0,0.0,0.0,0.0,0.0,0.0,0.0,0.0,4.18,0.0,92.95,57.53,266.97,297.0,229.24
116.6018,57.97,0.0,0.0,0.0,0.0,0.0,0.0,0.0,0.0,0.0,0.0,85.47,50.82,269.5,299.31,238.59
116.6118,77.55,0.0,0.0,0.0,0.0,0.0,0.0,0.0,0.0,0.0,0.0,77.99,42.35,271.92,299.31,245.63
116.6218,99.33,0.0,0.0,0.0,0.0,0.0,0.0,0.0,0.0,0.0,0.0,70.4,35.97,274.34,299.31,252.67
116.6318,144.21,0.0,0.0,0.0,0.0,0.0,0.0,0.0,0.0,0.0,0.0,57.97,29.59,274.34,299.31,259.71
116.6418,188.32,16.94,0.0,0.0,0.0,0.0,0.0,0.0,0.0,0.0,0.0,45.32,23.21,271.92,299.31,266.75
116.6518,162.03,104.17,0.0,0.0,0.0,0.0,0.0,0.0,0.0,0.0,0.0,32.67,14.74,269.5,294.8,271.48
116.6618,101.42,158.62,66.22,29.26,0.0,0.0,0.0,0.0,0.0,0.0,0.0,15.07,8.47,262.13,287.87,276.1
116.6718,75.35,192.28,101.86,41.8,12.98,21.12,6.71,4.51,0.0,0.0,0.0,4.95,6.27,247.39,274.01,280.94
116.6818,68.75,196.46,121.88,45.98,21.67,38.06,18.04,6.71,0.0,0.0,0.0,0.0,4.18,218.13,245.19,283.47
116.6918,57.97,192.28,137.28,48.07,28.16,52.91,33.77,11.22,0.0,0.0,0.0,0.0,4.18,178.09,204.05,288.53
116.7018,49.61,186.12,143.88,50.16,32.56,64.46,47.3,13.53,0.0,0.0,0.0,0.0,6.27,128.15,151.14,288.53
116.7118,43.45,184.03,152.68,52.25,36.85,73.81,60.94,15.73,0.0,0.0,0.0,0.0,6.27,86.68,97.24,288.53
116.7218,41.36,188.21,159.28,54.34,41.25,83.27,72.82,18.04,0.0,0.0,0.0,0.0,6.27,45.32,42.35,269.06
116.7318,39.27,194.37,168.19,56.54,43.34,90.31,82.28,20.24,0.0,0.0,0.0,0.0,6.27,17.6,22.11,184.25
116.7418,39.27,198.55,175.23,58.63,45.54,97.35,91.74,22.55,0.0,0.0,0.0,0.0,4.18,12.54,20.13,123.64
116.7518,39.27,204.71,179.96,60.72,49.94,104.39,101.2,24.75,0.0,0.0,0.0,0.0,4.18,10.01,16.06,105.16
116.7618,37.18,212.96,182.27,62.81,52.03,109.12,105.93,24.75,0.0,0.0,0.0,0.0,0.0,7.48,10.01,99.33
116.7718,37.18,219.23,182.27,67.1,54.23,116.16,113.08,27.06,0.0,0.0,0.0,0.0,0.0,4.95,6.05,76.01
116.7818,37.18,225.5,184.69,69.19,56.43,121.0,119.79,29.26,0.0,0.0,0.0,0.0,0.0,0.0,3.96,33.44
116.7918,35.09,229.68,184.69,73.48,58.63,128.15,124.41,31.57,0.0,0.0,0.0,0.0,0.0,0.0,0.0,8.36
116.8018,35.09,229.68,184.69,75.57,58.63,132.99,131.23,33.77,0.0,0.0,0.0,0.0,0.0,0.0,0.0,0.0
116.8118,33.11,229.68,182.27,79.75,60.72,137.72,135.74,36.08,0.0,0.0,0.0,0.0,0.0,0.0,0.0,0.0
116.8218,31.02,225.5,179.96,81.95,62.92,142.56,140.25,38.28,0.0,0.0,0.0,0.0,0.0,0.0,0.0,0.0
116.8318,28.93,221.32,172.81,86.13,65.01,147.29,144.76,40.59,0.0,0.0,0.0,0.0,0.0,0.0,0.0,0.0
116.8418,26.84,215.05,168.19,90.42,67.21,152.13,147.07,42.79,0.0,0.0,0.0,0.0,0.0,0.0,0.0,0.0
116.8518,26.84,208.89,161.48,92.51,69.3,156.97,151.58,45.1,0.0,0.0,0.0,0.0,0.0,0.0,0.0,0.0
116.8618,24.75,200.64,154.88,96.8,71.5,161.7,156.09,47.3,0.0,0.0,0.0,0.0,0.0,0.0,0.0,0.0
116.8718,22.77,192.28,150.48,100.98,73.59,166.54,160.71,49.61,0.0,0.0,0.0,0.0,0.0,0.0,0.0,0.0
116.8818,22.77,184.03,141.68,103.07,75.79,168.96,165.22,51.81,0.0,0.0,0.0,0.0,0.0,0.0,0.0,0.0
116.8918,20.68,173.69,135.08,107.36,77.88,173.47,167.53,54.12,0.0,0.0,0.0,0.0,0.0,0.0,0.0,0.0
116.9018,20.68,167.53,128.48,111.65,80.08,178.09,172.15,56.32,0.0,0.0,0.0,0.0,0.0,0.0,0.0,0.0
116.9118,18.59,158.62,121.88,113.63,82.17,180.4,176.77,58.63,0.0,0.0,0.0,0.0,0.0,0.0,0.0,0.0
116.9218,18.59,149.82,113.08,117.81,84.37,184.91,181.5,60.72,0.0,0.0,0.0,0.0,0.0,0.0,0.0,0.0
116.9318,18.59,138.82,104.06,123.97,86.57,189.53,186.12,62.92,0.0,0.0,0.0,0.0,0.0,0.0,0.0,0.0
116.9418,16.5,130.02,92.95,128.15,88.66,194.15,188.43,65.12,0.0,0.0,0.0,0.0,0.0,0.0,0.0,0.0
116.9518,16.5,121.22,81.84,132.33,88.66,198.66,193.05,67.32,0.0,0.0,0.0,0.0,0.0,0.0,0.0,0.0
116.9618,16.5,112.42,70.62,136.4,90.86,200.97,197.78,69.41,0.0,0.0,0.0,0.0,0.0,0.0,0.0,0.0
116.9718,16.5,104.17,59.51,140.58,92.95,207.9,202.4,71.61,0.0,0.0,0.0,0.0,0.0,0.0,0.0,0.0
116.9818,14.41,96.25,49.17,144.76,95.15,212.41,204.71,73.81,0.0,0.0,0.0,0.0,0.0,0.0,0.0,0.0
116.9918,14.41,88.33,39.27,148.83,95.15,217.03,209.44,78.21,0.0,0.0,0.0,0.0,0.0,0.0,0.0,0.0
117.0018,14.41,80.3,31.46,155.1,97.24,221.65,214.06,80.3,0.0,0.0,0.0,0.0,0.0,0.0,0.0,0.0
117.0118,14.41,72.38,23.54,159.17,97.24,228.47,216.37,82.5,0.0,0.0,0.0,0.0,0.0,0.0,0.0,0.0
117.0218,12.32,60.5,15.73,165.44,97.24,233.09,218.68,84.7,0.0,0.0,0.0,0.0,0.0,0.0,0.0,0.0
117.0318,12.32,50.82,13.75,169.62,97.24,240.02,220.99,86.9,0.0,0.0,0.0,0.0,0.0,0.0,0.0,0.0
117.0418,12.32,37.62,9.79,173.8,95.15,244.64,223.41,89.1,0.0,0.0,0.0,0.0,0.0,0.0,0.0,0.0
117.0518,10.34,28.16,7.81,178.09,95.15,251.57,225.61,91.19,0.0,0.0,0.0,0.0,0.0,0.0,0.0,0.0
117.0618,8.25,18.81,5.83,180.18,95.15,256.19,227.92,93.39,0.0,0.0,0.0,0.0,0.0,0.0,0.0,0.0
117.0718,8.25,13.09,5.83,180.18,92.95,260.81,230.23,95.59,22.88,0.0,0.0,0.0,0.0,0.0,0.0,0.0
117.0818,6.16,9.35,3.85,176.0,90.86,265.43,232.54,99.99,32.01,0.0,0.0,0.0,0.0,0.0,0.0,0.0
117.0918,4.07,7.48,3.85,169.62,86.57,270.05,234.85,104.28,29.7,0.0,0.0,0.0,0.0,0.0,0.0,0.0
117.1018,0.0,5.61,0.0,163.35,80.08,274.67,234.85,108.68,43.45,0.0,0.0,0.0,0.0,0.0,0.0,0.0
117.1118,0.0,3.74,0.0,155.1,75.79,279.29,237.16,115.28,54.89,0.0,0.0,0.0,0.0,0.0,0.0,0.0
117.1218,0.0,3.74,0.0,146.74,69.3,281.49,237.16,119.9,109.67,0.0,0.0,0.0,0.0,0.0,0.0,0.0
117.1318,0.0,0.0,0.0,138.49,60.72,283.69,237.16,126.83,164.45,6.27,22.77,0.0,0.0,0.0,0.0,0.0
117.1418,0.0,0.0,0.0,128.15,54.23,285.89,237.16,129.03,102.52,50.16,70.29,0.0,0.0,0.0,0.0,0.0
117.1518,0.0,0.0,0.0,113.63,45.54,285.89,234.85,135.96,57.2,90.42,94.27,7.48,14.74,4.95,22.11,0.0
117.1618,0.0,0.0,0.0,96.8,36.85,283.69,234.85,140.58,47.96,118.14,102.96,15.07,19.03,17.6,36.3,5.5
117.1718,0.0,0.0,0.0,75.57,25.96,276.98,232.54,145.09,36.52,120.34,109.45,17.6,23.21,30.14,50.38,8.36
117.1818,0.0,0.0,0.0,54.34,15.18,265.43,230.23,152.02,25.08,129.03,109.45,22.66,25.41,47.85,63.69,11.11
117.1918,0.0,0.0,0.0,29.26,8.58,246.95,220.99,156.53,18.26,139.92,105.05,27.72,27.5,62.7,75.68,16.72
117.2018,0.0,0.0,0.0,10.45,6.49,217.03,200.09,165.77,13.64,142.01,105.05,32.67,31.79,77.11,87.67,19.47
117.2118,0.0,0.0,0.0,6.27,6.49,166.54,162.91,175.12,11.44,146.41,105.05,37.73,33.88,89.1,99.66,25.08
117.2218,0.0,0.0,0.0,4.18,6.49,104.39,117.59,187.0,11.44,146.41,105.05,40.26,35.97,101.09,113.96,27.83
117.2318,0.0,0.0,0.0,4.18,6.49,59.73,68.09,194.04,9.13,148.61,105.05,45.32,40.26,113.08,125.62,33.44
117.2418,0.0,0.0,0.0,4.18,6.49,27.5,27.06,191.73,9.13,152.9,105.05,50.38,42.35,123.09,137.17,39.05
117.2518,0.0,0.0,0.0,0.0,4.29,12.65,15.73,122.21,9.13,155.1,107.25,52.91,44.44,133.21,146.52,44.66
117.2618,0.0,0.0,0.0,0.0,4.29,10.56,13.53,65.12,9.13,157.3,105.05,57.97,46.53,140.8,158.18,53.02
117.2718,0.0,0.0,0.0,0.0,0.0,6.27,9.02,36.08,9.13,159.39,102.96,62.92,48.73,150.81,165.11,61.49
117.2818,0.0,0.0,0.0,0.0,0.0,4.18,4.51,27.06,6.82,161.59,100.76,65.45,52.91,158.4,174.79,67.32
117.2918,0.0,0.0,0.0,0.0,0.0,0.0,0.0,24.75,6.82,161.59,98.56,67.98,55.11,165.99,184.58,76.01
117.3018,0.0,0.0,0.0,0.0,0.0,0.0,0.0,9.02,6.82,161.59,98.56,72.93,57.53,173.36,191.84,84.81
117.3118,0.0,0.0,0.0,0.0,0.0,0.0,0.0,0.0,6.82,163.79,96.36,75.46,60.06,178.09,199.21,96.36
117.3218,0.0,0.0,0.0,0.0,0.0,0.0,0.0,0.0,6.82,161.59,94.27,77.99,62.59,182.82,209.0,102.19
117.3318,0.0,0.0,0.0,0.0,0.0,0.0,0.0,0.0,6.82,159.39,89.87,80.41,65.12,187.44,213.84,110.99
117.3418,0.0,0.0,0.0,0.0,0.0,0.0,0.0,0.0,6.82,157.3,87.67,82.94,65.12,192.17,221.21,118.58
117.3518,0.0,0.0,0.0,0.0,0.0,0.0,0.0,0.0,6.82,152.9,81.18,85.47,67.65,196.9,228.36,123.64
117.3618,0.0,0.0,0.0,0.0,0.0,0.0,0.0,0.0,6.82,148.61,76.78,88.0,70.18,201.63,233.2,128.7
117.3718,0.0,0.0,0.0,0.0,0.0,0.0,0.0,0.0,6.82,142.01,70.29,90.53,72.71,203.94,237.93,133.76
117.3818,0.0,0.0,0.0,0.0,0.0,0.0,0.0,0.0,6.82,135.52,61.6,92.95,75.24,208.67,242.77,138.82
117.3918,0.0,0.0,0.0,0.0,0.0,0.0,0.0,0.0,6.82,129.03,55.11,92.95,75.24,211.09,245.19,141.35
117.4018,0.0,0.0,0.0,0.0,0.0,0.0,0.0,0.0,4.51,122.54,47.41,95.48,75.24,215.82,249.92,143.88
117.4118,0.0,0.0,0.0,0.0,0.0,0.0,0.0,0.0,4.51,115.94,41.8,98.01,77.77,218.13,254.76,148.94
117.4218,0.0,0.0,0.0,0.0,0.0,0.0,0.0,0.0,4.51,107.47,36.08,98.01,77.77,220.55,257.18,151.47
117.4318,0.0,0.0,0.0,0.0,0.0,0.0,0.0,0.0,4.51,101.09,30.36,100.54,77.77,222.97,259.6,154.0
117.4418,0.0,0.0,0.0,0.0,0.0,0.0,0.0,0.0,4.51,92.51,24.64,102.96,77.77,225.39,262.02,156.53
117.4518,0.0,0.0,0.0,0.0,0.0,0.0,0.0,0.0,4.51,86.13,18.92,105.49,77.77,227.81,266.75,159.06
117.4618,0.0,0.0,0.0,0.0,0.0,0.0,0.0,0.0,4.51,75.57,15.18,105.49,77.77,230.34,269.17,161.59
117.4718,0.0,0.0,0.0,0.0,0.0,0.0,0.0,0.0,4.51,67.1,13.2,105.49,77.77,232.76,271.59,164.12
117.4818,0.0,0.0,0.0,0.0,0.0,0.0,0.0,0.0,4.51,58.63,11.33,108.02,77.77,235.18,274.01,166.76
117.4918,0.0,0.0,0.0,0.0,0.0,0.0,0.0,0.0,4.51,48.07,11.33,108.02,77.77,237.6,276.43,169.18
117.5018,0.0,0.0,0.0,0.0,0.0,0.0,0.0,0.0,4.51,37.62,9.46,110.55,77.77,240.13,280.94,171.71
117.5118,0.0,0.0,0.0,0.0,0.0,0.0,0.0,0.0,0.0,29.26,9.46,110.55,77.77,244.97,283.25,176.77
117.5218,0.0,0.0,0.0,0.0,0.0,0.0,0.0,0.0,0.0,20.9,7.59,110.55,77.77,247.39,285.56,179.19
117.5318,0.0,0.0,0.0,0.0,0.0,0.0,0.0,0.0,0.0,14.63,5.61,110.55,75.24,249.92,287.87,184.25
117.5418,0.0,0.0,0.0,0.0,0.0,0.0,0.0,0.0,0.0,10.45,5.61,110.55,75.24,252.34,292.49,189.31
117.5518,0.0,0.0,0.0,0.0,0.0,0.0,0.0,0.0,0.0,6.27,3.74,105.49,72.71,254.76,294.8,194.26
117.5618,0.0,0.0,0.0,0.0,0.0,0.0,0.0,0.0,0.0,4.18,3.74,102.96,67.65,257.18,299.31,201.85
117.5718,0.0,0.0,0.0,0.0,0.0,0.0,0.0,0.0,0.0,4.18,0.0,98.01,65.12,262.13,301.62,206.8
117.5818,0.0,0.0,0.0,0.0,0.0,0.0,0.0,0.0,0.0,0.0,0.0,92.95,62.59,262.13,306.24,214.39
117.5918,0.0,0.0,0.0,0.0,0.0,0.0,0.0,0.0,0.0,0.0,0.0,88.0,57.53,264.55,308.55,219.34
117.6018,14.41,0.0,0.0,0.0,0.0,0.0,0.0,0.0,0.0,0.0,0.0,82.94,55.11,264.55,310.86,226.93
117.6118,18.59,0.0,0.0,0.0,0.0,0.0,0.0,0.0,0.0,0.0,0.0,77.99,48.73,264.55,315.37,233.86
117.6218,22.77,0.0,0.0,0.0,0.0,0.0,0.0,0.0,0.0,0.0,0.0,72.93,44.44,266.97,317.68,240.9
117.6318,28.93,0.0,0.0,0.0,0.0,0.0,0.0,0.0,0.0,0.0,0.0,65.45,40.26,266.97,322.3,245.63
117.6418,33.11,0.0,0.0,0.0,0.0,0.0,0.0,0.0,0.0,0.0,0.0,57.97,35.97,266.97,324.61,252.67
117.6518,41.36,0.0,0.0,0.0,0.0,0.0,0.0,0.0,0.0,0.0,0.0,50.38,29.59,266.97,326.92,257.4
117.6618,88.44,0.0,0.0,0.0,0.0,0.0,0.0,0.0,0.0,0.0,0.0,42.79,25.41,266.97,326.92,262.02
117.6718,132.22,0.0,0.0,0.0,0.0,0.0,0.0,0.0,0.0,0.0,0.0,32.67,21.12,266.97,324.61,266.75
117.6818,190.3,3.74,0.0,0.0,0.0,0.0,0.0,0.0,0.0,0.0,0.0,22.66,14.74,262.13,322.3,271.48
117.6918,170.06,92.29,0.0,0.0,0.0,0.0,0.0,0.0,0.0,0.0,0.0,10.01,8.47,257.18,317.68,273.79
117.7018,112.42,192.28,15.73,18.81,0.0,0.0,0.0,0.0,0.0,0.0,0.0,0.0,6.27,244.97,308.55,278.52
117.7118,66.66,212.96,88.55,45.98,6.49,14.74,4.51,0.0,0.0,0.0,0.0,0.0,4.18,222.97,294.8,280.94
117.7218,64.46,227.59,117.48,54.34,15.18,33.88,11.22,4.51,0.0,0.0,0.0,0.0,4.18,196.9,269.17,280.94
117.7318,49.61,225.5,126.28,58.63,23.87,52.91,24.75,9.02,0.0,0.0,0.0,0.0,4.18,160.93,230.78,280.94
117.7418,41.36,223.41,130.68,62.81,28.16,69.19,36.08,13.53,0.0,0.0,0.0,0.0,6.27,115.5,182.16,280.94
117.7518,35.09,223.41,128.48,67.1,30.36,80.85,45.1,15.73,0.0,0.0,0.0,0.0,6.27,81.84,127.93,278.52
117.7618,28.93,231.77,124.08,75.57,32.56,95.04,54.12,18.04,0.0,0.0,0.0,0.0,6.27,47.85,75.68,269.06
117.7718,26.84,244.31,119.68,81.95,34.65,104.39,58.63,20.24,0.0,0.0,0.0,0.0,6.27,17.6,26.18,226.93
117.7818,24.75,256.85,113.08,90.42,34.65,113.85,65.67,20.24,0.0,0.0,0.0,0.0,4.18,15.07,20.13,143.88
117.7918,22.77,263.12,106.37,98.89,36.85,123.42,70.4,22.55,0.0,0.0,0.0,0.0,4.18,10.01,16.06,110.99
117.8018,22.77,271.48,95.15,109.45,36.85,130.57,75.13,24.75,0.0,0.0,0.0,0.0,0.0,7.48,14.08,96.36
117.8118,20.68,279.95,84.04,117.81,39.05,140.14,77.55,27.06,0.0,0.0,0.0,0.0,0.0,4.95,10.01,81.84
117.8218,20.68,284.02,72.93,128.15,41.25,147.29,82.28,27.06,0.0,0.0,0.0,0.0,0.0,0.0,6.05,53.02
117.8318,18.59,286.11,66.22,134.31,43.34,154.55,87.01,29.26,0.0,0.0,0.0,0.0,0.0,0.0,3.96,16.72
117.8418,18.59,284.02,61.71,140.58,45.54,161.7,91.74,31.57,0.0,0.0,0.0,0.0,0.0,0.0,0.0,5.5
117.8518,18.59,281.93,61.71,146.74,47.74,168.96,96.47,31.57,0.0,0.0,0.0,0.0,0.0,0.0,0.0,0.0
117.8617,18.59,277.75,59.51,153.01,49.94,173.47,103.51,33.77,0.0,0.0,0.0,0.0,0.0,0.0,0.0,0.0
117.8717,18.59,273.57,57.31,157.08,52.03,178.09,105.93,36.08,0.0,0.0,0.0,0.0,0.0,0.0,0.0,0.0
117.8817,18.59,267.3,53.13,163.35,52.03,182.71,110.66,36.08,0.0,0.0,0.0,0.0,0.0,0.0,0.0,0.0
117.8917,16.5,261.03,47.19,167.53,54.23,187.22,115.28,38.28,0.0,0.0,0.0,0.0,0.0,0.0,0.0,0.0
117.9017,16.5,252.67,43.23,173.8,56.43,191.84,117.59,38.28,0.0,0.0,0.0,0.0,0.0,0.0,0.0,0.0
117.9117,16.5,246.4,37.29,180.18,56.43,196.46,119.79,40.59,0.0,0.0,0.0,0.0,0.0,0.0,0.0,0.0
117.9217,16.5,240.13,31.46,184.47,56.43,200.97,119.79,40.59,0.0,0.0,0.0,0.0,0.0,0.0,0.0,0.0
117.9317,16.5,229.68,25.52,190.85,56.43,203.28,122.1,40.59,0.0,0.0,0.0,0.0,0.0,0.0,0.0,0.0
117.9417,16.5,221.32,21.56,195.03,58.63,205.59,124.41,42.79,0.0,0.0,0.0,0.0,0.0,0.0,0.0,0.0
117.9517,14.41,210.98,17.71,199.32,58.63,207.9,124.41,42.79,0.0,0.0,0.0,0.0,0.0,0.0,0.0,0.0
117.9617,14.41,202.62,15.73,203.61,60.72,212.41,126.61,42.79,0.0,0.0,0.0,0.0,0.0,0.0,0.0,0.0
117.9717,14.41,194.37,13.75,207.79,60.72,214.72,128.92,45.1,0.0,0.0,0.0,0.0,0.0,0.0,0.0,0.0
117.9817,14.41,184.03,13.75,212.08,60.72,217.03,131.23,45.1,0.0,0.0,0.0,0.0,0.0,0.0,0.0,0.0
117.9917,14.41,175.78,11.77,216.26,62.92,219.34,133.43,47.3,0.0,0.0,0.0,0.0,0.0,0.0,0.0,0.0
118.0017,14.41,165.22,9.79,218.46,62.92,221.65,133.43,47.3,0.0,0.0,0.0,0.0,0.0,0.0,0.0,0.0
118.0117,14.41,156.42,9.79,222.64,62.92,223.96,135.74,47.3,0.0,0.0,0.0,0.0,0.0,0.0,0.0,0.0
118.0217,12.32,147.62,9.79,224.84,62.92,226.27,137.94,47.3,0.0,0.0,0.0,0.0,0.0,0.0,0.0,0.0
118.0317,12.32,136.62,7.81,228.58,65.01,228.47,140.25,47.3,0.0,0.0,0.0,0.0,0.0,0.0,0.0,0.0
118.0417,12.32,125.62,7.81,232.43,65.01,233.09,142.56,49.61,0.0,0.0,0.0,0.0,0.0,0.0,0.0,0.0
118.0517,12.32,116.82,7.81,236.28,65.01,235.4,144.76,49.61,0.0,0.0,0.0,0.0,0.0,0.0,0.0,0.0
118.0617,10.34,106.15,7.81,240.02,65.01,240.02,147.07,51.81,0.0,0.0,0.0,0.0,0.0,0.0,0.0,0.0
118.0717,10.34,96.25,5.83,245.85,65.01,242.33,147.07,51.81,0.0,0.0,0.0,0.0,0.0,0.0,0.0,0.0
118.0817,10.34,88.33,5.83,249.59,65.01,246.95,149.38,54.12,0.0,0.0,0.0,0.0,0.0,0.0,0.0,0.0
118.0917,10.34,78.32,5.83,253.44,65.01,251.57,151.58,54.12,0.0,0.0,0.0,0.0,0.0,0.0,0.0,0.0
118.1017,10.34,70.4,5.83,257.29,65.01,256.19,156.09,54.12,0.0,0.0,0.0,0.0,0.0,0.0,0.0,0.0
118.1117,10.34,62.48,5.83,261.14,67.21,260.81,158.4,56.32,0.0,0.0,0.0,0.0,0.0,0.0,0.0,0.0
118.1217,8.25,54.56,5.83,264.88,67.21,263.12,160.71,56.32,0.0,0.0,0.0,0.0,0.0,0.0,0.0,0.0
118.1317,8.25,45.21,5.83,266.86,67.21,267.74,165.22,58.63,0.0,0.0,0.0,0.0,0.0,0.0,0.0,0.0
118.1417,8.25,35.75,3.85,268.73,67.21,272.36,167.53,58.63,0.0,0.0,0.0,0.0,0.0,0.0,0.0,0.0
118.1517,8.25,28.16,3.85,268.73,69.3,276.98,172.15,60.72,0.0,0.0,0.0,0.0,0.0,0.0,0.0,0.0
118.1617,6.16,18.81,3.85,268.73,69.3,279.29,176.77,62.92,0.0,0.0,0.0,0.0,0.0,0.0,0.0,0.0
118.1717,6.16,13.09,0.0,264.88,69.3,283.69,179.08,65.12,9.13,0.0,0.0,0.0,0.0,0.0,0.0,0.0
118.1817,4.07,11.22,0.0,259.16,67.21,288.09,183.81,67.32,13.64,0.0,0.0,0.0,0.0,0.0,0.0,0.0
118.1917,0.0,9.35,0.0,251.57,65.01,294.69,188.43,69.41,15.95,0.0,0.0,0.0,0.0,0.0,0.0,0.0
118.2017,0.0,5.61,0.0,243.87,60.72,299.09,190.74,73.81,18.26,0.0,0.0,0.0,0.0,0.0,0.0,0.0
118.2117,0.0,5.61,0.0,234.3,56.43,305.8,193.05,78.21,25.08,0.0,0.0,0.0,0.0,0.0,0.0,0.0
118.2217,0.0,3.74,0.0,226.71,49.94,310.2,195.47,82.5,29.7,0.0,0.0,0.0,0.0,0.0,0.0,0.0
118.2317,0.0,0.0,0.0,214.17,43.34,314.6,197.78,86.9,71.5,0.0,0.0,0.0,0.0,0.0,0.0,0.0
118.2417,0.0,0.0,0.0,203.61,36.85,319.0,197.78,93.39,125.84,0.0,0.0,0.0,0.0,0.0,0.0,0.0
118.2517,0.0,0.0,0.0,188.65,32.56,323.4,197.78,97.79,107.25,37.62,45.54,0.0,0.0,0.0,0.0,0.0
118.2617,0.0,0.0,0.0,171.71,23.87,323.4,197.78,104.28,47.96,86.13,81.18,12.54,14.74,12.54,22.11,0.0
118.2717,0.0,0.0,0.0,148.83,17.27,323.4,195.47,110.88,43.45,113.85,100.76,17.6,16.94,25.19,30.25,5.5
118.2817,0.0,0.0,0.0,121.99,10.78,321.2,190.74,119.9,36.52,111.65,116.05,15.07,19.03,30.14,46.42,8.36
118.2917,0.0,0.0,0.0,92.51,6.49,312.4,179.08,126.83,29.7,111.65,118.36,17.6,23.21,45.32,56.54,11.11
118.3017,0.0,0.0,0.0,54.34,6.49,294.69,160.71,135.96,20.57,115.94,116.05,22.66,27.5,57.97,70.84,16.72
118.3117,0.0,0.0,0.0,20.9,6.49,263.12,128.92,149.71,13.64,120.34,116.05,25.19,29.59,69.85,87.67,22.33
118.3217,0.0,0.0,0.0,14.63,8.58,191.84,89.32,168.08,11.44,124.63,118.36,27.72,33.88,79.53,101.97,25.08
118.3317,0.0,0.0,0.0,12.54,8.58,109.12,47.3,184.58,11.44,133.32,122.98,30.14,35.97,89.1,118.58,30.69
118.3417,0.0,0.0,0.0,10.45,6.49,59.73,20.24,175.12,9.13,137.72,127.6,32.67,40.26,96.25,132.55,33.44
118.3517,0.0,0.0,0.0,8.36,6.49,25.41,15.73,117.59,9.13,139.92,134.53,35.2,42.35,105.82,146.52,41.8
118.3617,0.0,0.0,0.0,6.27,4.29,14.74,11.22,71.61,6.82,144.21,141.35,37.73,44.44,110.66,158.18,47.41
118.3717,0.0,0.0,0.0,6.27,4.29,10.56,9.02,54.12,9.13,148.61,143.66,40.26,48.73,118.03,169.95,58.63
118.3817,0.0,0.0,0.0,4.18,0.0,6.27,4.51,40.59,6.82,152.9,148.28,42.79,50.82,125.62,177.21,67.32
118.3917,0.0,0.0,0.0,4.18,0.0,4.18,0.0,29.26,6.82,155.1,148.28,45.32,52.91,130.68,187.0,76.01
118.4017,0.0,0.0,0.0,0.0,0.0,0.0,0.0,11.22,6.82,159.39,145.97,47.85,55.11,138.27,194.37,84.81
118.4117,0.0,0.0,0.0,0.0,0.0,0.0,0.0,0.0,6.82,159.39,143.66,50.38,57.53,143.22,201.63,93.5
118.4217,0.0,0.0,0.0,0.0,0.0,0.0,0.0,0.0,4.51,157.3,141.35,52.91,60.06,148.28,211.42,102.19
118.4317,0.0,0.0,0.0,0.0,0.0,0.0,0.0,0.0,6.82,155.1,139.15,52.91,62.59,150.81,218.68,108.02
118.4417,0.0,0.0,0.0,0.0,0.0,0.0,0.0,0.0,6.82,152.9,136.84,55.44,65.12,155.87,223.52,116.05
118.4517,0.0,0.0,0.0,0.0,0.0,0.0,0.0,0.0,6.82,148.61,134.53,57.97,67.65,158.4,230.78,121.11
118.4617,0.0,0.0,0.0,0.0,0.0,0.0,0.0,0.0,4.51,144.21,129.91,60.39,70.18,163.46,235.51,126.17
118.4717,0.0,0.0,0.0,0.0,0.0,0.0,0.0,0.0,4.51,139.92,125.29,62.92,70.18,165.99,240.35,131.23
118.4817,0.0,0.0,0.0,0.0,0.0,0.0,0.0,0.0,4.51,135.52,120.67,62.92,72.71,168.52,245.19,133.76
118.4917,0.0,0.0,0.0,0.0,0.0,0.0,0.0,0.0,4.51,131.23,116.05,65.45,75.24,171.05,249.92,136.29
118.5017,0.0,0.0,0.0,0.0,0.0,0.0,0.0,0.0,4.51,126.83,111.65,65.45,75.24,173.36,252.34,138.82
118.5117,0.0,0.0,0.0,0.0,0.0,0.0,0.0,0.0,4.51,122.54,107.25,67.98,77.77,173.36,257.18,141.35
118.5217,0.0,0.0,0.0,0.0,0.0,0.0,0.0,0.0,4.51,118.14,100.76,67.98,80.3,175.67,259.6,143.88
118.5317,0.0,0.0,0.0,0.0,0.0,0.0,0.0,0.0,4.51,111.65,96.36,70.4,80.3,178.09,262.02,146.41
118.5417,0.0,0.0,0.0,0.0,0.0,0.0,0.0,0.0,4.51,107.47,89.87,70.4,80.3,178.09,266.75,146.41
118.5517,0.0,0.0,0.0,0.0,0.0,0.0,0.0,0.0,4.51,101.09,85.47,70.4,82.83,180.4,269.17,148.94
118.5617,0.0,0.0,0.0,0.0,0.0,0.0,0.0,0.0,4.51,96.8,78.98,72.93,85.25,182.82,271.59,151.47
118.5717,0.0,0.0,0.0,0.0,0.0,0.0,0.0,0.0,4.51,90.42,74.69,72.93,85.25,182.82,274.01,151.47
118.5817,0.0,0.0,0.0,0.0,0.0,0.0,0.0,0.0,4.51,86.13,68.09,72.93,87.78,185.13,278.63,154.0
118.5917,0.0,0.0,0.0,0.0,0.0,0.0,0.0,0.0,4.51,81.95,63.8,75.46,87.78,187.44,280.94,156.53
118.6017,0.0,0.0,0.0,0.0,0.0,0.0,0.0,0.0,4.51,75.57,57.2,77.99,87.78,189.86,285.56,159.06
118.6117,0.0,0.0,0.0,0.0,0.0,0.0,0.0,0.0,0.0,69.19,51.26,77.99,90.31,192.17,287.87,161.59
118.6217,0.0,0.0,0.0,0.0,0.0,0.0,0.0,0.0,4.51,64.9,45.54,80.41,90.31,194.59,292.49,164.12
118.6317,0.0,0.0,0.0,0.0,0.0,0.0,0.0,0.0,4.51,58.63,39.82,80.41,92.84,199.32,297.0,166.76
118.6417,0.0,0.0,0.0,0.0,0.0,0.0,0.0,0.0,0.0,54.34,34.1,82.94,92.84,201.63,299.31,169.18
118.6517,0.0,0.0,0.0,0.0,0.0,0.0,0.0,0.0,4.51,48.07,28.49,85.47,92.84,206.36,303.93,174.24
118.6617,0.0,0.0,0.0,0.0,0.0,0.0,0.0,0.0,0.0,39.71,22.77,88.0,92.84,211.09,306.24,176.77
118.6717,0.0,0.0,0.0,0.0,0.0,0.0,0.0,0.0,0.0,31.35,17.05,90.53,92.84,215.82,310.86,181.72
118.6817,0.0,0.0,0.0,0.0,0.0,0.0,0.0,0.0,0.0,20.9,13.2,90.53,92.84,218.13,315.37,184.25
118.6917,0.0,0.0,0.0,0.0,0.0,0.0,0.0,0.0,0.0,12.54,11.33,92.95,90.31,222.97,317.68,189.31
118.7017,0.0,0.0,0.0,0.0,0.0,0.0,0.0,0.0,0.0,8.36,7.59,90.53,90.31,225.39,322.3,194.26
118.7117,14.41,0.0,0.0,0.0,0.0,0.0,0.0,0.0,0.0,6.27,5.61,88.0,87.78,230.34,326.92,201.85
118.7217,20.68,0.0,0.0,0.0,0.0,0.0,0.0,0.0,0.0,4.18,3.74,82.94,82.83,232.76,331.54,209.33
118.7317,24.75,0.0,0.0,0.0,0.0,0.0,0.0,0.0,0.0,0.0,3.74,77.99,77.77,235.18,336.05,216.81
118.7417,28.93,0.0,0.0,0.0,0.0,0.0,0.0,0.0,0.0,0.0,0.0,72.93,72.71,237.6,340.56,226.93
118.7517,33.11,0.0,0.0,0.0,0.0,0.0,0.0,0.0,0.0,0.0,0.0,67.98,65.12,240.13,345.07,233.86
118.7617,41.36,0.0,0.0,0.0,0.0,0.0,0.0,0.0,0.0,0.0,0.0,60.39,55.11,242.55,347.27,243.32
118.7717,84.04,0.0,0.0,0.0,0.0,0.0,0.0,0.0,0.0,0.0,0.0,52.91,48.73,244.97,349.58,250.36
118.7817,132.22,0.0,0.0,0.0,0.0,0.0,0.0,0.0,0.0,0.0,0.0,45.32,40.26,244.97,349.58,257.4
118.7917,186.34,15.07,0.0,0.0,0.0,0.0,0.0,0.0,0.0,0.0,0.0,35.2,33.88,244.97,349.58,262.02
118.8017,146.19,106.15,0.0,0.0,0.0,0.0,0.0,0.0,0.0,0.0,0.0,25.19,27.5,242.55,347.27,269.06
118.8117,88.44,165.22,53.13,29.26,4.29,4.18,0.0,0.0,0.0,0.0,0.0,12.54,19.03,237.6,345.07,273.79
118.8217,70.95,186.12,95.15,39.71,17.27,21.12,9.02,4.51,0.0,0.0,0.0,0.0,10.56,230.34,336.05,278.52
118.8317,62.26,194.37,106.37,43.89,23.87,33.88,18.04,6.71,0.0,0.0,0.0,0.0,6.27,211.09,319.99,280.94
118.8417,51.7,188.21,115.28,45.98,28.16,46.53,31.57,9.02,0.0,0.0,0.0,0.0,4.18,182.82,292.49,283.47
118.8517,41.36,184.03,117.48,50.16,30.36,57.42,40.59,11.22,0.0,0.0,0.0,0.0,4.18,145.75,257.18,286.0
118.8617,35.09,181.94,117.48,52.25,34.65,69.19,51.81,15.73,0.0,0.0,0.0,0.0,6.27,105.82,209.0,286.0
118.8717,31.02,188.21,113.08,58.63,36.85,80.85,58.63,18.04,0.0,0.0,0.0,0.0,6.27,79.53,151.14,286.0
118.8817,28.93,196.46,113.08,62.81,36.85,90.31,65.67,18.04,0.0,0.0,0.0,0.0,6.27,50.38,97.24,280.94
118.8917,26.84,200.64,113.08,69.19,39.05,99.66,75.13,20.24,0.0,0.0,0.0,0.0,6.27,17.6,38.28,257.4
118.9017,24.75,204.71,110.77,75.57,43.34,106.7,82.28,22.55,0.0,0.0,0.0,0.0,4.18,12.54,22.11,176.77
118.9117,24.75,210.98,108.57,79.75,43.34,116.16,87.01,24.75,0.0,0.0,0.0,0.0,4.18,10.01,18.15,126.17
118.9217,22.77,219.23,104.06,88.33,45.54,125.73,94.05,27.06,0.0,0.0,0.0,0.0,0.0,7.48,14.08,110.99
118.9317,22.77,223.41,99.66,94.6,47.74,132.99,98.78,29.26,0.0,0.0,0.0,0.0,0.0,4.95,12.1,99.33
118.9417,20.68,227.59,97.46,98.89,49.94,140.14,105.93,31.57,0.0,0.0,0.0,0.0,0.0,0.0,8.03,73.15
118.9517,20.68,229.68,97.46,105.27,52.03,147.29,113.08,33.77,0.0,0.0,0.0,0.0,0.0,0.0,3.96,30.69
118.9617,20.68,229.68,99.66,109.45,54.23,154.55,117.59,36.08,0.0,0.0,0.0,0.0,0.0,0.0,0.0,8.36
118.9717,20.68,227.59,99.66,115.72,56.43,159.28,124.41,38.28,0.0,0.0,0.0,0.0,0.0,0.0,0.0,0.0
118.9817,18.59,225.5,99.66,119.9,58.63,166.54,128.92,40.59,0.0,0.0,0.0,0.0,0.0,0.0,0.0,0.0
118.9917,18.59,223.41,95.15,123.97,60.72,171.16,133.43,42.79,0.0,0.0,0.0,0.0,0.0,0.0,0.0,0.0
119.0017,18.59,221.32,90.75,130.24,62.92,175.78,137.94,45.1,0.0,0.0,0.0,0.0,0.0,0.0,0.0,0.0
119.0117,18.59,215.05,86.24,134.31,65.01,180.4,142.56,47.3,0.0,0.0,0.0,0.0,0.0,0.0,0.0,0.0
119.0217,18.59,210.98,81.84,140.58,67.21,187.22,147.07,49.61,0.0,0.0,0.0,0.0,0.0,0.0,0.0,0.0
119.0317,16.5,204.71,77.33,144.76,69.3,189.53,151.58,49.61,0.0,0.0,0.0,0.0,0.0,0.0,0.0,0.0
119.0417,16.5,196.46,72.93,148.83,71.5,194.15,153.89,51.81,0.0,0.0,0.0,0.0,0.0,0.0,0.0,0.0
119.0517,16.5,190.19,66.22,153.01,73.59,198.66,158.4,54.12,0.0,0.0,0.0,0.0,0.0,0.0,0.0,0.0
119.0617,16.5,181.94,61.71,157.08,75.79,200.97,162.91,56.32,0.0,0.0,0.0,0.0,0.0,0.0,0.0,0.0
119.0717,16.5,175.78,53.13,161.26,75.79,205.59,165.22,56.32,0.0,0.0,0.0,0.0,0.0,0.0,0.0,0.0
119.0817,16.5,165.22,47.19,165.44,77.88,207.9,169.84,58.63,0.0,0.0,0.0,0.0,0.0,0.0,0.0,0.0
119.0917,14.41,156.42,41.25,169.62,80.08,212.41,172.15,60.72,0.0,0.0,0.0,0.0,0.0,0.0,0.0,0.0
119.1017,14.41,145.42,35.42,173.8,80.08,214.72,176.77,60.72,0.0,0.0,0.0,0.0,0.0,0.0,0.0,0.0
119.1117,14.41,136.62,29.48,176.0,82.17,217.03,179.08,62.92,0.0,0.0,0.0,0.0,0.0,0.0,0.0,0.0
119.1217,14.41,125.62,23.54,180.18,82.17,221.65,181.5,65.12,0.0,0.0,0.0,0.0,0.0,0.0,0.0,0.0
119.1317,14.41,114.62,19.58,182.38,82.17,223.96,186.12,65.12,0.0,0.0,0.0,0.0,0.0,0.0,0.0,0.0
119.1417,12.32,102.19,15.73,186.56,84.37,228.47,188.43,67.32,0.0,0.0,0.0,0.0,0.0,0.0,0.0,0.0
119.1517,12.32,92.29,11.77,190.85,84.37,230.78,190.74,67.32,0.0,0.0,0.0,0.0,0.0,0.0,0.0,0.0
119.1617,12.32,80.3,9.79,192.94,84.37,235.4,193.05,69.41,0.0,0.0,0.0,0.0,0.0,0.0,0.0,0.0
119.1717,12.32,70.4,9.79,197.23,84.37,240.02,195.47,69.41,0.0,0.0,0.0,0.0,0.0,0.0,0.0,0.0
119.1817,12.32,58.52,7.81,201.41,82.17,244.64,197.78,71.61,0.0,0.0,0.0,0.0,0.0,0.0,0.0,0.0
119.1917,10.34,48.95,7.81,205.7,82.17,249.26,197.78,73.81,0.0,0.0,0.0,0.0,0.0,0.0,0.0,0.0
119.2017,10.34,39.49,5.83,209.88,82.17,253.88,200.09,73.81,0.0,0.0,0.0,0.0,0.0,0.0,0.0,0.0
119.2117,8.25,32.01,5.83,214.17,82.17,258.5,202.4,76.01,0.0,0.0,0.0,0.0,0.0,0.0,0.0,0.0
119.2217,8.25,24.42,5.83,216.26,82.17,263.12,204.71,78.21,0.0,0.0,0.0,0.0,0.0,0.0,0.0,0.0
119.2317,6.16,16.94,3.85,218.46,82.17,267.74,209.44,80.3,0.0,0.0,0.0,0.0,0.0,0.0,0.0,0.0
119.2417,6.16,13.09,3.85,216.26,82.17,272.36,211.75,82.5,0.0,0.0,0.0,0.0,0.0,0.0,0.0,0.0
119.2517,4.07,9.35,0.0,214.17,80.08,276.98,214.06,84.7,0.0,0.0,0.0,0.0,0.0,0.0,0.0,0.0
119.2617,4.07,7.48,0.0,207.79,77.88,281.49,218.68,89.1,0.0,0.0,0.0,0.0,0.0,0.0,0.0,0.0
119.2717,4.07,7.48,0.0,201.41,73.59,285.89,220.99,93.39,13.64,0.0,0.0,0.0,0.0,0.0,0.0,0.0
119.2817,0.0,5.61,0.0,195.03,71.5,290.29,223.41,97.79,15.95,0.0,0.0,0.0,0.0,0.0,0.0,0.0
119.2916,0.0,3.74,0.0,188.65,65.01,294.69,225.61,102.08,18.26,0.0,0.0,0.0,0.0,0.0,0.0,0.0
119.3016,0.0,3.74,0.0,180.18,60.72,299.09,225.61,104.28,22.88,0.0,0.0,0.0,0.0,0.0,0.0,0.0
119.3116,0.0,0.0,0.0,171.71,56.43,301.29,227.92,108.68,27.39,0.0,0.0,0.0,0.0,0.0,0.0,0.0
119.3216,0.0,0.0,0.0,163.35,49.94,305.8,227.92,113.08,38.83,0.0,0.0,0.0,0.0,0.0,0.0,0.0
119.3316,0.0,0.0,0.0,155.1,45.54,308.0,225.61,117.59,78.65,0.0,0.0,0.0,0.0,0.0,0.0,0.0
119.3416,0.0,0.0,0.0,144.76,39.05,310.2,225.61,122.21,143.99,0.0,0.0,0.0,0.0,0.0,0.0,0.0
119.3516,0.0,0.0,0.0,132.33,32.56,312.4,223.41,124.52,130.35,31.35,51.26,0.0,0.0,0.0,0.0,0.0
119.3616,0.0,0.0,0.0,115.72,23.87,312.4,220.99,129.03,59.51,79.86,98.56,0.0,16.94,0.0,26.18,0.0
119.3716,0.0,0.0,0.0,96.8,15.18,310.2,218.68,133.65,34.32,118.14,122.98,7.48,14.74,17.6,38.28,5.5
119.3816,0.0,0.0,0.0,75.57,8.58,301.29,211.75,138.27,29.7,126.83,132.22,10.01,19.03,27.72,52.47,8.36
119.3916,0.0,0.0,0.0,48.07,6.49,288.09,202.4,145.09,20.57,122.54,136.84,12.54,23.21,42.79,66.11,13.86
119.4016,0.0,0.0,0.0,20.9,6.49,263.12,183.81,154.33,13.64,126.83,132.22,15.07,27.5,57.97,80.41,16.72
119.4116,0.0,0.0,0.0,12.54,6.49,214.72,149.38,165.77,11.44,129.03,127.6,20.13,29.59,69.85,94.82,22.33
119.4216,0.0,0.0,0.0,10.45,8.58,144.98,108.24,182.16,9.13,135.52,127.6,22.66,33.88,81.84,109.23,27.83
119.4316,0.0,0.0,0.0,8.36,8.58,88.0,68.09,196.46,9.13,142.01,129.91,25.19,35.97,93.83,120.89,33.44
119.4416,0.0,0.0,0.0,6.27,6.49,46.53,27.06,194.04,9.13,150.7,132.22,30.14,38.06,103.4,132.55,39.05
119.4516,0.0,0.0,0.0,6.27,6.49,21.12,18.04,135.96,9.13,157.3,134.53,32.67,40.26,113.08,144.21,47.41
119.4616,0.0,0.0,0.0,4.18,4.29,12.65,13.53,80.3,6.82,163.79,134.53,37.73,42.35,123.09,153.56,55.77
119.4716,0.0,0.0,0.0,4.18,4.29,10.56,11.22,49.61,6.82,168.19,136.84,40.26,44.44,133.21,160.49,67.32
119.4816,0.0,0.0,0.0,0.0,0.0,6.27,6.71,36.08,6.82,172.37,136.84,45.32,48.73,140.8,169.95,76.01
119.4916,0.0,0.0,0.0,0.0,0.0,4.18,4.51,31.57,6.82,176.55,136.84,47.85,50.82,145.75,177.21,84.81
119.5016,0.0,0.0,0.0,0.0,0.0,0.0,0.0,18.04,6.82,178.64,134.53,50.38,52.91,153.34,187.0,93.5
119.5116,0.0,0.0,0.0,0.0,0.0,0.0,0.0,0.0,6.82,178.64,132.22,52.91,55.11,158.4,194.37,102.19
119.5216,0.0,0.0,0.0,0.0,0.0,0.0,0.0,0.0,4.51,178.64,132.22,57.97,57.53,163.46,199.21,110.99
119.5316,0.0,0.0,0.0,0.0,0.0,0.0,0.0,0.0,6.82,176.55,127.6,60.39,60.06,171.05,206.47,116.05
119.5416,0.0,0.0,0.0,0.0,0.0,0.0,0.0,0.0,6.82,174.46,125.29,60.39,62.59,173.36,213.84,123.64
119.5516,0.0,0.0,0.0,0.0,0.0,0.0,0.0,0.0,4.51,172.37,122.98,65.45,65.12,178.09,218.68,128.7
119.5616,0.0,0.0,0.0,0.0,0.0,0.0,0.0,0.0,4.51,168.19,118.36,65.45,67.65,182.82,225.94,133.76
119.5716,0.0,0.0,0.0,0.0,0.0,0.0,0.0,0.0,4.51,163.79,111.65,67.98,67.65,185.13,228.36,136.29
119.5816,0.0,0.0,0.0,0.0,0.0,0.0,0.0,0.0,4.51,157.3,107.25,70.4,70.18,189.86,233.2,141.35
119.5916,0.0,0.0,0.0,0.0,0.0,0.0,0.0,0.0,4.51,152.9,98.56,72.93,70.18,192.17,237.93,143.88
119.6016,0.0,0.0,0.0,0.0,0.0,0.0,0.0,0.0,4.51,146.41,92.07,75.46,72.71,194.59,240.35,146.41
119.6116,0.0,0.0,0.0,0.0,0.0,0.0,0.0,0.0,4.51,139.92,83.38,75.46,75.24,196.9,245.19,148.94
119.6216,0.0,0.0,0.0,0.0,0.0,0.0,0.0,0.0,4.51,133.32,76.78,77.99,75.24,199.32,247.61,151.47
119.6316,0.0,0.0,0.0,0.0,0.0,0.0,0.0,0.0,4.51,126.83,68.09,80.41,77.77,201.63,249.92,154.0
119.6416,0.0,0.0,0.0,0.0,0.0,0.0,0.0,0.0,4.51,120.34,61.6,80.41,77.77,203.94,252.34,156.53
119.6516,0.0,0.0,0.0,0.0,0.0,0.0,0.0,0.0,4.51,113.85,55.11,82.94,77.77,203.94,254.76,156.53
119.6616,0.0,0.0,0.0,0.0,0.0,0.0,0.0,0.0,4.51,107.47,49.39,82.94,80.3,206.36,257.18,159.06
119.6716,0.0,0.0,0.0,0.0,0.0,0.0,0.0,0.0,4.51,101.09,43.67,85.47,80.3,208.67,262.02,161.59
119.6816,0.0,0.0,0.0,0.0,0.0,0.0,0.0,0.0,0.0,94.71,37.95,85.47,80.3,211.09,264.33,164.12
119.6916,0.0,0.0,0.0,0.0,0.0,0.0,0.0,0.0,0.0,88.33,34.1,88.0,80.3,211.09,266.75,166.76
119.7016,0.0,0.0,0.0,0.0,0.0,0.0,0.0,0.0,0.0,81.95,30.36,88.0,82.83,215.82,271.59,169.18
119.7116,0.0,0.0,0.0,0.0,0.0,0.0,0.0,0.0,4.51,75.57,26.51,90.53,82.83,215.82,276.43,174.24
119.7216,0.0,0.0,0.0,0.0,0.0,0.0,0.0,0.0,0.0,67.1,22.77,90.53,85.25,220.55,280.94,176.77
119.7316,0.0,0.0,0.0,0.0,0.0,0.0,0.0,0.0,0.0,60.72,18.92,92.95,85.25,222.97,283.25,179.19
119.7416,0.0,0.0,0.0,0.0,0.0,0.0,0.0,0.0,0.0,54.34,17.05,92.95,85.25,225.39,285.56,181.72
119.7516,0.0,0.0,0.0,0.0,0.0,0.0,0.0,0.0,0.0,45.98,13.2,95.48,85.25,230.34,290.18,184.25
119.7616,0.0,0.0,0.0,0.0,0.0,0.0,0.0,0.0,0.0,37.62,11.33,98.01,85.25,232.76,292.49,189.31
119.7716,0.0,0.0,0.0,0.0,0.0,0.0,0.0,0.0,0.0,29.26,11.33,100.54,85.25,237.6,297.0,191.73
119.7816,0.0,0.0,0.0,0.0,0.0,0.0,0.0,0.0,0.0,20.9,9.46,100.54,82.83,240.13,299.31,196.79
119.7916,0.0,0.0,0.0,0.0,0.0,0.0,0.0,0.0,0.0,14.63,7.59,100.54,82.83,244.97,303.93,201.85
119.8016,0.0,0.0,0.0,0.0,0.0,0.0,0.0,0.0,0.0,10.45,5.61,98.01,82.83,247.39,306.24,204.27
119.8116,0.0,0.0,0.0,0.0,0.0,0.0,0.0,0.0,0.0,6.27,3.74,95.48,80.3,249.92,310.86,209.33
119.8216,12.32,0.0,0.0,0.0,0.0,0.0,0.0,0.0,0.0,4.18,3.74,90.53,77.77,249.92,315.37,216.81
119.8316,18.59,0.0,0.0,0.0,0.0,0.0,0.0,0.0,0.0,4.18,0.0,85.47,75.24,252.34,319.99,224.4
119.8416,20.68,0.0,0.0,0.0,0.0,0.0,0.0,0.0,0.0,0.0,0.0,80.41,70.18,252.34,324.61,231.55
119.8516,26.84,0.0,0.0,0.0,0.0,0.0,0.0,0.0,0.0,0.0,0.0,72.93,65.12,254.76,329.23,238.59
119.8616,33.11,0.0,0.0,0.0,0.0,0.0,0.0,0.0,0.0,0.0,0.0,67.98,60.06,254.76,333.74,245.63
119.8716,35.09,0.0,0.0,0.0,0.0,0.0,0.0,0.0,0.0,0.0,0.0,60.39,52.91,257.18,338.25,252.67
119.8816,57.97,0.0,0.0,0.0,0.0,0.0,0.0,0.0,0.0,0.0,0.0,52.91,46.53,259.71,340.56,259.71
119.8916,92.73,0.0,0.0,0.0,0.0,0.0,0.0,0.0,0.0,0.0,0.0,42.79,40.26,259.71,342.76,266.75
119.9016,130.24,0.0,0.0,0.0,0.0,0.0,0.0,0.0,0.0,0.0,0.0,32.67,33.88,259.71,342.76,271.48
119.9116,182.27,0.0,0.0,0.0,0.0,0.0,0.0,0.0,0.0,0.0,0.0,22.66,25.41,257.18,340.56,276.1
119.9216,164.01,86.35,0.0,0.0,0.0,0.0,0.0,0.0,0.0,0.0,0.0,10.01,16.94,249.92,336.05,278.52
119.9316,108.02,173.69,5.83,12.54,0.0,0.0,0.0,0.0,0.0,0.0,0.0,0.0,10.56,237.6,326.92,283.47
119.9416,66.66,190.19,64.02,45.98,6.49,19.03,0.0,0.0,0.0,0.0,0.0,0.0,6.27,215.82,313.17,283.47
119.9516,62.26,206.8,92.95,52.25,15.18,40.26,4.51,0.0,0.0,0.0,0.0,0.0,4.18,189.86,285.56,286.0
119.9616,49.61,204.71,104.06,58.63,25.96,59.73,15.73,6.71,0.0,0.0,0.0,0.0,6.27,155.87,245.19,286.0
119.9716,39.27,198.55,113.08,62.81,32.56,76.23,29.26,11.22,0.0,0.0,0.0,0.0,6.27,115.5,189.42,283.47
119.9816,33.11,196.46,115.28,67.1,34.65,90.31,40.59,13.53,0.0,0.0,0.0,0.0,8.47,86.68,130.24,283.47
119.9916,28.93,206.8,115.28,73.48,39.05,102.08,49.61,15.73,0.0,0.0,0.0,0.0,8.47,52.91,73.26,276.1
120.0016,24.75,217.14,115.28,79.75,41.25,113.85,58.63,18.04,0.0,0.0,0.0,0.0,6.27,17.6,26.18,229.24
120.0116,24.75,225.5,117.48,86.13,43.34,123.42,65.67,20.24,0.0,0.0,0.0,0.0,6.27,12.54,20.13,141.35
120.0216,22.77,231.77,119.68,92.51,45.54,130.57,72.82,22.55,0.0,0.0,0.0,0.0,4.18,10.01,18.15,108.02
120.0316,22.77,240.13,119.68,98.89,45.54,137.72,79.86,22.55,0.0,0.0,0.0,0.0,4.18,7.48,14.08,96.36
120.0416,20.68,250.58,115.28,105.27,47.74,147.29,84.59,24.75,0.0,0.0,0.0,0.0,0.0,4.95,10.01,84.81
120.0516,20.68,258.94,110.77,113.63,49.94,152.13,87.01,27.06,0.0,0.0,0.0,0.0,0.0,0.0,6.05,55.77
120.0616,20.68,265.21,106.37,119.9,49.94,159.28,91.74,27.06,0.0,0.0,0.0,0.0,0.0,0.0,3.96,19.47
120.0716,20.68,267.3,104.06,126.06,52.03,166.54,96.47,29.26,0.0,0.0,0.0,0.0,0.0,0.0,0.0,5.5
120.0816,18.59,267.3,101.86,130.24,54.23,171.16,98.78,31.57,0.0,0.0,0.0,0.0,0.0,0.0,0.0,0.0
120.0916,18.59,265.21,97.46,134.31,54.23,175.78,103.51,31.57,0.0,0.0,0.0,0.0,0.0,0.0,0.0,0.0
120.1016,18.59,263.12,95.15,140.58,56.43,180.4,105.93,33.77,0.0,0.0,0.0,0.0,0.0,0.0,0.0,0.0
120.1116,18.59,258.94,90.75,144.76,58.63,182.71,108.24,33.77,0.0,0.0,0.0,0.0,0.0,0.0,0.0,0.0
120.1216,16.5,252.67,86.24,148.83,58.63,187.22,110.66,36.08,0.0,0.0,0.0,0.0,0.0,0.0,0.0,0.0
120.1316,16.5,248.49,79.53,150.92,60.72,189.53,113.08,36.08,0.0,0.0,0.0,0.0,0.0,0.0,0.0,0.0
120.1416,16.5,240.13,72.93,155.1,60.72,191.84,113.08,36.08,0.0,0.0,0.0,0.0,0.0,0.0,0.0,0.0
120.1516,16.5,233.86,66.22,159.17,60.72,194.15,115.28,38.28,0.0,0.0,0.0,0.0,0.0,0.0,0.0,0.0
120.1616,16.5,227.59,59.51,163.35,62.92,196.46,115.28,38.28,0.0,0.0,0.0,0.0,0.0,0.0,0.0,0.0
120.1716,16.5,221.32,51.15,167.53,62.92,198.66,117.59,38.28,0.0,0.0,0.0,0.0,0.0,0.0,0.0,0.0
120.1816,14.41,212.96,45.21,169.62,65.01,200.97,117.59,38.28,0.0,0.0,0.0,0.0,0.0,0.0,0.0,0.0
120.1916,14.41,204.71,39.27,173.8,65.01,203.28,119.79,38.28,0.0,0.0,0.0,0.0,0.0,0.0,0.0,0.0
120.2016,14.41,198.55,35.42,178.09,65.01,205.59,119.79,40.59,0.0,0.0,0.0,0.0,0.0,0.0,0.0,0.0
120.2116,14.41,190.19,29.48,180.18,67.21,207.9,122.1,40.59,0.0,0.0,0.0,0.0,0.0,0.0,0.0,0.0
120.2216,14.41,181.94,27.5,184.47,67.21,210.21,124.41,40.59,0.0,0.0,0.0,0.0,0.0,0.0,0.0,0.0
120.2316,14.41,175.78,23.54,188.65,67.21,212.41,126.61,42.79,0.0,0.0,0.0,0.0,0.0,0.0,0.0,0.0
120.2416,12.32,167.53,19.58,192.94,69.3,214.72,128.92,42.79,0.0,0.0,0.0,0.0,0.0,0.0,0.0,0.0
120.2516,12.32,158.62,17.71,197.23,69.3,217.03,131.23,42.79,0.0,0.0,0.0,0.0,0.0,0.0,0.0,0.0
120.2616,12.32,149.82,13.75,201.41,69.3,221.65,133.43,45.1,0.0,0.0,0.0,0.0,0.0,0.0,0.0,0.0
120.2716,12.32,141.02,11.77,205.7,71.5,223.96,135.74,45.1,0.0,0.0,0.0,0.0,0.0,0.0,0.0,0.0
120.2816,12.32,132.22,9.79,209.88,71.5,228.47,137.94,47.3,0.0,0.0,0.0,0.0,0.0,0.0,0.0,0.0
120.2916,10.34,123.42,9.79,216.26,71.5,233.09,140.25,47.3,0.0,0.0,0.0,0.0,0.0,0.0,0.0,0.0
120.3016,10.34,114.62,7.81,220.55,71.5,237.71,142.56,49.61,0.0,0.0,0.0,0.0,0.0,0.0,0.0,0.0
120.3116,10.34,106.15,7.81,226.71,73.59,244.64,147.07,51.81,0.0,0.0,0.0,0.0,0.0,0.0,0.0,0.0
120.3216,10.34,98.23,5.83,232.43,73.59,249.26,149.38,51.81,0.0,0.0,0.0,0.0,0.0,0.0,0.0,0.0
120.3316,10.34,88.33,5.83,238.15,73.59,253.88,151.58,54.12,0.0,0.0,0.0,0.0,0.0,0.0,0.0,0.0
120.3416,10.34,80.3,5.83,242.0,73.59,258.5,156.09,56.32,0.0,0.0,0.0,0.0,0.0,0.0,0.0,0.0
120.3516,10.34,70.4,5.83,247.72,73.59,265.43,158.4,56.32,0.0,0.0,0.0,0.0,0.0,0.0,0.0,0.0
120.3616,8.25,60.5,5.83,251.57,73.59,270.05,162.91,58.63,0.0,0.0,0.0,0.0,0.0,0.0,0.0,0.0
120.3716,8.25,50.82,5.83,255.31,73.59,274.67,165.22,60.72,0.0,0.0,0.0,0.0,0.0,0.0,0.0,0.0
120.3816,8.25,43.34,3.85,257.29,73.59,279.29,167.53,60.72,0.0,0.0,0.0,0.0,0.0,0.0,0.0,0.0
120.3916,6.16,33.88,3.85,259.16,75.79,283.69,172.15,62.92,0.0,0.0,0.0,0.0,0.0,0.0,0.0,0.0
120.4016,6.16,24.42,3.85,261.14,75.79,288.09,174.46,65.12,6.82,0.0,0.0,0.0,0.0,0.0,0.0,0.0
120.4116,6.16,16.94,0.0,259.16,75.79,290.29,179.08,65.12,6.82,0.0,0.0,0.0,0.0,0.0,0.0,0.0
120.4216,4.07,11.22,0.0,257.29,73.59,294.69,181.5,67.32,11.44,0.0,0.0,0.0,0.0,0.0,0.0,0.0
120.4316,4.07,9.35,0.0,249.59,71.5,301.29,186.12,71.61,13.64,0.0,0.0,0.0,0.0,0.0,0.0,0.0
120.4416,0.0,7.48,0.0,242.0,67.21,305.8,188.43,73.81,18.26,0.0,0.0,0.0,0.0,0.0,0.0,0.0
120.4516,0.0,5.61,0.0,234.3,62.92,310.2,190.74,78.21,22.88,0.0,0.0,0.0,0.0,0.0,0.0,0.0
120.4616,0.0,3.74,0.0,224.84,58.63,314.6,193.05,82.5,45.76,0.0,0.0,0.0,0.0,0.0,0.0,0.0
120.4716,0.0,0.0,0.0,214.17,52.03,319.0,195.47,86.9,73.81,0.0,0.0,0.0,0.0,0.0,0.0,0.0
120.4816,0.0,0.0,0.0,203.61,45.54,323.4,195.47,91.19,97.79,0.0,0.0,0.0,0.0,0.0,0.0,0.0
120.4916,0.0,0.0,0.0,188.65,39.05,325.6,197.78,97.79,146.3,0.0,3.74,0.0,0.0,0.0,0.0,0.0
120.5016,0.0,0.0,0.0,171.71,32.56,327.8,197.78,104.28,109.67,31.35,57.2,0.0,0.0,0.0,0.0,0.0
120.5116,0.0,0.0,0.0,153.01,23.87,327.8,197.78,110.88,64.35,86.13,92.07,10.01,14.74,15.07,22.11,5.5
120.5216,0.0,0.0,0.0,130.24,15.18,325.6,195.47,115.28,61.93,107.47,111.65,12.54,19.03,25.19,38.28,8.36
120.5316,0.0,0.0,0.0,105.27,8.58,319.0,188.43,122.21,54.89,101.09,127.6,12.54,23.21,32.67,52.47,11.11
120.5416,0.0,0.0,0.0,73.48,6.49,308.0,172.15,131.34,43.45,103.18,132.22,15.07,25.41,45.32,66.11,13.86
120.5516,0.0,0.0,0.0,37.62,6.49,285.89,151.58,142.78,34.32,105.27,136.84,17.6,29.59,57.97,80.41,16.72
120.5616,0.0,0.0,0.0,16.72,6.49,240.02,119.79,156.53,29.7,107.47,141.35,17.6,31.79,65.12,94.82,19.47
120.5716,0.0,0.0,0.0,12.54,8.58,164.12,82.28,175.12,27.39,111.65,148.28,20.13,33.88,72.27,109.23,25.08
120.5816,0.0,0.0,0.0,10.45,8.58,95.04,45.1,187.0,25.08,118.14,157.52,20.13,35.97,79.53,123.2,27.83
120.5916,0.0,0.0,0.0,8.36,6.49,52.91,20.24,172.7,25.08,122.54,166.76,22.66,38.06,86.68,134.86,33.44
120.6016,0.0,0.0,0.0,8.36,6.49,23.21,15.73,117.59,22.88,129.03,173.69,22.66,40.26,91.41,146.52,39.05
120.6116,0.0,0.0,0.0,6.27,4.29,14.74,13.53,76.01,22.88,135.52,178.42,25.19,44.44,96.25,155.87,44.66
120.6216,0.0,0.0,0.0,6.27,4.29,10.56,9.02,54.12,20.57,142.01,183.04,27.72,44.44,103.4,165.11,53.02
120.6316,0.0,0.0,0.0,4.18,0.0,8.47,6.71,42.79,20.57,148.61,185.46,30.14,46.53,108.24,172.37,58.63
120.6416,0.0,0.0,0.0,4.18,0.0,4.18,0.0,31.57,20.57,155.1,187.77,32.67,48.73,113.08,179.63,67.32
120.6516,0.0,0.0,0.0,0.0,0.0,0.0,0.0,15.73,18.26,159.39,185.46,35.2,50.82,120.56,184.58,76.01
120.6616,0.0,0.0,0.0,0.0,0.0,0.0,0.0,0.0,18.26,163.79,183.04,35.2,52.91,123.09,189.42,81.84
120.6716,0.0,0.0,0.0,0.0,0.0,0.0,0.0,0.0,15.95,165.99,180.73,40.26,52.91,130.68,196.79,90.53
120.6816,0.0,0.0,0.0,0.0,0.0,0.0,0.0,0.0,15.95,165.99,178.42,40.26,55.11,133.21,201.63,96.36
120.6916,0.0,0.0,0.0,0.0,0.0,0.0,0.0,0.0,15.95,163.79,176.11,42.79,57.53,138.27,206.47,102.19
120.7016,0.0,0.0,0.0,0.0,0.0,0.0,0.0,0.0,13.64,161.59,171.38,45.32,57.53,143.22,213.84,108.02
120.7116,0.0,0.0,0.0,0.0,0.0,0.0,0.0,0.0,13.64,157.3,166.76,47.85,60.06,145.75,218.68,113.52
120.7215,0.0,0.0,0.0,0.0,0.0,0.0,0.0,0.0,11.44,155.1,162.14,50.38,62.59,150.81,223.52,118.58
120.7315,0.0,0.0,0.0,0.0,0.0,0.0,0.0,0.0,11.44,150.7,155.21,52.91,65.12,155.87,225.94,123.64
120.7415,0.0,0.0,0.0,0.0,0.0,0.0,0.0,0.0,11.44,148.61,150.59,52.91,65.12,158.4,230.78,126.17
120.7515,0.0,0.0,0.0,0.0,0.0,0.0,0.0,0.0,9.13,146.41,143.66,55.44,67.65,160.93,233.2,128.7
120.7615,0.0,0.0,0.0,0.0,0.0,0.0,0.0,0.0,9.13,142.01,139.15,57.97,67.65,163.46,235.51,131.23
120.7715,0.0,0.0,0.0,0.0,0.0,0.0,0.0,0.0,9.13,139.92,132.22,60.39,70.18,168.52,237.93,133.76
120.7815,0.0,0.0,0.0,0.0,0.0,0.0,0.0,0.0,9.13,137.72,125.29,62.92,70.18,171.05,240.35,136.29
120.7915,0.0,0.0,0.0,0.0,0.0,0.0,0.0,0.0,9.13,135.52,118.36,65.45,70.18,173.36,240.35,138.82
120.8015,0.0,0.0,0.0,0.0,0.0,0.0,0.0,0.0,9.13,133.32,109.45,67.98,72.71,178.09,242.77,141.35
120.8115,0.0,0.0,0.0,0.0,0.0,0.0,0.0,0.0,9.13,131.23,100.76,70.4,72.71,180.4,242.77,143.88
120.8215,0.0,0.0,0.0,0.0,0.0,0.0,0.0,0.0,6.82,126.83,92.07,70.4,72.71,182.82,242.77,146.41
120.8315,0.0,0.0,0.0,0.0,0.0,0.0,0.0,0.0,6.82,122.54,83.38,72.93,72.71,187.44,245.19,148.94
120.8415,0.0,0.0,0.0,0.0,0.0,0.0,0.0,0.0,6.82,118.14,76.78,75.46,75.24,189.86,247.61,151.47
120.8515,0.0,0.0,0.0,0.0,0.0,0.0,0.0,0.0,6.82,113.85,68.09,77.99,75.24,192.17,249.92,151.47
120.8615,0.0,0.0,0.0,0.0,0.0,0.0,0.0,0.0,6.82,109.56,61.6,80.41,75.24,194.59,252.34,154.0
120.8715,0.0,0.0,0.0,0.0,0.0,0.0,0.0,0.0,4.51,105.27,57.2,82.94,77.77,199.32,254.76,156.53
120.8815,0.0,0.0,0.0,0.0,0.0,0.0,0.0,0.0,6.82,101.09,51.26,82.94,77.77,201.63,257.18,159.06
120.8915,0.0,0.0,0.0,0.0,0.0,0.0,0.0,0.0,6.82,98.89,45.54,85.47,77.77,203.94,259.6,161.59
120.9015,0.0,0.0,0.0,0.0,0.0,0.0,0.0,0.0,4.51,94.71,39.82,88.0,77.77,206.36,262.02,161.59
120.9115,0.0,0.0,0.0,0.0,0.0,0.0,0.0,0.0,4.51,88.33,34.1,90.53,80.3,211.09,264.33,166.76
120.9215,0.0,0.0,0.0,0.0,0.0,0.0,0.0,0.0,4.51,84.04,28.49,92.95,80.3,213.4,266.75,169.18
120.9315,0.0,0.0,0.0,0.0,0.0,0.0,0.0,0.0,4.51,75.57,24.64,95.48,80.3,218.13,269.17,169.18
120.9415,0.0,0.0,0.0,0.0,0.0,0.0,0.0,0.0,4.51,67.1,18.92,98.01,80.3,222.97,274.01,174.24
120.9515,0.0,0.0,0.0,0.0,0.0,0.0,0.0,0.0,4.51,58.63,15.18,98.01,80.3,227.81,276.43,176.77
120.9615,0.0,0.0,0.0,0.0,0.0,0.0,0.0,0.0,4.51,48.07,13.2,102.96,80.3,232.76,280.94,181.72
120.9715,0.0,0.0,0.0,0.0,0.0,0.0,0.0,0.0,4.51,35.53,11.33,105.49,80.3,237.6,283.25,184.25
120.9815,4.07,0.0,0.0,0.0,0.0,0.0,0.0,0.0,0.0,25.08,9.46,108.02,77.77,242.55,285.56,189.31
120.9915,12.32,0.0,0.0,0.0,0.0,0.0,0.0,0.0,0.0,16.72,7.59,108.02,77.77,247.39,290.18,194.26
121.0015,18.59,0.0,0.0,0.0,0.0,0.0,0.0,0.0,0.0,10.45,5.61,105.49,77.77,252.34,292.49,199.32
121.0115,22.77,0.0,0.0,0.0,0.0,0.0,0.0,0.0,0.0,6.27,3.74,102.96,72.71,257.18,297.0,209.33
121.0215,24.75,0.0,0.0,0.0,0.0,0.0,0.0,0.0,0.0,4.18,3.74,98.01,67.65,262.13,301.62,214.39
121.0315,28.93,0.0,0.0,0.0,0.0,0.0,0.0,0.0,0.0,0.0,0.0,92.95,62.59,264.55,303.93,224.4
121.0415,49.61,0.0,0.0,0.0,0.0,0.0,0.0,0.0,0.0,0.0,0.0,88.0,55.11,269.5,308.55,231.55
121.0515,81.84,0.0,0.0,0.0,0.0,0.0,0.0,0.0,0.0,0.0,0.0,80.41,48.73,271.92,310.86,238.59
121.0615,120.34,0.0,0.0,0.0,0.0,0.0,0.0,0.0,0.0,0.0,0.0,72.93,42.35,276.76,310.86,245.63
121.0715,158.07,9.35,0.0,0.0,0.0,0.0,0.0,0.0,0.0,0.0,0.0,65.45,33.88,279.29,313.17,252.67
121.0815,130.24,80.3,0.0,0.0,0.0,0.0,0.0,0.0,0.0,0.0,0.0,55.44,29.59,279.29,313.17,259.71
121.0915,90.53,138.82,3.85,20.9,0.0,0.0,0.0,0.0,0.0,0.0,0.0,42.79,21.12,279.29,310.86,266.75
121.1015,90.53,149.82,55.11,41.8,0.0,10.56,0.0,0.0,0.0,0.0,0.0,30.14,14.74,276.76,308.55,271.48
121.1115,90.53,158.62,81.84,45.98,12.98,23.21,6.71,4.51,0.0,0.0,0.0,15.07,8.47,269.5,297.0,273.79
121.1215,75.35,169.51,88.55,52.25,19.47,40.26,15.73,6.71,0.0,0.0,0.0,0.0,6.27,257.18,280.94,276.1
121.1315,64.46,175.78,95.15,54.34,23.87,50.82,24.75,9.02,0.0,0.0,0.0,0.0,6.27,232.76,254.76,278.52
121.1415,57.97,177.87,97.46,58.63,28.16,59.73,31.57,11.22,0.0,0.0,0.0,0.0,6.27,194.59,216.26,280.94
121.1515,51.7,184.03,99.66,60.72,28.16,69.19,38.28,13.53,0.0,0.0,0.0,0.0,6.27,148.28,169.95,280.94
121.1615,49.61,194.37,99.66,65.01,30.36,76.23,42.79,13.53,0.0,0.0,0.0,0.0,8.47,103.4,118.58,278.52
121.1715,47.52,206.8,99.66,69.19,30.36,83.27,47.3,15.73,0.0,0.0,0.0,0.0,8.47,67.54,66.11,266.75
